train_loss,train_acc,test_map,test_map50,test_map_small,test_map_large
0.561719560832308,0.789653314172804,0.0,0.0,0.0,-1.0
0.3749763186563525,0.86635607929113,0.0,0.0,0.0,-1.0
0.36212215820948285,0.8651026392961877,0.10297029465436935,0.2574257552623749,0.0,-1.0
0.294802269914694,0.8873670931699406,0.07722771912813187,0.2574257552623749,0.0,-1.0
0.2938228150208791,0.8879549315925959,0.07722771912813187,0.2574257552623749,0.0,-1.0
0.276885616413334,0.893419423315054,0.10297029465436935,0.2574257552623749,0.0,-1.0
0.27400349211274533,0.8946659482758621,0.0,0.0,0.0,-1.0
0.2514235285813348,0.9026351049575704,0.05148514732718468,0.2574257552623749,0.0,-1.0
0.24131697429376736,0.9094646446190389,0.07722771912813187,0.2574257552623749,0.0,-1.0
0.2376696849078463,0.9121140142517815,0.05148514732718468,0.2574257552623749,0.0,-1.0
