,train_loss,train_dice,train_iou,train_acc,train_sens,train_spec,val_loss,val_dice,val_iou,val_acc,val_sens,val_spec,test_dice,test_iou,test_acc,test_sens,test_spec
0,0.5733914060322686,0.600939929485321,0.42953169345855713,0.7636657953262329,0.5742089152336121,0.8487439155578613,0.5802092633490888,0.752846360206604,0.6036517024040222,0.7780739068984985,0.869287371635437,0.7200444936752319,0.8425607085227966,0.7279523611068726,0.9082313776016235,0.8387358784675598,0.9370002746582031
1,0.5311375619088436,0.6566927433013916,0.4888629615306854,0.7693442106246948,0.7118586897850037,0.795158863067627,0.5359398270943703,0.7547323107719421,0.6060803532600403,0.7821975946426392,0.8618483543395996,0.7315242886543274,0.8425607085227966,0.7279523611068726,0.9082313776016235,0.8387358784675598,0.9370002746582031
2,0.52614939022985,0.6755124926567078,0.5100181698799133,0.7760074138641357,0.7523481845855713,0.7866320013999939,0.48731786077513634,0.7528505921363831,0.603657066822052,0.7775665521621704,0.871294379234314,0.7179375290870667,0.8425607085227966,0.7279523611068726,0.9082313776016235,0.8387358784675598,0.9370002746582031
3,0.522221831501308,0.6800318956375122,0.5151882171630859,0.770398736000061,0.787311851978302,0.7628035545349121,0.43450769460271393,0.749601423740387,0.5994899868965149,0.7709404826164246,0.8817844390869141,0.7004223465919495,0.8425607085227966,0.7279523611068726,0.9082313776016235,0.8387358784675598,0.9370002746582031
4,0.5348885584012014,0.6849972009658813,0.5209093689918518,0.769916296005249,0.807253897190094,0.7531492710113525,0.6361965439011937,0.7498729228973389,0.5998373031616211,0.7707750797271729,0.8836989402770996,0.6989336609840393,0.8425607085227966,0.7279523611068726,0.9082313776016235,0.8387358784675598,0.9370002746582031
5,0.5253235321495118,0.6881632208824158,0.5245800018310547,0.768741250038147,0.8234024047851562,0.7441949248313904,0.4247629629547489,0.7477688193321228,0.5971491932868958,0.7665833830833435,0.8898482918739319,0.6881631016731262,0.8425607085227966,0.7279523611068726,0.9082313776016235,0.8387358784675598,0.9370002746582031
6,0.5351468541380883,0.6914833784103394,0.5284484028816223,0.7686034440994263,0.8367772698402405,0.737989068031311,0.6690034414266812,0.7494340538978577,0.5992758870124817,0.7692985534667969,0.8873138427734375,0.6942180395126343,0.8425607085227966,0.7279523611068726,0.9082313776016235,0.8387358784675598,0.9370002746582031
7,0.5222734633852754,0.6967244744300842,0.5345949530601501,0.7736343145370483,0.8390425443649292,0.7442618608474731,0.5048132515081711,0.7489442825317383,0.598649799823761,0.7680156230926514,0.889925479888916,0.6904574036598206,0.8425607085227966,0.7279523611068726,0.9082313776016235,0.8387358784675598,0.9370002746582031
8,0.532645084517865,0.7014034986495972,0.5401243567466736,0.7769623398780823,0.845300555229187,0.7462741136550903,0.6301265634087685,0.7479084730148315,0.5973272919654846,0.7680333256721497,0.8849756717681885,0.6936353445053101,0.8425607085227966,0.7279523611068726,0.9082313776016235,0.8387358784675598,0.9370002746582031
9,0.5167573339011846,0.7062937617301941,0.5459461212158203,0.7818383574485779,0.8464479446411133,0.752824604511261,0.43151473640902416,0.7489742040634155,0.5986880660057068,0.7703918218612671,0.880950391292572,0.7000551819801331,0.8425607085227966,0.7279523611068726,0.9082313776016235,0.8387358784675598,0.9370002746582031
10,0.523803845012465,0.7088990211486816,0.5490655899047852,0.7833869457244873,0.8510892391204834,0.7529844045639038,0.5654300906168264,0.7503344416618347,0.6004281640052795,0.7721124291419983,0.8807090520858765,0.7030239701271057,0.8425607085227966,0.7279523611068726,0.9082313776016235,0.8387358784675598,0.9370002746582031
11,0.5204166907723671,0.7118274569511414,0.55258709192276,0.785692572593689,0.8541004061698914,0.7549731731414795,0.4969108709097734,0.7518143653869629,0.6023257374763489,0.774276852607727,0.8792768120765686,0.7074765563011169,0.8425607085227966,0.7279523611068726,0.9082313776016235,0.8387358784675598,0.9370002746582031
12,0.5217874328505434,0.7149761915206909,0.5563914775848389,0.7886372804641724,0.8554381728172302,0.7586394548416138,0.5062020792527089,0.7512034177780151,0.6015418171882629,0.7723854780197144,0.883748471736908,0.7015370726585388,0.8425607085227966,0.7279523611068726,0.9082313776016235,0.8387358784675598,0.9370002746582031
13,0.5238962543824242,0.7166811227798462,0.5584591627120972,0.7897460460662842,0.8581127524375916,0.7590451240539551,0.5431597205000682,0.752562403678894,0.603286623954773,0.7741746306419373,0.8832123279571533,0.7048056125640869,0.8425607085227966,0.7279523611068726,0.9082313776016235,0.8387358784675598,0.9370002746582031
14,0.5263818266901813,0.7160333395004272,0.5576727986335754,0.7881121039390564,0.8620285391807556,0.7549189329147339,0.5291298538168199,0.753970742225647,0.6050987243652344,0.7768524289131165,0.8793777227401733,0.7116265296936035,0.8425607085227966,0.7279523611068726,0.9082313776016235,0.8387358784675598,0.9370002746582031
15,0.5293459881918448,0.7183999419212341,0.5605493187904358,0.7921075820922852,0.8557007908821106,0.7635501623153687,0.5280531288538639,0.7552869915962219,0.6067960262298584,0.7790237665176392,0.8770331144332886,0.7166708707809448,0.8425607085227966,0.7279523611068726,0.9082313776016235,0.8387358784675598,0.9370002746582031
16,0.5189204142469888,0.7199302911758423,0.5624149441719055,0.7934437394142151,0.8566674590110779,0.765052318572998,0.4817705153649904,0.7544174194335938,0.6056742668151855,0.7770635485649109,0.880665123462677,0.7111527919769287,0.8425607085227966,0.7279523611068726,0.9082313776016235,0.8387358784675598,0.9370002746582031
17,0.5302192486438021,0.7202453017234802,0.5627995133399963,0.7927771806716919,0.8607762455940247,0.7622412443161011,0.6311834834622101,0.7544225454330444,0.6056810021400452,0.7778890132904053,0.8774287700653076,0.7145624756813049,0.8425607085227966,0.7279523611068726,0.9082313776016235,0.8387358784675598,0.9370002746582031
18,0.51904159854497,0.7225207686424255,0.5655832290649414,0.795076847076416,0.8609156012535095,0.7655110955238342,0.46321061982874545,0.7545344233512878,0.6058251261711121,0.7775595188140869,0.8792608380317688,0.7128579616546631,0.8425607085227966,0.7279523611068726,0.9082313776016235,0.8387358784675598,0.9370002746582031
19,0.5303570080322394,0.7234213948249817,0.5666877031326294,0.7953646779060364,0.8635808229446411,0.764731228351593,0.6559898288528885,0.7548959851264954,0.6062914729118347,0.7776997089385986,0.8804246783256531,0.7123468518257141,0.8425607085227966,0.7279523611068726,0.9082313776016235,0.8387358784675598,0.9370002746582031
20,0.5258184321420255,0.7247055172920227,0.5682652592658997,0.7961834073066711,0.8656718134880066,0.7649786472320557,0.5729582917762146,0.7554997205734253,0.6070707440376282,0.7782847285270691,0.8809800744056702,0.7129506468772888,0.8425607085227966,0.7279523611068726,0.9082313776016235,0.8387358784675598,0.9370002746582031
21,0.5187083239642263,0.7261523604393005,0.5700464844703674,0.7974017262458801,0.8667703866958618,0.7662509083747864,0.5207076372514452,0.7556881904602051,0.6073141694068909,0.7780709266662598,0.8827303051948547,0.7114872932434082,0.8425607085227966,0.7279523611068726,0.9082313776016235,0.8387358784675598,0.9370002746582031
22,0.5330739540793263,0.727391242980957,0.5715749263763428,0.7984076738357544,0.8678642511367798,0.7672173380851746,0.6630508026656714,0.7565309405326843,0.6084035038948059,0.7790491580963135,0.8828645944595337,0.7130025029182434,0.8425607085227966,0.7279523611068726,0.9082313776016235,0.8387358784675598,0.9370002746582031
23,0.5195847305411829,0.7288290858268738,0.5733526945114136,0.799551248550415,0.8692322969436646,0.7682599425315857,0.5076076867236479,0.7571529746055603,0.6092084050178528,0.7797204256057739,0.8831622004508972,0.7139115929603577,0.8425607085227966,0.7279523611068726,0.9082313776016235,0.8387358784675598,0.9370002746582031
24,0.5277877734696682,0.7306907773017883,0.5756601691246033,0.8014785051345825,0.8690394163131714,0.7711394429206848,0.5910664285804597,0.7576558589935303,0.6098598837852478,0.7803852558135986,0.8829100728034973,0.7151597142219543,0.8425607085227966,0.7279523611068726,0.9082313776016235,0.8387358784675598,0.9370002746582031
25,0.5164169435205298,0.7316359281539917,0.5768343806266785,0.8021908402442932,0.8700950145721436,0.7716975808143616,0.43062527250920457,0.7583725452423096,0.6107891798019409,0.7812415361404419,0.8829108476638794,0.7165601849555969,0.8425607085227966,0.7279523611068726,0.9082313776016235,0.8387358784675598,0.9370002746582031
26,0.5175509866286889,0.7322633266448975,0.5776146650314331,0.8024868965148926,0.8715751767158508,0.7714619040489197,0.46910742699945107,0.7588271498680115,0.6113791465759277,0.7816026210784912,0.8836442232131958,0.7166845202445984,0.8425607085227966,0.7279523611068726,0.9082313776016235,0.8387358784675598,0.9370002746582031
27,0.523491439852137,0.7328475713729858,0.578342080116272,0.8027476668357849,0.8730242848396301,0.7711890339851379,0.551745757901452,0.759565532207489,0.6123383045196533,0.7825651168823242,0.8833101391792297,0.7184718251228333,0.8425607085227966,0.7279523611068726,0.9082313776016235,0.8387358784675598,0.9370002746582031
28,0.5169607332691575,0.7341167330741882,0.5799245238304138,0.8041386604309082,0.8725139498710632,0.7734338641166687,0.4235775936134463,0.7601898312568665,0.6131501793861389,0.7832995057106018,0.8833441734313965,0.7196517586708069,0.8425607085227966,0.7279523611068726,0.9082313776016235,0.8387358784675598,0.9370002746582031
29,0.5161714759821583,0.7353798747062683,0.5815025568008423,0.805248498916626,0.8732112646102905,0.7747288942337036,0.5016160660060931,0.760786235332489,0.6139265894889832,0.7840169072151184,0.8833072781562805,0.7208490967750549,0.8425607085227966,0.7279523611068726,0.9082313776016235,0.8387358784675598,0.9370002746582031
30,0.5129136406587733,0.7368265986442566,0.5833138823509216,0.8066619634628296,0.8733538389205933,0.7767130136489868,0.4194146444199633,0.7611061930656433,0.6143434047698975,0.7845996618270874,0.882474958896637,0.7223320603370667,0.8425607085227966,0.7279523611068726,0.9082313776016235,0.8387358784675598,0.9370002746582031
31,0.5219139656032015,0.7371314764022827,0.5836961269378662,0.8066654205322266,0.8747130036354065,0.7761077880859375,0.4990784741522327,0.7616307139396667,0.6150270700454712,0.7851961851119995,0.8825750350952148,0.7232443690299988,0.8425607085227966,0.7279523611068726,0.9082313776016235,0.8387358784675598,0.9370002746582031
32,0.5163648658213814,0.7379657030105591,0.5847430229187012,0.807515025138855,0.8746303915977478,0.7773759961128235,0.45346524446811737,0.7620882391929626,0.615623950958252,0.785642147064209,0.8829663395881653,0.7237251996994019,0.8425607085227966,0.7279523611068726,0.9082313776016235,0.8387358784675598,0.9370002746582031
33,0.5283370406750957,0.7390504479408264,0.5861063003540039,0.8083963990211487,0.8755296468734741,0.7782493233680725,0.667597208712087,0.7619681358337402,0.6154671907424927,0.7861725687980652,0.8801982998847961,0.7263540625572205,0.8425607085227966,0.7279523611068726,0.9082313776016235,0.8387358784675598,0.9370002746582031
34,0.5177041263809063,0.740223228931427,0.5875828266143799,0.809611976146698,0.8752890825271606,0.7801188826560974,0.4597656797378935,0.762270450592041,0.6158617734909058,0.7863138318061829,0.8810850381851196,0.7260209321975708,0.8425607085227966,0.7279523611068726,0.9082313776016235,0.8387358784675598,0.9370002746582031
35,0.5274318845079918,0.7405877113342285,0.5880423188209534,0.8097354173660278,0.8763825297355652,0.7798064947128296,0.5903311066460728,0.7628393769264221,0.6166049838066101,0.7869822382926941,0.8810933232307434,0.727109432220459,0.8425607085227966,0.7279523611068726,0.9082313776016235,0.8387358784675598,0.9370002746582031
36,0.5179353707948007,0.7416460514068604,0.5893779397010803,0.8107284903526306,0.876630425453186,0.781134307384491,0.5305019766352392,0.7633219361305237,0.6172357201576233,0.7878385186195374,0.879896879196167,0.729271650314331,0.8425607085227966,0.7279523611068726,0.9082313776016235,0.8387358784675598,0.9370002746582031
37,0.5230202861486131,0.7429816126823425,0.5910665988922119,0.8121063709259033,0.876345694065094,0.783258855342865,0.5968541992654499,0.7637403607368469,0.6177831292152405,0.7883478999137878,0.8798210024833679,0.7301533818244934,0.8425607085227966,0.7279523611068726,0.9082313776016235,0.8387358784675598,0.9370002746582031
38,0.518153514615136,0.7439702749252319,0.5923190712928772,0.8129906058311462,0.8767554759979248,0.7843560576438904,0.5272316156833541,0.7642781138420105,0.6184871792793274,0.7891036868095398,0.8792980313301086,0.7317225933074951,0.8425607085227966,0.7279523611068726,0.9082313776016235,0.8387358784675598,0.9370002746582031
39,0.517109296547374,0.7450754046440125,0.5937212109565735,0.8140343427658081,0.8769420385360718,0.7857847809791565,0.5198653726547551,0.764603853225708,0.6189138889312744,0.7895002961158752,0.8792334198951721,0.7324126362800598,0.8425607085227966,0.7279523611068726,0.9082313776016235,0.8387358784675598,0.9370002746582031
40,0.522062671684415,0.7460542321205139,0.5949653387069702,0.814894437789917,0.8774022459983826,0.7868244051933289,0.5890959427310273,0.7651335597038269,0.6196083426475525,0.7901813983917236,0.8789738416671753,0.7336922287940979,0.8425607085227966,0.7279523611068726,0.9082313776016235,0.8387358784675598,0.9370002746582031
41,0.5129653981300138,0.7469941973686218,0.5961617827415466,0.8156886696815491,0.877987802028656,0.7877123951911926,0.4440775230767386,0.7653995156288147,0.6199573278427124,0.7905392050743103,0.8787750005722046,0.7344042062759399,0.8425607085227966,0.7279523611068726,0.9082313776016235,0.8387358784675598,0.9370002746582031
42,0.5176911686525504,0.7477277517318726,0.5970967411994934,0.8163255453109741,0.8783596158027649,0.7884683609008789,0.5349398895763164,0.7659005522727966,0.6206149458885193,0.7910233736038208,0.8791951537132263,0.734929084777832,0.8425607085227966,0.7279523611068726,0.9082313776016235,0.8387358784675598,0.9370002746582031
43,0.5155848446247115,0.7486136555671692,0.5982274413108826,0.8171113729476929,0.8787238001823425,0.7894435524940491,0.512166528874825,0.7662836313247681,0.6211181282997131,0.7915875315666199,0.8786980509757996,0.736168384552002,0.8425607085227966,0.7279523611068726,0.9082313776016235,0.8387358784675598,0.9370002746582031
44,0.5162394476122936,0.7494998574256897,0.5993601083755493,0.8178772330284119,0.8791792392730713,0.7903487086296082,0.5322431136478487,0.7667582631111145,0.6217420697212219,0.7922375202178955,0.8782837986946106,0.7374955415725708,0.8425607085227966,0.7279523611068726,0.9082313776016235,0.8387358784675598,0.9370002746582031
45,0.5230124410278909,0.7504090070724487,0.6005237102508545,0.8187021613121033,0.8794504404067993,0.7914223074913025,0.5644073518460484,0.7671597599983215,0.6222701668739319,0.7928255796432495,0.8777672648429871,0.7387863993644714,0.8425607085227966,0.7279523611068726,0.9082313776016235,0.8387358784675598,0.9370002746582031
46,0.5146754099087135,0.7513742446899414,0.601760983467102,0.8196414709091187,0.8794204592704773,0.7927969098091125,0.47114544293103205,0.767734706401825,0.6230270862579346,0.7936156988143921,0.8772410750389099,0.7404138445854187,0.8425607085227966,0.7279523611068726,0.9082313776016235,0.8387358784675598,0.9370002746582031
47,0.517089758672136,0.7519993782043457,0.6025633215904236,0.8201934695243835,0.8796701431274414,0.7934846878051758,0.5192377281046874,0.7680820822715759,0.6234847903251648,0.794023871421814,0.8772143125534058,0.7410987019538879,0.8425607085227966,0.7279523611068726,0.9082313776016235,0.8387358784675598,0.9370002746582031
48,0.5234355302703557,0.7529743909835815,0.6038163900375366,0.8211719989776611,0.8794754147529602,0.7949900031089783,0.618642923846086,0.7685670256614685,0.6241241097450256,0.7945770025253296,0.8772454261779785,0.741983950138092,0.8425607085227966,0.7279523611068726,0.9082313776016235,0.8387358784675598,0.9370002746582031
49,0.5285065623882762,0.7533530592918396,0.6043034791946411,0.8213837742805481,0.880224347114563,0.7949607372283936,0.6851538383844781,0.7688108682632446,0.6244457960128784,0.7948611974716187,0.8772339820861816,0.7424561977386475,0.8425607085227966,0.7279523611068726,0.9082313776016235,0.8387358784675598,0.9370002746582031
50,0.5152096894407611,0.7542039752006531,0.6053993105888367,0.822304904460907,0.8797094225883484,0.7965264916419983,0.46952003199152914,0.7692204117774963,0.6249862909317017,0.7954105138778687,0.8769043684005737,0.7435646653175354,0.8425607085227966,0.7279523611068726,0.9082313776016235,0.8387358784675598,0.9370002746582031
51,0.524719804813069,0.7548692226409912,0.6062570214271545,0.822884738445282,0.8799938559532166,0.7972390055656433,0.623446521438357,0.7696518301963806,0.6255561113357544,0.7960011959075928,0.8765016198158264,0.7447873950004578,0.8425607085227966,0.7279523611068726,0.9082313776016235,0.8387358784675598,0.9370002746582031
52,0.516952139761242,0.7557072639465332,0.6073387861251831,0.8236632347106934,0.8801075220108032,0.7983160614967346,0.5414348661775438,0.769932746887207,0.6259273290634155,0.7961793541908264,0.8771253228187561,0.7446821331977844,0.8425607085227966,0.7279523611068726,0.9082313776016235,0.8387358784675598,0.9370002746582031
53,0.51734348027716,0.756010890007019,0.6077311635017395,0.8238182663917542,0.8807815909385681,0.7982381582260132,0.5291541469466957,0.7703086137771606,0.6264243721961975,0.7965311408042908,0.8774728178977966,0.7450366020202637,0.8425607085227966,0.7279523611068726,0.9082313776016235,0.8387358784675598,0.9370002746582031
54,0.5214073289304817,0.756718099117279,0.6086456179618835,0.8244929313659668,0.8807822465896606,0.7992154955863953,0.5791254127781091,0.7704434394836426,0.6266027688980103,0.7968069911003113,0.8769515156745911,0.7458195090293884,0.8425607085227966,0.7279523611068726,0.9082313776016235,0.8387358784675598,0.9370002746582031
55,0.510088410207228,0.7574212551116943,0.6095559597015381,0.8251259326934814,0.8809674382209778,0.8000495433807373,0.42495898073374927,0.7709017992019653,0.6272092461585999,0.7973200082778931,0.8770086169242859,0.7466226816177368,0.8425607085227966,0.7279523611068726,0.9082313776016235,0.8387358784675598,0.9370002746582031
56,0.5116255772800055,0.7578521966934204,0.6101144552230835,0.8254355788230896,0.8814740180969238,0.800270676612854,0.43855138938306726,0.7711161971092224,0.627493143081665,0.7977269291877747,0.8763113617897034,0.7477319836616516,0.8425607085227966,0.7279523611068726,0.9082313776016235,0.8387358784675598,0.9370002746582031
57,0.509341501689615,0.7586055397987366,0.6110914945602417,0.8261828422546387,0.8813148736953735,0.8014250993728638,0.43160839470860446,0.7714186310768127,0.6278938055038452,0.7980372309684753,0.8764680624008179,0.7481400370597839,0.8425607085227966,0.7279523611068726,0.9082313776016235,0.8387358784675598,0.9370002746582031
58,0.5140410525090088,0.7591774463653564,0.6118339896202087,0.8266574144363403,0.8816598057746887,0.8019578456878662,0.5044756731865492,0.771704912185669,0.6282732486724854,0.7984263300895691,0.8762017488479614,0.7489461302757263,0.8425607085227966,0.7279523611068726,0.9082313776016235,0.8387358784675598,0.9370002746582031
59,0.5087674902520808,0.7598224878311157,0.6126723885536194,0.8272375464439392,0.881817638874054,0.8027276396751404,0.4028563545434348,0.7721395492553711,0.6288495659828186,0.7989444136619568,0.876109778881073,0.7498522996902466,0.8425607085227966,0.7279523611068726,0.9082313776016235,0.8387358784675598,0.9370002746582031
60,0.512202456970254,0.7606008052825928,0.613685131072998,0.8279715180397034,0.8818285465240479,0.8037863373756409,0.4858819427317268,0.7722560167312622,0.6290041208267212,0.7989824414253235,0.8765244483947754,0.7496507167816162,0.8425607085227966,0.7279523611068726,0.9082313776016235,0.8387358784675598,0.9370002746582031
61,0.5137540259199174,0.7608411312103271,0.6139980554580688,0.8281007409095764,0.8823302984237671,0.8037481307983398,0.468594269882888,0.772611677646637,0.6294761300086975,0.7993960976600647,0.8764923214912415,0.7503479719161987,0.8425607085227966,0.7279523611068726,0.9082313776016235,0.8387358784675598,0.9370002746582031
62,0.5199658521384807,0.761206865310669,0.6144745945930481,0.8283937573432922,0.882599413394928,0.8040519952774048,0.5698608186899325,0.7728659510612488,0.6298137903213501,0.7996928691864014,0.8764633536338806,0.7508520483970642,0.8425607085227966,0.7279523611068726,0.9082313776016235,0.8387358784675598,0.9370002746582031
63,0.5131574267651346,0.761846661567688,0.6153088808059692,0.8290327787399292,0.8824163675308228,0.8050601482391357,0.44730127343047527,0.7732071876525879,0.6302670836448669,0.8000076413154602,0.8767896294593811,0.7511595487594604,0.8425607085227966,0.7279523611068726,0.9082313776016235,0.8387358784675598,0.9370002746582031
64,0.5179039063579429,0.762149453163147,0.6157038807868958,0.8292249441146851,0.882896900177002,0.8051227927207947,0.5459989510201109,0.7736559510231018,0.6308637261390686,0.8006249070167542,0.8763251304626465,0.7524649500846863,0.8425607085227966,0.7279523611068726,0.9082313776016235,0.8387358784675598,0.9370002746582031
65,0.527976898618329,0.7628202438354492,0.6165800094604492,0.8300007581710815,0.882147490978241,0.8065836429595947,0.6486276756675565,0.7739381790161133,0.6312391757965088,0.8009576201438904,0.8762747645378113,0.7530413269996643,0.8425607085227966,0.7279523611068726,0.9082313776016235,0.8387358784675598,0.9370002746582031
66,0.5147118178580969,0.7629562020301819,0.6167576313018799,0.8300079107284546,0.8827734589576721,0.8063127994537354,0.4567976609395908,0.7739956974983215,0.6313155889511108,0.8008790612220764,0.8769083619117737,0.7525097131729126,0.8425607085227966,0.7279523611068726,0.9082313776016235,0.8387358784675598,0.9370002746582031
67,0.5246626759837221,0.7631309032440186,0.6169860363006592,0.8300833106040955,0.8832354545593262,0.8062146306037903,0.6368892252152354,0.7742738127708435,0.631685733795166,0.8011425137519836,0.8771423697471619,0.7527918815612793,0.8425607085227966,0.7279523611068726,0.9082313776016235,0.8387358784675598,0.9370002746582031
68,0.5073791888197483,0.7636610269546509,0.617679238319397,0.830591082572937,0.8831838369369507,0.8069735169410706,0.37231253953313004,0.7744583487510681,0.6319313645362854,0.8014602661132812,0.8766658902168274,0.7536150217056274,0.8425607085227966,0.7279523611068726,0.9082313776016235,0.8387358784675598,0.9370002746582031
69,0.5221631360573636,0.764175295829773,0.6183525919914246,0.8310309052467346,0.8834065794944763,0.8075109720230103,0.5606174409601963,0.7748480439186096,0.6324506402015686,0.8019434213638306,0.876487135887146,0.7545192837715149,0.8425607085227966,0.7279523611068726,0.9082313776016235,0.8387358784675598,0.9370002746582031
70,0.515003473755594,0.7647073864936829,0.619049608707428,0.8315181136131287,0.8834661841392517,0.808190107345581,0.5133970350667709,0.7750497460365295,0.6327193975448608,0.8021556735038757,0.8765613436698914,0.7548192739486694,0.8425607085227966,0.7279523611068726,0.9082313776016235,0.8387358784675598,0.9370002746582031
71,0.5165009452101517,0.7651948928833008,0.6196888089179993,0.8319394588470459,0.8836493492126465,0.8087184429168701,0.5631544743953365,0.7754310965538025,0.6332278251647949,0.8026793599128723,0.8761565089225769,0.7559337019920349,0.8425607085227966,0.7279523611068726,0.9082313776016235,0.8387358784675598,0.9370002746582031
72,0.5153848376204556,0.7657057642936707,0.6203591823577881,0.8323934078216553,0.8837738037109375,0.8093202710151672,0.529771723335893,0.7757703065872192,0.6336804032325745,0.8030410408973694,0.8762568831443787,0.7564616203308105,0.8425607085227966,0.7279523611068726,0.9082313776016235,0.8387358784675598,0.9370002746582031
73,0.5187640413349621,0.7663211226463318,0.6211673617362976,0.8329771161079407,0.8837244510650635,0.8101884126663208,0.5793951270567592,0.7760730981826782,0.6340845227241516,0.8032888770103455,0.8766794204711914,0.7565983533859253,0.8425607085227966,0.7279523611068726,0.9082313776016235,0.8387358784675598,0.9370002746582031
74,0.5206244300842994,0.7667551636695862,0.6217380166053772,0.8333047032356262,0.8841332197189331,0.810479462146759,0.6326230542940765,0.7763662934303284,0.6344760656356812,0.803717851638794,0.8762452602386475,0.7575764060020447,0.8425607085227966,0.7279523611068726,0.9082313776016235,0.8387358784675598,0.9370002746582031
75,0.515724500257684,0.7673277258872986,0.6224912405014038,0.8338534832000732,0.8840505480766296,0.8113117814064026,0.5135052771101674,0.7765556573867798,0.6347290873527527,0.8038064241409302,0.8768060803413391,0.7573645710945129,0.8425607085227966,0.7279523611068726,0.9082313776016235,0.8387358784675598,0.9370002746582031
76,0.5216526387143829,0.7675710916519165,0.6228116750717163,0.8340139985084534,0.8844017386436462,0.81138676404953,0.6108504861209059,0.7768840193748474,0.6351678371429443,0.8041759133338928,0.8768131136894226,0.7579646706581116,0.8425607085227966,0.7279523611068726,0.9082313776016235,0.8387358784675598,0.9370002746582031
77,0.5252633317026173,0.768114447593689,0.6235273480415344,0.8344932794570923,0.8845400214195251,0.8120191097259521,0.676533441210091,0.7769775390625,0.6352929472923279,0.8042299747467041,0.8770443797111511,0.7579059600830078,0.8425607085227966,0.7279523611068726,0.9082313776016235,0.8387358784675598,0.9370002746582031
78,0.5149758657862313,0.7685506939888,0.6241025924682617,0.8349053859710693,0.8845027089118958,0.8126330971717834,0.5389051873613777,0.7772926688194275,0.6357143521308899,0.8045406937599182,0.877246618270874,0.7582857608795166,0.8425607085227966,0.7279523611068726,0.9082313776016235,0.8387358784675598,0.9370002746582031
79,0.5169636047571695,0.7688195109367371,0.6244571805000305,0.8350954055786133,0.8848211765289307,0.8127654194831848,0.5280774011221097,0.7776061296463013,0.6361338496208191,0.8049010634422302,0.877217710018158,0.7588936686515808,0.8425607085227966,0.7279523611068726,0.9082313776016235,0.8387358784675598,0.9370002746582031
80,0.5214633314980374,0.7692041397094727,0.6249648928642273,0.8354651927947998,0.8847508430480957,0.8133327960968018,0.5808683174865434,0.777747392654419,0.6363229155540466,0.8049551248550415,0.8776910305023193,0.7586811780929565,0.8425607085227966,0.7279523611068726,0.9082313776016235,0.8387358784675598,0.9370002746582031
81,0.5198999733241878,0.7694258093833923,0.6252576112747192,0.8355932235717773,0.8851677179336548,0.813331127166748,0.5233741240514296,0.7780721783638,0.6367578506469727,0.8054218292236328,0.8772388100624084,0.7597323656082153,0.8425607085227966,0.7279523611068726,0.9082313776016235,0.8387358784675598,0.9370002746582031
82,0.5135593087821922,0.77008056640625,0.6261228322982788,0.8362751603126526,0.8847583532333374,0.8145031332969666,0.44751379268700364,0.7780914306640625,0.6367836594581604,0.8052899837493896,0.8779312968254089,0.7590759992599487,0.8425607085227966,0.7279523611068726,0.9082313776016235,0.8387358784675598,0.9370002746582031
83,0.5167171100332753,0.7700385451316833,0.6260672211647034,0.836128830909729,0.8853392601013184,0.8140301704406738,0.4985818335199223,0.7782362103462219,0.6369776129722595,0.8054203391075134,0.878079354763031,0.7591951489448547,0.8425607085227966,0.7279523611068726,0.9082313776016235,0.8387358784675598,0.9370002746582031
84,0.5224762930161865,0.7702301740646362,0.6263206601142883,0.8363057374954224,0.885341227054596,0.8142857551574707,0.5506007827767576,0.7783365249633789,0.637112021446228,0.805424153804779,0.8785728812217712,0.7588874697685242,0.8425607085227966,0.7279523611068726,0.9082313776016235,0.8387358784675598,0.9370002746582031
85,0.5151244921381334,0.770534098148346,0.6267226338386536,0.8365394473075867,0.8855971693992615,0.8145094513893127,0.48906847955907284,0.7785766124725342,0.6374338269233704,0.8057790398597717,0.8781920671463013,0.7597103714942932,0.8425607085227966,0.7279523611068726,0.9082313776016235,0.8387358784675598,0.9370002746582031
86,0.5197060134478355,0.7709709405899048,0.6273007988929749,0.8369237184524536,0.8857026696205139,0.8150188326835632,0.5612820389189921,0.7788143754005432,0.6377527117729187,0.8060060143470764,0.8783770203590393,0.759964108467102,0.8425607085227966,0.7279523611068726,0.9082313776016235,0.8387358784675598,0.9370002746582031
87,0.5212579788858365,0.771340012550354,0.6277896761894226,0.8372191190719604,0.8859492540359497,0.8153362274169922,0.6244296760695862,0.7790488004684448,0.6380670666694641,0.8063651919364929,0.8779446482658386,0.7608268857002258,0.8425607085227966,0.7279523611068726,0.9082313776016235,0.8387358784675598,0.9370002746582031
88,0.5170686956035951,0.7717353701591492,0.6283136010169983,0.8375804424285889,0.8859672546386719,0.8158516883850098,0.5790982982918702,0.7793180346488953,0.6384284496307373,0.8066610097885132,0.877976655960083,0.7612904906272888,0.8425607085227966,0.7279523611068726,0.9082313776016235,0.8387358784675598,0.9370002746582031
89,0.5079038753225387,0.7720398902893066,0.6287174224853516,0.8378636837005615,0.8859533071517944,0.8162683844566345,0.37447567944479854,0.7795137166976929,0.6386911273002625,0.8068039417266846,0.8783266544342041,0.7613017559051514,0.8425607085227966,0.7279523611068726,0.9082313776016235,0.8387358784675598,0.9370002746582031
90,0.5168288604310136,0.7723272442817688,0.629098653793335,0.8380661606788635,0.886293351650238,0.8164091110229492,0.5688304289878139,0.7797921895980835,0.6390650868415833,0.8072013854980469,0.8779415488243103,0.762196958065033,0.8425607085227966,0.7279523611068726,0.9082313776016235,0.8387358784675598,0.9370002746582031
91,0.5181804550269161,0.7728745937347412,0.629825234413147,0.8386246562004089,0.8859924674034119,0.8173534870147705,0.5535622479454869,0.7799574136734009,0.6392870545387268,0.8073517084121704,0.8781020045280457,0.7623408436775208,0.8425607085227966,0.7279523611068726,0.9082313776016235,0.8387358784675598,0.9370002746582031
92,0.5167901203141785,0.7731594443321228,0.6302036643028259,0.83882737159729,0.8863174319267273,0.8175013661384583,0.5395733315493874,0.7802631855010986,0.6396980285644531,0.8077064156532288,0.8780487775802612,0.7629552483558655,0.8425607085227966,0.7279523611068726,0.9082313776016235,0.8387358784675598,0.9370002746582031
93,0.5137230959979981,0.7735943794250488,0.6307818293571472,0.8392242789268494,0.8863314986228943,0.818070113658905,0.49873257964650275,0.7804613709449768,0.6399645209312439,0.8078379034996033,0.8784639835357666,0.762906014919281,0.8425607085227966,0.7279523611068726,0.9082313776016235,0.8387358784675598,0.9370002746582031
94,0.5121492706693671,0.7739717364311218,0.6312837600708008,0.8395649194717407,0.8863624930381775,0.8185498118400574,0.4909731828059027,0.7807142734527588,0.6403045654296875,0.808195948600769,0.8781224489212036,0.7637091875076294,0.8425607085227966,0.7279523611068726,0.9082313776016235,0.8387358784675598,0.9370002746582031
95,0.5172787299176954,0.7744007706642151,0.631854772567749,0.8399277329444885,0.8865306377410889,0.8190000653266907,0.5799176819410282,0.7806912660598755,0.6402736902236938,0.808102548122406,0.8784319758415222,0.7633594870567322,0.8425607085227966,0.7279523611068726,0.9082313776016235,0.8387358784675598,0.9370002746582031
96,0.5183732759861719,0.7747256755828857,0.6322875022888184,0.8402277231216431,0.8865174651145935,0.8194407224655151,0.5840360675635399,0.7809683084487915,0.6406463980674744,0.8084130883216858,0.8784314393997192,0.7638679146766663,0.8425607085227966,0.7279523611068726,0.9082313776016235,0.8387358784675598,0.9370002746582031
97,0.5254324229958174,0.7749837040901184,0.6326313018798828,0.8403950333595276,0.8868999481201172,0.8195114135742188,0.6365898566164296,0.7811223268508911,0.640853762626648,0.8086580634117126,0.878098726272583,0.7644804120063782,0.8425607085227966,0.7279523611068726,0.9082313776016235,0.8387358784675598,0.9370002746582031
98,0.5178889300775411,0.7754080891609192,0.6331970691680908,0.8408519625663757,0.8865171670913696,0.8203453421592712,0.544538245468329,0.7813277840614319,0.6411303281784058,0.8088775277137756,0.8781461715698242,0.7648093104362488,0.8425607085227966,0.7279523611068726,0.9082313776016235,0.8387358784675598,0.9370002746582031
99,0.5172333202933901,0.7755854725837708,0.6334336996078491,0.8409474492073059,0.8868882060050964,0.8203172087669373,0.5424770879665204,0.7815579175949097,0.6414403915405273,0.809114396572113,0.8782411217689514,0.7651363611221313,0.8425607085227966,0.7279523611068726,0.9082313776016235,0.8387358784675598,0.9370002746582031
100,0.5116688992825549,0.7759631276130676,0.6339377164840698,0.8413301110267639,0.886677622795105,0.8209661841392517,0.4913952371714844,0.7816982269287109,0.6416293978691101,0.8093261122703552,0.8779881000518799,0.765643835067749,0.8425607085227966,0.7279523611068726,0.9082313776016235,0.8387358784675598,0.9370002746582031
101,0.5212183880766247,0.7761560678482056,0.6341953277587891,0.841462254524231,0.8869235515594482,0.8210471868515015,0.6083749332281745,0.7818820476531982,0.6418771147727966,0.8094830513000488,0.8782110810279846,0.765758752822876,0.8425607085227966,0.7279523611068726,0.9082313776016235,0.8387358784675598,0.9370002746582031
102,0.5124971207646861,0.776434063911438,0.6345665454864502,0.8417145609855652,0.8869303464889526,0.8214097619056702,0.44882862283191693,0.7820970416069031,0.6421669125556946,0.8097177743911743,0.8782361745834351,0.766126811504364,0.8425607085227966,0.7279523611068726,0.9082313776016235,0.8387358784675598,0.9370002746582031
103,0.524881800892484,0.7766680121421814,0.6348792910575867,0.8419029116630554,0.8870705366134644,0.8216197490692139,0.6280411392842696,0.7821816205978394,0.6422809958457947,0.8097636103630066,0.8784604668617249,0.766059160232544,0.8425607085227966,0.7279523611068726,0.9082313776016235,0.8387358784675598,0.9370002746582031
104,0.5173629061769544,0.7768278121948242,0.6350927948951721,0.8420092463493347,0.8872908353805542,0.8216750025749207,0.4927092357797923,0.7822470664978027,0.642369270324707,0.8097524046897888,0.8788495659828186,0.7657933831214905,0.8425607085227966,0.7279523611068726,0.9082313776016235,0.8387358784675598,0.9370002746582031
105,0.5107204073333169,0.7771154046058655,0.6354771852493286,0.8422496318817139,0.8874121904373169,0.8219687938690186,0.47355358993617513,0.7822515964508057,0.6423754096031189,0.8097589612007141,0.8788431882858276,0.76580810546875,0.8425607085227966,0.7279523611068726,0.9082313776016235,0.8387358784675598,0.9370002746582031
106,0.5131472180945587,0.7774724364280701,0.6359549164772034,0.8425588011741638,0.88750159740448,0.8223766088485718,0.5130825292867836,0.7824360132217407,0.6426241397857666,0.8100193738937378,0.8785909414291382,0.7663944959640503,0.8425607085227966,0.7279523611068726,0.9082313776016235,0.8387358784675598,0.9370002746582031
107,0.5222536042385864,0.7778741121292114,0.6364926695823669,0.8429210782051086,0.887519359588623,0.8228935599327087,0.6406991444481025,0.78255295753479,0.6427820920944214,0.8100927472114563,0.8788557648658752,0.7663461565971375,0.8425607085227966,0.7279523611068726,0.9082313776016235,0.8387358784675598,0.9370002746582031
108,0.5070223029652902,0.7782590985298157,0.6370082497596741,0.8432421088218689,0.8876820802688599,0.823285698890686,0.4421307679684488,0.7826690673828125,0.6429386734962463,0.810280978679657,0.8785834312438965,0.7668275833129883,0.8425607085227966,0.7279523611068726,0.9082313776016235,0.8387358784675598,0.9370002746582031
109,0.5210953545891148,0.7785910367965698,0.6374531388282776,0.8435378670692444,0.8877137303352356,0.8237001299858093,0.5650091500609169,0.78288334608078,0.6432278156280518,0.8105489015579224,0.8784492611885071,0.7673510313034058,0.8425607085227966,0.7279523611068726,0.9082313776016235,0.8387358784675598,0.9370002746582031
110,0.521578967815018,0.7786650657653809,0.6375524997711182,0.8436118960380554,0.8876757025718689,0.8238243460655212,0.5976223039752224,0.7828342318534851,0.6431615948677063,0.810380756855011,0.8789749145507812,0.7667416334152222,0.8425607085227966,0.7279523611068726,0.9082313776016235,0.8387358784675598,0.9370002746582031
111,0.512348401900784,0.7789134979248047,0.6378856301307678,0.8438044786453247,0.8878613114356995,0.824020266532898,0.48308728276072355,0.7829393148422241,0.6433034539222717,0.8106037974357605,0.8784843683242798,0.767418622970581,0.8425607085227966,0.7279523611068726,0.9082313776016235,0.8387358784675598,0.9370002746582031
112,0.5204187243963628,0.7792060971260071,0.6382781267166138,0.8440998792648315,0.8876898288726807,0.8245252370834351,0.5716140384588878,0.7830938696861267,0.6435121893882751,0.8107401132583618,0.8786507248878479,0.7675358653068542,0.8425607085227966,0.7279523611068726,0.9082313776016235,0.8387358784675598,0.9370002746582031
113,0.5074909676690518,0.7794227600097656,0.6385689973831177,0.8442851305007935,0.8877530694007874,0.8247652053833008,0.38418881668533067,0.7832260131835938,0.6436907052993774,0.810835599899292,0.8788910508155823,0.7675391435623169,0.8425607085227966,0.7279523611068726,0.9082313776016235,0.8387358784675598,0.9370002746582031
114,0.509040497062281,0.7796844840049744,0.6389204263687134,0.8444896340370178,0.8879386186599731,0.8249782919883728,0.46571836431178026,0.7833245396614075,0.6438238024711609,0.8110053539276123,0.8786123394966125,0.7679941654205322,0.8425607085227966,0.7279523611068726,0.9082313776016235,0.8387358784675598,0.9370002746582031
115,0.5094474296721493,0.7800515294075012,0.6394134163856506,0.8447990417480469,0.8880681991577148,0.8253684639930725,0.48297369048978184,0.7834673523902893,0.6440167427062988,0.8111358284950256,0.8787448406219482,0.7681233286857605,0.8425607085227966,0.7279523611068726,0.9082313776016235,0.8387358784675598,0.9370002746582031
116,0.5120463640178581,0.7804520130157471,0.6399518847465515,0.8451583385467529,0.8880841732025146,0.8258819580078125,0.5137626614855095,0.7835574746131897,0.6441385746002197,0.8112620115280151,0.8786242604255676,0.7684066891670227,0.8425607085227966,0.7279523611068726,0.9082313776016235,0.8387358784675598,0.9370002746582031
117,0.5064315096426927,0.7808051705360413,0.6404269933700562,0.8454573750495911,0.8881991505622864,0.8262636065483093,0.419582058720272,0.7836892604827881,0.6443166732788086,0.811405599117279,0.8786382079124451,0.768632709980011,0.8425607085227966,0.7279523611068726,0.9082313776016235,0.8387358784675598,0.9370002746582031
118,0.5144169152774553,0.781159520149231,0.6409038305282593,0.8457428812980652,0.888396680355072,0.8265885710716248,0.5367240441493881,0.7838321328163147,0.6445097923278809,0.8116530179977417,0.8782255053520203,0.7693000435829163,0.8425607085227966,0.7279523611068726,0.9082313776016235,0.8387358784675598,0.9370002746582031
119,0.509914699292001,0.7815247178077698,0.641395628452301,0.8461105823516846,0.8881756663322449,0.8272206783294678,0.4564229804994019,0.783909261226654,0.644614040851593,0.811680018901825,0.8784998059272766,0.7691696882247925,0.8425607085227966,0.7279523611068726,0.9082313776016235,0.8387358784675598,0.9370002746582031
120,0.5106775458802848,0.7816925644874573,0.6416217684745789,0.8462212085723877,0.8884101510047913,0.8272756934165955,0.4799300827676758,0.7840934991836548,0.6448632478713989,0.8119720220565796,0.8780922889709473,0.769906759262085,0.8425607085227966,0.7279523611068726,0.9082313776016235,0.8387358784675598,0.9370002746582031
121,0.520305639461498,0.7820441126823425,0.6420956254005432,0.846592366695404,0.8880947828292847,0.8279551267623901,0.5993558405893475,0.784179151058197,0.6449791789054871,0.8120560050010681,0.8781446218490601,0.7700108289718628,0.8425607085227966,0.7279523611068726,0.9082313776016235,0.8387358784675598,0.9370002746582031
122,0.5116618024304856,0.7821175456047058,0.6421945095062256,0.8466045260429382,0.8884068727493286,0.8278326392173767,0.43492110011942153,0.7843742966651917,0.645243227481842,0.8122751712799072,0.8781326413154602,0.7703770995140076,0.8425607085227966,0.7279523611068726,0.9082313776016235,0.8387358784675598,0.9370002746582031
123,0.5124292488659916,0.782440721988678,0.6426304578781128,0.8469051718711853,0.8883497714996338,0.8282938599586487,0.509615438853444,0.784540593624115,0.6454682946205139,0.8124803900718689,0.8780357837677002,0.7707745432853699,0.8425607085227966,0.7279523611068726,0.9082313776016235,0.8387358784675598,0.9370002746582031
124,0.5055236620796109,0.7827632427215576,0.6430657505989075,0.8471730351448059,0.8884781002998352,0.8286244869232178,0.396183815234061,0.7846740484237671,0.6456490159034729,0.8125779628753662,0.8782719969749451,0.7707838416099548,0.8425607085227966,0.7279523611068726,0.9082313776016235,0.8387358784675598,0.9370002746582031
125,0.5141856481812732,0.7830075025558472,0.6433955430984497,0.8473636507987976,0.8886460065841675,0.8288252949714661,0.5545624859587357,0.7848176956176758,0.6458436250686646,0.8126992583274841,0.8784502744674683,0.7708689570426941,0.8425607085227966,0.7279523611068726,0.9082313776016235,0.8387358784675598,0.9370002746582031
126,0.5074620918998833,0.783387303352356,0.6439085602760315,0.8477109670639038,0.8886094093322754,0.8293450474739075,0.45002496766576344,0.78483647108078,0.6458689570426941,0.8126722574234009,0.8786747455596924,0.7706819176673889,0.8425607085227966,0.7279523611068726,0.9082313776016235,0.8387358784675598,0.9370002746582031
127,0.5159263363863931,0.7835419774055481,0.644117534160614,0.8477994203567505,0.8889031410217285,0.8293412923812866,0.5333033960871834,0.7850133180618286,0.6461085677146912,0.8129073977470398,0.8784913420677185,0.7711833715438843,0.8425607085227966,0.7279523611068726,0.9082313776016235,0.8387358784675598,0.9370002746582031
128,0.509279803956917,0.7839101552963257,0.6446152925491333,0.8481677174568176,0.8886804580688477,0.829974889755249,0.3816726139030092,0.7849298119544983,0.6459953784942627,0.8128141760826111,0.8784946799278259,0.7710286974906921,0.8425607085227966,0.7279523611068726,0.9082313776016235,0.8387358784675598,0.9370002746582031
129,0.5163290531512185,0.7840416431427002,0.6447930932044983,0.8482542037963867,0.8888639807701111,0.8300178050994873,0.5520888103204326,0.7851088643074036,0.6462380886077881,0.8130199909210205,0.8784602284431458,0.77138751745224,0.8425607085227966,0.7279523611068726,0.9082313776016235,0.8387358784675598,0.9370002746582031
130,0.5132125851648313,0.7842751741409302,0.6451091766357422,0.8484601378440857,0.8888838887214661,0.8303073048591614,0.4759206267416952,0.7852275371551514,0.6463989019393921,0.8131102323532104,0.8786544799804688,0.7714113593101501,0.8425607085227966,0.7279523611068726,0.9082313776016235,0.8387358784675598,0.9370002746582031
131,0.5166684044716917,0.7845774292945862,0.6455181837081909,0.8487227559089661,0.888930082321167,0.83066725730896,0.5737374525076875,0.7853482961654663,0.6465625762939453,0.8132824301719666,0.878473699092865,0.7718083262443542,0.8425607085227966,0.7279523611068726,0.9082313776016235,0.8387358784675598,0.9370002746582031
132,0.5139981772248479,0.784888505935669,0.6459395885467529,0.8489789962768555,0.889060914516449,0.8309796452522278,0.5237284625187721,0.7854796051979065,0.6467405557632446,0.8134337663650513,0.878445565700531,0.7720737457275391,0.8425607085227966,0.7279523611068726,0.9082313776016235,0.8387358784675598,0.9370002746582031
133,0.5146415146300025,0.7851631045341492,0.6463115215301514,0.8491975665092468,0.8892194628715515,0.8312250971794128,0.534984822609549,0.7855947613716125,0.6468966603279114,0.8135831356048584,0.8783420920372009,0.772383987903595,0.8425607085227966,0.7279523611068726,0.9082313776016235,0.8387358784675598,0.9370002746582031
134,0.5133362861828404,0.7855142951011658,0.6467875838279724,0.8495104908943176,0.8892245292663574,0.8316764235496521,0.5056581231112667,0.7856783866882324,0.647010087966919,0.8136373162269592,0.8785229921340942,0.7723575234413147,0.8425607085227966,0.7279523611068726,0.9082313776016235,0.8387358784675598,0.9370002746582031
135,0.510880876716016,0.7858352661132812,0.6472229957580566,0.8497856259346008,0.8892932534217834,0.8320441246032715,0.4787069819235086,0.7857038378715515,0.6470446586608887,0.8136632442474365,0.8785340189933777,0.7723928689956665,0.8425607085227966,0.7279523611068726,0.9082313776016235,0.8387358784675598,0.9370002746582031
136,0.5085048854589401,0.7860310077667236,0.6474885940551758,0.849937915802002,0.8894255757331848,0.8322054147720337,0.4288903685093245,0.7858824133872986,0.6472868919372559,0.8138730525970459,0.8784761428833008,0.7727729678153992,0.8425607085227966,0.7279523611068726,0.9082313776016235,0.8387358784675598,0.9370002746582031
137,0.512715941655729,0.7861973643302917,0.6477143168449402,0.8500695824623108,0.8895244002342224,0.8323518633842468,0.5123690185877732,0.7859224677085876,0.647341251373291,0.813860297203064,0.8787459135055542,0.7725804448127747,0.8425607085227966,0.7279523611068726,0.9082313776016235,0.8387358784675598,0.9370002746582031
138,0.5192142043224722,0.7864899039268494,0.6481115221977234,0.8503146767616272,0.8896179795265198,0.832664966583252,0.5360794099687484,0.7858943343162537,0.64730304479599,0.8139278888702393,0.8782798051834106,0.7729876041412354,0.8425607085227966,0.7279523611068726,0.9082313776016235,0.8387358784675598,0.9370002746582031
139,0.5182321888574006,0.7866218686103821,0.648290753364563,0.8504225611686707,0.8896759152412415,0.832795262336731,0.5477409883746168,0.7860136032104492,0.6474648118019104,0.8140390515327454,0.878377377986908,0.7731073498725891,0.8425607085227966,0.7279523611068726,0.9082313776016235,0.8387358784675598,0.9370002746582031
140,0.5137355940903829,0.786910355091095,0.6486828327178955,0.8506734371185303,0.889712393283844,0.8331424593925476,0.5160874594968243,0.7860144376754761,0.6474660634994507,0.8140767812728882,0.8782037496566772,0.77327960729599,0.8425607085227966,0.7279523611068726,0.9082313776016235,0.8387358784675598,0.9370002746582031
141,0.5171285398074315,0.7871800661087036,0.6490494012832642,0.850886881351471,0.8898714780807495,0.833380401134491,0.6114062460592349,0.7861604690551758,0.6476642489433289,0.8142237067222595,0.8782719373703003,0.7734766602516174,0.8425607085227966,0.7279523611068726,0.9082313776016235,0.8387358784675598,0.9370002746582031
142,0.5130222975795111,0.7875255346298218,0.6495192646980286,0.8511915802955627,0.8898873925209045,0.8338146805763245,0.5324282329245137,0.7861465215682983,0.6476452946662903,0.8141959309577942,0.878330409526825,0.7733940482139587,0.8425607085227966,0.7279523611068726,0.9082313776016235,0.8387358784675598,0.9370002746582031
143,0.5136281614736282,0.7877981662750244,0.6498902440071106,0.8514081835746765,0.8900418877601624,0.8340591788291931,0.5573153066671517,0.7862765192985535,0.647821843624115,0.8143447637557983,0.8783062100410461,0.7736529111862183,0.8425607085227966,0.7279523611068726,0.9082313776016235,0.8387358784675598,0.9370002746582031
144,0.5151269628928651,0.7880699634552002,0.6502602696418762,0.8516241908073425,0.8901949524879456,0.8343033790588379,0.5750355512959817,0.7863465547561646,0.6479169130325317,0.8144102692604065,0.878362238407135,0.7737244367599487,0.8425607085227966,0.7279523611068726,0.9082313776016235,0.8387358784675598,0.9370002746582031
145,0.5096827888606087,0.7883298993110657,0.650614321231842,0.8518338799476624,0.8903217315673828,0.8345503807067871,0.5139367924386755,0.7865099310874939,0.6481387615203857,0.8146088123321533,0.8782762289047241,0.7741040587425232,0.8425607085227966,0.7279523611068726,0.9082313776016235,0.8387358784675598,0.9370002746582031
146,0.5172993008419643,0.7886431217193604,0.6510410904884338,0.8521066904067993,0.8903532028198242,0.8349315524101257,0.5601901569747492,0.7865951061248779,0.6482543349266052,0.8146888613700867,0.8783423900604248,0.7741929888725281,0.8425607085227966,0.7279523611068726,0.9082313776016235,0.8387358784675598,0.9370002746582031
147,0.5186374399478804,0.7889338731765747,0.651437520980835,0.8523438572883606,0.8904780745506287,0.835219144821167,0.6391936168067454,0.7867404818534851,0.6484519839286804,0.814826488494873,0.8784508109092712,0.7743491530418396,0.8425607085227966,0.7279523611068726,0.9082313776016235,0.8387358784675598,0.9370002746582031
148,0.5110331545715887,0.78924161195755,0.6518572568893433,0.8525993227958679,0.8905827403068542,0.8355423808097839,0.5211799955585523,0.7868275046348572,0.64857017993927,0.8149344325065613,0.8783944249153137,0.7745616436004639,0.8425607085227966,0.7279523611068726,0.9082313776016235,0.8387358784675598,0.9370002746582031
149,0.5172496828983635,0.7895264029502869,0.6522459387779236,0.852846622467041,0.8906130194664001,0.8358870148658752,0.6003412750373147,0.78690105676651,0.6486700773239136,0.8149828910827637,0.8785493969917297,0.7745423316955566,0.8425607085227966,0.7279523611068726,0.9082313776016235,0.8387358784675598,0.9370002746582031
150,0.5098604556037687,0.7896702289581299,0.652442216873169,0.8529545068740845,0.8907301425933838,0.8359909057617188,0.4273966915628315,0.7870169878005981,0.6488276720046997,0.8151542544364929,0.8783429265022278,0.774954080581665,0.8425607085227966,0.7279523611068726,0.9082313776016235,0.8387358784675598,0.9370002746582031
151,0.5093166319841713,0.7899736166000366,0.6528565287590027,0.8532105088233948,0.8908064365386963,0.8363274931907654,0.5076656150447008,0.7870328426361084,0.6488492488861084,0.8151621222496033,0.8783891201019287,0.7749374508857727,0.8425607085227966,0.7279523611068726,0.9082313776016235,0.8387358784675598,0.9370002746582031
152,0.507482034184483,0.7902273535728455,0.6532031893730164,0.8534095883369446,0.8909603953361511,0.8365468978881836,0.4530870290626525,0.787211537361145,0.6490921974182129,0.8153476715087891,0.87844318151474,0.7752067446708679,0.8425607085227966,0.7279523611068726,0.9082313776016235,0.8387358784675598,0.9370002746582031
153,0.5156711052230234,0.7904699444770813,0.6535347700119019,0.8536062836647034,0.8910683393478394,0.8367834687232971,0.5875524169604909,0.7872405052185059,0.6491316556930542,0.8154246807098389,0.8782289028167725,0.7754691243171692,0.8425607085227966,0.7279523611068726,0.9082313776016235,0.8387358784675598,0.9370002746582031
154,0.5092598546667307,0.7907747030258179,0.6539514660835266,0.8538875579833984,0.8909952640533447,0.8372238278388977,0.4717099556607706,0.7872933745384216,0.6492035984992981,0.8154482841491699,0.878394365310669,0.7754023671150208,0.8425607085227966,0.7279523611068726,0.9082313776016235,0.8387358784675598,0.9370002746582031
155,0.5204914154721547,0.7908528447151184,0.6540584564208984,0.8539121747016907,0.8912662863731384,0.8371378183364868,0.5878315274736596,0.7874201536178589,0.6493760347366333,0.8156570196151733,0.8780654072761536,0.7759531140327454,0.8425607085227966,0.7279523611068726,0.9082313776016235,0.8387358784675598,0.9370002746582031
156,0.510643993785238,0.7911101579666138,0.6544104814529419,0.8541706800460815,0.8910743594169617,0.8375986814498901,0.4702018096086353,0.787477433681488,0.64945387840271,0.8157070279121399,0.8781272768974304,0.775995671749115,0.8425607085227966,0.7279523611068726,0.9082313776016235,0.8387358784675598,0.9370002746582031
157,0.5101332217891918,0.7912766337394714,0.6546382904052734,0.8542879223823547,0.8912559151649475,0.8376869559288025,0.4914240690512118,0.7875726222991943,0.6495833396911621,0.8158224821090698,0.8780764937400818,0.7762168645858765,0.8425607085227966,0.7279523611068726,0.9082313776016235,0.8387358784675598,0.9370002746582031
158,0.5153883019658125,0.7914775609970093,0.6549133658409119,0.854451060295105,0.891342282295227,0.8378846049308777,0.5827011495456651,0.7877152562141418,0.6497774124145508,0.8160125017166138,0.8779188394546509,0.7766280770301819,0.8425607085227966,0.7279523611068726,0.9082313776016235,0.8387358784675598,0.9370002746582031
159,0.5069671743217979,0.7917691469192505,0.6553128361701965,0.8547275066375732,0.8912237286567688,0.8383382558822632,0.3877456259970231,0.7877491116523743,0.6498236060142517,0.816038191318512,0.877974271774292,0.7766348123550415,0.8425607085227966,0.7279523611068726,0.9082313776016235,0.8387358784675598,0.9370002746582031
160,0.5102520796947615,0.791985809803009,0.6556096076965332,0.8548839092254639,0.8914344310760498,0.838470458984375,0.5287545166740004,0.787876307964325,0.6499966979026794,0.8162116408348083,0.8778143525123596,0.7770203351974487,0.8425607085227966,0.7279523611068726,0.9082313776016235,0.8387358784675598,0.9370002746582031
161,0.5175020819320764,0.7922860980033875,0.6560213565826416,0.8551526665687561,0.8914084434509277,0.838871419429779,0.5879764135342347,0.7879156470298767,0.6500502228736877,0.8162264823913574,0.8779497146606445,0.7769585251808167,0.8425607085227966,0.7279523611068726,0.9082313776016235,0.8387358784675598,0.9370002746582031
162,0.516872474425366,0.7924391627311707,0.6562312245368958,0.8552572727203369,0.891593337059021,0.8389400839805603,0.5651227455160664,0.7880778312683105,0.6502709984779358,0.8164327144622803,0.8778162598609924,0.7773808836936951,0.8425607085227966,0.7279523611068726,0.9082313776016235,0.8387358784675598,0.9370002746582031
163,0.5229568916500522,0.7926722764968872,0.6565510630607605,0.8554720282554626,0.8915337324142456,0.8392781019210815,0.6759756903441281,0.7881520390510559,0.6503720879554749,0.8164844512939453,0.8779590129852295,0.7773747444152832,0.8425607085227966,0.7279523611068726,0.9082313776016235,0.8387358784675598,0.9370002746582031
164,0.5069636462496939,0.7928487658500671,0.6567931771278381,0.8555983901023865,0.8917120695114136,0.8393810391426086,0.42127697159206084,0.7882546782493591,0.6505118012428284,0.8166331052780151,0.877787172794342,0.7777272462844849,0.8425607085227966,0.7279523611068726,0.9082313776016235,0.8387358784675598,0.9370002746582031
165,0.5081582836839564,0.7931330800056458,0.6571835875511169,0.8558463454246521,0.8917240500450134,0.8397349119186401,0.4797473378244273,0.7883621454238892,0.6506581902503967,0.8167262077331543,0.8779063820838928,0.7778038382530212,0.8425607085227966,0.7279523611068726,0.9082313776016235,0.8387358784675598,0.9370002746582031
166,0.5059305556913122,0.7934005856513977,0.6575509309768677,0.856058657169342,0.8918636441230774,0.8399799466133118,0.46219714954549496,0.7884607911109924,0.65079265832901,0.8168419599533081,0.877871036529541,0.7780157327651978,0.8425607085227966,0.7279523611068726,0.9082313776016235,0.8387358784675598,0.9370002746582031
167,0.520316460486844,0.7936849594116211,0.6579418182373047,0.8562884330749512,0.8919873833656311,0.8402573466300964,0.6306856170193229,0.7885907888412476,0.6509697437286377,0.8169821500778198,0.8778834342956543,0.7782371640205383,0.8425607085227966,0.7279523611068726,0.9082313776016235,0.8387358784675598,0.9370002746582031
168,0.5113753986022658,0.7939180731773376,0.6582621335983276,0.8564767837524414,0.8920875191688538,0.8404853940010071,0.5196810457564215,0.7887300252914429,0.6511594653129578,0.817147970199585,0.8778203725814819,0.7785486578941345,0.8425607085227966,0.7279523611068726,0.9082313776016235,0.8387358784675598,0.9370002746582031
169,0.5105940747090977,0.7941070199012756,0.6585220098495483,0.856620728969574,0.8922232985496521,0.8406328558921814,0.5058528896125482,0.7888124585151672,0.6512718796730042,0.8171982765197754,0.8780133128166199,0.7785082459449768,0.8425607085227966,0.7279523611068726,0.9082313776016235,0.8387358784675598,0.9370002746582031
170,0.509614101745009,0.7943404316902161,0.6588430404663086,0.8568269610404968,0.8922128081321716,0.8409364819526672,0.45916899044179893,0.7889299988746643,0.6514321565628052,0.8173045516014099,0.8781226873397827,0.778612494468689,0.8425607085227966,0.7279523611068726,0.9082313776016235,0.8387358784675598,0.9370002746582031
171,0.510312579005249,0.7944597005844116,0.6590072512626648,0.8569034337997437,0.8923882842063904,0.8409684896469116,0.4502902647175745,0.7890105247497559,0.6515420079231262,0.8173864483833313,0.8781537413597107,0.7787266969680786,0.8425607085227966,0.7279523611068726,0.9082313776016235,0.8387358784675598,0.9370002746582031
172,0.5251495244975537,0.7946091890335083,0.6592128872871399,0.8570207953453064,0.8924727439880371,0.8411006331443787,0.6722149515422906,0.7890914678573608,0.6516523361206055,0.8174569606781006,0.8782414793968201,0.7787862420082092,0.8425607085227966,0.7279523611068726,0.9082313776016235,0.8387358784675598,0.9370002746582031
173,0.5219567306192006,0.79481041431427,0.6594899296760559,0.8571877479553223,0.8925308585166931,0.8413165211677551,0.6583174097696903,0.7891697287559509,0.651759147644043,0.8175500631332397,0.8782066106796265,0.7789607644081116,0.8425607085227966,0.7279523611068726,0.9082313776016235,0.8387358784675598,0.9370002746582031
174,0.5097394989849254,0.7950081825256348,0.6597623229026794,0.8573518395423889,0.8925874829292297,0.8415288329124451,0.44347783199136115,0.7893006801605225,0.6519377827644348,0.8176937699317932,0.8782060146331787,0.7791962027549744,0.8425607085227966,0.7279523611068726,0.9082313776016235,0.8387358784675598,0.9370002746582031
175,0.5137674329450426,0.7952014207839966,0.6600285172462463,0.8575109243392944,0.8926506042480469,0.8417310118675232,0.5456646711362647,0.7893525958061218,0.6520086526870728,0.8177570104598999,0.878175675868988,0.7793190479278564,0.8425607085227966,0.7279523611068726,0.9082313776016235,0.8387358784675598,0.9370002746582031
176,0.5264240010690856,0.7954482436180115,0.6603686809539795,0.8577178716659546,0.8927068114280701,0.8420055508613586,0.7193091720803994,0.7892966866493225,0.6519323587417603,0.8176888227462769,0.8782088160514832,0.7791864275932312,0.8425607085227966,0.7279523611068726,0.9082313776016235,0.8387358784675598,0.9370002746582031
177,0.5188685860955914,0.7955904006958008,0.660564661026001,0.8578214645385742,0.8928365111351013,0.8420974612236023,0.5559689297391817,0.7894287109375,0.6521125435829163,0.8178410530090332,0.8781725168228149,0.7794585824012756,0.8425607085227966,0.7279523611068726,0.9082313776016235,0.8387358784675598,0.9370002746582031
178,0.5075398728627661,0.795815110206604,0.6608744859695435,0.8580043315887451,0.8929212093353271,0.8423245549201965,0.4828934311083495,0.7894904017448425,0.6521966457366943,0.8179254531860352,0.8780911564826965,0.7796485424041748,0.8425607085227966,0.7279523611068726,0.9082313776016235,0.8387358784675598,0.9370002746582031
179,0.5101453675942608,0.7960902452468872,0.6612540483474731,0.8582354187965393,0.8929798603057861,0.8426328897476196,0.5005331797554708,0.7895599007606506,0.6522916555404663,0.8179911971092224,0.8781421184539795,0.7797235250473022,0.8425607085227966,0.7279523611068726,0.9082313776016235,0.8387358784675598,0.9370002746582031
180,0.515373846434758,0.7962596416473389,0.661487877368927,0.8583659529685974,0.8930894732475281,0.8427729606628418,0.5116502233206981,0.7896918058395386,0.652471661567688,0.8181686401367188,0.8779823780059814,0.7801156044006348,0.8425607085227966,0.7279523611068726,0.9082313776016235,0.8387358784675598,0.9370002746582031
181,0.5209985383729429,0.7965397238731384,0.6618745923042297,0.8586030602455139,0.8931360244750977,0.8430955410003662,0.6737502433327762,0.7897051572799683,0.6524898409843445,0.8181532621383667,0.878126859664917,0.7799984812736511,0.8425607085227966,0.7279523611068726,0.9082313776016235,0.8387358784675598,0.9370002746582031
182,0.5127090881655452,0.7967177033424377,0.6621202826499939,0.8587372303009033,0.8932690024375916,0.8432301878929138,0.4917711636088177,0.7898247241973877,0.652653157711029,0.8183134198188782,0.8779858350753784,0.7803502678871155,0.8425607085227966,0.7279523611068726,0.9082313776016235,0.8387358784675598,0.9370002746582031
183,0.5069386538216735,0.7970097661018372,0.6625239849090576,0.858981192111969,0.893336832523346,0.843553364276886,0.4423819551760886,0.789893627166748,0.6527472734451294,0.818365216255188,0.8781000971794128,0.7803622484207153,0.8425607085227966,0.7279523611068726,0.9082313776016235,0.8387358784675598,0.9370002746582031
184,0.5051957066791116,0.7972400784492493,0.6628422141075134,0.8591641783714294,0.8934488296508789,0.8437682390213013,0.43020528110486916,0.7900063395500183,0.6529012322425842,0.8184891939163208,0.8780972361564636,0.7805668711662292,0.8425607085227966,0.7279523611068726,0.9082313776016235,0.8387358784675598,0.9370002746582031
185,0.5038927224126559,0.7974692583084106,0.6631591320037842,0.8593388795852661,0.8936073780059814,0.843950092792511,0.4267117664130179,0.790115237236023,0.6530500054359436,0.8186008930206299,0.878132700920105,0.7807272672653198,0.8425607085227966,0.7279523611068726,0.9082313776016235,0.8387358784675598,0.9370002746582031
186,0.5075466315364708,0.7977252006530762,0.66351318359375,0.85955411195755,0.8936557769775391,0.8442402482032776,0.47296727730876365,0.790188193321228,0.6531497240066528,0.8186480402946472,0.8782914876937866,0.7807031869888306,0.8425607085227966,0.7279523611068726,0.9082313776016235,0.8387358784675598,0.9370002746582031
187,0.5072256806139701,0.7978443503379822,0.6636780500411987,0.859649121761322,0.8937109708786011,0.8443531394004822,0.3732999348689541,0.7902839779853821,0.6532805562019348,0.8187429904937744,0.8783382177352905,0.7808289527893066,0.8425607085227966,0.7279523611068726,0.9082313776016235,0.8387358784675598,0.9370002746582031
188,0.506769812235768,0.7979905605316162,0.6638804078102112,0.8597633242607117,0.8937938213348389,0.8444814682006836,0.4423979941021173,0.7903576493263245,0.6533812880516052,0.8188536763191223,0.8781926035881042,0.7811026573181152,0.8425607085227966,0.7279523611068726,0.9082313776016235,0.8387358784675598,0.9370002746582031
189,0.5059671849153808,0.7982270121574402,0.6642078757286072,0.859970211982727,0.8937860131263733,0.8447847366333008,0.4214625677055649,0.7904072999954224,0.6534491777420044,0.8188936710357666,0.8782619833946228,0.7811239957809448,0.8425607085227966,0.7279523611068726,0.9082313776016235,0.8387358784675598,0.9370002746582031
190,0.5133991678087386,0.7983619570732117,0.6643946766853333,0.8600670099258423,0.8939163684844971,0.8448665738105774,0.5468952452176252,0.7904972434043884,0.6535720825195312,0.818976104259491,0.8783386945724487,0.7812100052833557,0.8425607085227966,0.7279523611068726,0.9082313776016235,0.8387358784675598,0.9370002746582031
191,0.5102831683271251,0.7985904812812805,0.6647112965583801,0.8602551221847534,0.8939842581748962,0.8451085090637207,0.5033471374982026,0.7905536890029907,0.6536492705345154,0.8190616369247437,0.8782228827476501,0.7814237475395203,0.8425607085227966,0.7279523611068726,0.9082313776016235,0.8387358784675598,0.9370002746582031
192,0.513507843536296,0.7987653613090515,0.6649536490440369,0.8603886961936951,0.8941016793251038,0.8452492952346802,0.5836668358984489,0.7906534075737,0.6537855863571167,0.8191612362861633,0.8782685399055481,0.7815576791763306,0.8425607085227966,0.7279523611068726,0.9082313776016235,0.8387358784675598,0.9370002746582031
193,0.5086931479615203,0.7990270256996155,0.6653164029121399,0.8606137633323669,0.8941152691841125,0.845569372177124,0.5119412282653484,0.7906450033187866,0.6537741422653198,0.8191741704940796,0.8781612515449524,0.7816470265388489,0.8425607085227966,0.7279523611068726,0.9082313776016235,0.8387358784675598,0.9370002746582031
194,0.5116435265719388,0.7992250323295593,0.6655910015106201,0.8607704043388367,0.8942122459411621,0.8457529544830322,0.5151982022497132,0.7907646894454956,0.6539377570152283,0.8193045258522034,0.8781629800796509,0.7818591594696045,0.8425607085227966,0.7279523611068726,0.9082313776016235,0.8387358784675598,0.9370002746582031
195,0.5192857215472935,0.7994060516357422,0.6658421158790588,0.860914409160614,0.8942961096763611,0.8459239602088928,0.6215840806846062,0.7908011674880981,0.6539877653121948,0.8193628787994385,0.8780730366706848,0.7820119261741638,0.8425607085227966,0.7279523611068726,0.9082313776016235,0.8387358784675598,0.9370002746582031
196,0.5207955364766199,0.7996345162391663,0.6661592125892639,0.8611083030700684,0.8943237066268921,0.8461924195289612,0.6684671422593895,0.7908713221549988,0.6540836691856384,0.8194245100021362,0.8781458139419556,0.7820663452148438,0.8425607085227966,0.7279523611068726,0.9082313776016235,0.8387358784675598,0.9370002746582031
197,0.5105668988800004,0.7998307347297668,0.6664316058158875,0.8612554669380188,0.8944710493087769,0.8463395237922668,0.5563763579200044,0.7909901142120361,0.6542461514472961,0.8195585012435913,0.8781246542930603,0.7822991013526917,0.8425607085227966,0.7279523611068726,0.9082313776016235,0.8387358784675598,0.9370002746582031
198,0.5113523147058615,0.8000531196594238,0.6667404770851135,0.8614553213119507,0.8944246768951416,0.8466499447822571,0.5018785729250734,0.7910041809082031,0.6542654633522034,0.8195658326148987,0.8781638145446777,0.7822862267494202,0.8425607085227966,0.7279523611068726,0.9082313776016235,0.8387358784675598,0.9370002746582031
199,0.5114045366135808,0.8001933693885803,0.6669353246688843,0.8615540266036987,0.8945712447166443,0.8467273116111755,0.5485522613916733,0.7911427021026611,0.6544550657272339,0.8197219371795654,0.8781397938728333,0.7825567722320557,0.8425607085227966,0.7279523611068726,0.9082313776016235,0.8387358784675598,0.9370002746582031
