,train_loss,train_dice,train_iou,train_acc,train_sens,train_spec,val_loss,val_dice,val_iou,val_acc,val_sens,val_spec,test_dice,test_iou,test_acc,test_sens,test_spec
0,0.5788748457588291,0.6753966808319092,0.5098860859870911,0.7727974057197571,0.7787085771560669,0.7702211141586304,0.5811934809993147,0.7534720301628113,0.6044566035270691,0.7979942560195923,0.7939265370368958,0.8005821108818054,0.8275713920593262,0.7058607935905457,0.8893440365791321,0.9070138931274414,0.8820292949676514
1,0.5381296882338784,0.7018441557884216,0.5406471490859985,0.7901074886322021,0.8116084933280945,0.7806993126869202,0.5761676438036072,0.740144670009613,0.587483823299408,0.7702808380126953,0.8413907885551453,0.7250411510467529,0.8275713920593262,0.7058607935905457,0.8893440365791321,0.9070138931274414,0.8820292949676514
2,0.5296270156430471,0.7212154865264893,0.5639851689338684,0.8057941794395447,0.8255202770233154,0.7971659898757935,0.5737473131201399,0.7441185116767883,0.5925069451332092,0.7752959132194519,0.8402912020683289,0.7339463233947754,0.8275713920593262,0.7058607935905457,0.8893440365791321,0.9070138931274414,0.8820292949676514
3,0.5226743982481262,0.734031081199646,0.5798176527023315,0.817133367061615,0.8295660614967346,0.8116982579231262,0.4117794689383063,0.7446200847625732,0.5931432247161865,0.7744237780570984,0.8457789421081543,0.7290281057357788,0.8275713920593262,0.7058607935905457,0.8893440365791321,0.9070138931274414,0.8820292949676514
4,0.5236557854883682,0.7382923364639282,0.5851532220840454,0.8186647295951843,0.8403499126434326,0.8091764450073242,0.4975848695647919,0.7418064475059509,0.5895805358886719,0.768646240234375,0.8547465801239014,0.7138698101043701,0.8275713920593262,0.7058607935905457,0.8893440365791321,0.9070138931274414,0.8820292949676514
5,0.5262769820652494,0.7421124577522278,0.5899673104286194,0.8204376101493835,0.8488706946372986,0.8079975843429565,0.5489689894676453,0.7417593002319336,0.5895209908485413,0.7673817873001099,0.8592066168785095,0.7089634537696838,0.8275713920593262,0.7058607935905457,0.8893440365791321,0.9070138931274414,0.8820292949676514
6,0.5259685749310264,0.74586021900177,0.5947185754776001,0.8227704763412476,0.8546224236488342,0.8088376522064209,0.539422859125323,0.7407826781272888,0.5882881879806519,0.766002893447876,0.8599097728729248,0.7062599062919617,0.8275713920593262,0.7058607935905457,0.8893440365791321,0.9070138931274414,0.8820292949676514
7,0.5170378101136289,0.7507254481315613,0.6009291410446167,0.8265750408172607,0.8576189279556274,0.8129833340644836,0.44067993449037757,0.7399000525474548,0.5871756672859192,0.7636404633522034,0.8646124005317688,0.6994027495384216,0.8275713920593262,0.7058607935905457,0.8893440365791321,0.9070138931274414,0.8820292949676514
8,0.5260297314267256,0.7531331777572632,0.6040205955505371,0.8277151584625244,0.8629827499389648,0.8122726678848267,0.5656926309446819,0.741287887096405,0.5889257192611694,0.7669657468795776,0.8586289286613464,0.7086502313613892,0.8275713920593262,0.7058607935905457,0.8893440365791321,0.9070138931274414,0.8820292949676514
9,0.532350048005416,0.7582066059112549,0.6105738878250122,0.833124577999115,0.8590179085731506,0.8217837810516357,0.646071865036197,0.7413157820701599,0.5889608860015869,0.7666288018226624,0.8599954843521118,0.7072295546531677,0.8275713920593262,0.7058607935905457,0.8893440365791321,0.9070138931274414,0.8820292949676514
10,0.522088664320774,0.7594203352928162,0.6121495962142944,0.8332128524780273,0.8642617464065552,0.8196136355400085,0.5005037004113819,0.741880476474762,0.5896740555763245,0.7672072649002075,0.8603953719139099,0.7079216241836548,0.8275713920593262,0.7058607935905457,0.8893440365791321,0.9070138931274414,0.8820292949676514
11,0.527194240437364,0.7625976204872131,0.6162890791893005,0.8364372253417969,0.8622920513153076,0.8251092433929443,0.5790779341001777,0.7430638074874878,0.5911706686019897,0.768925130367279,0.859347939491272,0.7113987803459167,0.8275713920593262,0.7058607935905457,0.8893440365791321,0.9070138931274414,0.8820292949676514
12,0.5285758344996575,0.7648493647575378,0.6192357540130615,0.8383296132087708,0.8630092740058899,0.8275163769721985,0.6246930671644169,0.742333173751831,0.5902462601661682,0.7673636674880981,0.8618534207344055,0.7072498798370361,0.8275713920593262,0.7058607935905457,0.8893440365791321,0.9070138931274414,0.8820292949676514
13,0.5157624773888768,0.7657812833786011,0.6204583644866943,0.8383540511131287,0.8673324584960938,0.8256565928459167,0.4620376436806582,0.743334174156189,0.5915129780769348,0.7687584161758423,0.8611871004104614,0.7099559307098389,0.8275713920593262,0.7058607935905457,0.8893440365791321,0.9070138931274414,0.8820292949676514
14,0.5296557537504264,0.7681620121002197,0.6235901713371277,0.8411352634429932,0.8641073107719421,0.8310739994049072,0.5673803204308416,0.744374692440033,0.5928319096565247,0.770530641078949,0.8592667579650879,0.7140774130821228,0.8275713920593262,0.7058607935905457,0.8893440365791321,0.9070138931274414,0.8820292949676514
15,0.5327427495250243,0.7702847719192505,0.6263928413391113,0.8430105447769165,0.864043653011322,0.8337964415550232,0.6820777980467705,0.7439265251159668,0.5922635793685913,0.7693853378295898,0.8615251779556274,0.710766613483429,0.8275713920593262,0.7058607935905457,0.8893440365791321,0.9070138931274414,0.8820292949676514
16,0.5220554494217007,0.7707286477088928,0.6269800662994385,0.8427554965019226,0.8677164316177368,0.8318224549293518,0.5520185641809721,0.7434933185577393,0.5917145013809204,0.7683451771736145,0.8634459376335144,0.7078427672386169,0.8275713920593262,0.7058607935905457,0.8893440365791321,0.9070138931274414,0.8820292949676514
17,0.5182434371703164,0.7718828320503235,0.6285091638565063,0.8434233665466309,0.8697561621665955,0.831890344619751,0.5134854107434453,0.7435615062713623,0.5918009877204895,0.7681683897972107,0.864414393901825,0.7069372534751892,0.8275713920593262,0.7058607935905457,0.8893440365791321,0.9070138931274414,0.8820292949676514
18,0.5195211904913858,0.7730944752693176,0.6301174163818359,0.8440672755241394,0.8722431063652039,0.8317286372184753,0.5394342364596506,0.7439521551132202,0.5922960638999939,0.7685652375221252,0.8647052049636841,0.7074016332626343,0.8275713920593262,0.7058607935905457,0.8893440365791321,0.9070138931274414,0.8820292949676514
19,0.5215770025502621,0.7750076055526733,0.6326631903648376,0.8457326292991638,0.8725059032440186,0.8340098261833191,0.5429238663172524,0.7443199753761292,0.5927625298500061,0.7690343260765076,0.8646213412284851,0.7082224488258362,0.8275713920593262,0.7058607935905457,0.8893440365791321,0.9070138931274414,0.8820292949676514
20,0.5147670109438369,0.7767239809036255,0.6349539756774902,0.8470335006713867,0.8735966682434082,0.8354001641273499,0.4803202414902278,0.7440243363380432,0.5923875570297241,0.7681598663330078,0.8665483593940735,0.7055655717849731,0.8275713920593262,0.7058607935905457,0.8893440365791321,0.9070138931274414,0.8820292949676514
21,0.5323689385147474,0.7775447368621826,0.6360517144203186,0.8475809693336487,0.8745982646942139,0.835748553276062,0.6506580074147288,0.7447994947433472,0.5933709144592285,0.7691468596458435,0.8663815259933472,0.7072868347167969,0.8275713920593262,0.7058607935905457,0.8893440365791321,0.9070138931274414,0.8820292949676514
22,0.5192142601954504,0.7784925699234009,0.6373212337493896,0.8482819199562073,0.8755120038986206,0.8363591432571411,0.5022937762696199,0.7454224228858948,0.5941621661186218,0.769938588142395,0.86624675989151,0.708668053150177,0.8275713920593262,0.7058607935905457,0.8893440365791321,0.9070138931274414,0.8820292949676514
23,0.5204463746985453,0.7796043157577515,0.638812780380249,0.8491465449333191,0.8761704564094543,0.837314248085022,0.533133964924597,0.745556652545929,0.5943326354026794,0.7697890996932983,0.8674229979515076,0.7076750993728638,0.8275713920593262,0.7058607935905457,0.8893440365791321,0.9070138931274414,0.8820292949676514
24,0.520302324628801,0.7804471850395203,0.6399453282356262,0.8496570587158203,0.8774492740631104,0.8374873399734497,0.5080840599991807,0.7460552453994751,0.5949665904045105,0.7703666090965271,0.8675257563591003,0.7085546255111694,0.8275713920593262,0.7058607935905457,0.8893440365791321,0.9070138931274414,0.8820292949676514
25,0.5217789608094745,0.7818059325218201,0.6417744755744934,0.8507717847824097,0.8779544234275818,0.8388701677322388,0.5202536172283183,0.7460976839065552,0.595020592212677,0.7700333595275879,0.8689793348312378,0.707084596157074,0.8275713920593262,0.7058607935905457,0.8893440365791321,0.9070138931274414,0.8820292949676514
26,0.5180686235917882,0.7825661301612854,0.6427996754646301,0.8512427806854248,0.87908935546875,0.83905029296875,0.49524647974493075,0.7468114495277405,0.595928966999054,0.7711287140846252,0.868107795715332,0.7094314098358154,0.8275713920593262,0.7058607935905457,0.8893440365791321,0.9070138931274414,0.8820292949676514
27,0.5182387477684701,0.7839459180831909,0.6446636915206909,0.8524279594421387,0.8791447877883911,0.8407289981842041,0.49724237318057596,0.747186541557312,0.596406877040863,0.7713804244995117,0.8688764572143555,0.7093539834022522,0.8275713920593262,0.7058607935905457,0.8893440365791321,0.9070138931274414,0.8820292949676514
28,0.5199523412624378,0.7844434380531311,0.6453368067741394,0.8526520133018494,0.8803918361663818,0.8405049443244934,0.5566793238691359,0.7479031085968018,0.5973204970359802,0.7723389863967896,0.8685245513916016,0.711146354675293,0.8275713920593262,0.7058607935905457,0.8893440365791321,0.9070138931274414,0.8820292949676514
29,0.5199413899302487,0.7855530381202698,0.6468401551246643,0.8536953926086426,0.8801109790802002,0.8421318531036377,0.515252837269514,0.7482829093933105,0.5978050827980042,0.7726560235023499,0.8690645694732666,0.7113215923309326,0.8275713920593262,0.7058607935905457,0.8893440365791321,0.9070138931274414,0.8820292949676514
30,0.5216893469179377,0.7861513495445251,0.6476518511772156,0.8540255427360535,0.8813057541847229,0.842084527015686,0.5308752456784672,0.7487547993659973,0.5984076857566833,0.7731015086174011,0.8695389628410339,0.7117486596107483,0.8275713920593262,0.7058607935905457,0.8893440365791321,0.9070138931274414,0.8820292949676514
31,0.516143633794861,0.7870944738388062,0.6489330530166626,0.8548356890678406,0.8813115358352661,0.8432460427284241,0.4420198779342354,0.7488669157028198,0.5985509753227234,0.7728673219680786,0.8709554672241211,0.7104642391204834,0.8275713920593262,0.7058607935905457,0.8893440365791321,0.9070138931274414,0.8820292949676514
32,0.5121005584419175,0.7874452471733093,0.6494101285934448,0.8549389243125916,0.8825639486312866,0.8428468704223633,0.4129790834104646,0.7494465708732605,0.599291980266571,0.7735627889633179,0.8709709644317627,0.711592435836792,0.8275713920593262,0.7058607935905457,0.8893440365791321,0.9070138931274414,0.8820292949676514
33,0.5205779868252555,0.7882315516471863,0.6504803895950317,0.8555726408958435,0.8828237652778625,0.8436436057090759,0.5670009078669336,0.7497199177742004,0.5996416211128235,0.7736383080482483,0.8719494342803955,0.7110934853553772,0.8275713920593262,0.7058607935905457,0.8893440365791321,0.9070138931274414,0.8820292949676514
34,0.5129790132135734,0.7886704802513123,0.6510784029960632,0.8557811379432678,0.8839225769042969,0.8434634804725647,0.3678485991811473,0.7503851652145386,0.6004931330680847,0.7745528817176819,0.8715135455131531,0.7128671407699585,0.8275713920593262,0.7058607935905457,0.8893440365791321,0.9070138931274414,0.8820292949676514
35,0.5180786563761103,0.7894922494888306,0.6521992683410645,0.8566057682037354,0.883258581161499,0.8449403643608093,0.49734510265362153,0.750864565372467,0.6011074185371399,0.7751569747924805,0.8714072704315186,0.7139232158660889,0.8275713920593262,0.7058607935905457,0.8893440365791321,0.9070138931274414,0.8820292949676514
36,0.51805718980882,0.7899390459060669,0.6528092622756958,0.8568456172943115,0.8841779828071594,0.8448833227157593,0.49157898789372206,0.7509034276008606,0.6011572480201721,0.7749470472335815,0.8724021315574646,0.7129467725753784,0.8275713920593262,0.7058607935905457,0.8893440365791321,0.9070138931274414,0.8820292949676514
37,0.5165839856965786,0.7906113266944885,0.6537280082702637,0.8572806119918823,0.8851144909858704,0.8450995683670044,0.4866315405551771,0.7515066862106323,0.6019309163093567,0.7757219672203064,0.8722090125083923,0.7143375277519226,0.8275713920593262,0.7058607935905457,0.8893440365791321,0.9070138931274414,0.8820292949676514
38,0.5192652438302902,0.7915307879447937,0.6549862623214722,0.8581836223602295,0.8844220638275146,0.8467007875442505,0.5082756082484114,0.7516717910766602,0.602142870426178,0.7756484746932983,0.873266875743866,0.7135442495346069,0.8275713920593262,0.7058607935905457,0.8893440365791321,0.9070138931274414,0.8820292949676514
39,0.517461159130992,0.7913519740104675,0.6547414660453796,0.8578352928161621,0.8855921626091003,0.8456871509552002,0.4950679415248106,0.7520878911018372,0.6026769280433655,0.776113748550415,0.8734012842178345,0.7142200469970703,0.8275713920593262,0.7058607935905457,0.8893440365791321,0.9070138931274414,0.8820292949676514
40,0.5224394589782391,0.7920095920562744,0.6556422710418701,0.8584676384925842,0.8851790428161621,0.8467770218849182,0.5712484325198074,0.7525058388710022,0.603213906288147,0.7765796184539795,0.8735411167144775,0.7148933410644531,0.8275713920593262,0.7058607935905457,0.8893440365791321,0.9070138931274414,0.8820292949676514
41,0.5146799922581851,0.792686402797699,0.656570315361023,0.8589977622032166,0.8854658007621765,0.8474130630493164,0.4895160607418805,0.7526316046714783,0.6033755540847778,0.7765877842903137,0.8740991353988647,0.7145517468452454,0.8275713920593262,0.7058607935905457,0.8893440365791321,0.9070138931274414,0.8820292949676514
42,0.5252125415414006,0.7930359840393066,0.6570502519607544,0.8592004776000977,0.8861632943153381,0.8474009037017822,0.6153991357445571,0.7530785202980042,0.6039502024650574,0.7770903706550598,0.8742300271987915,0.7152907848358154,0.8275713920593262,0.7058607935905457,0.8893440365791321,0.9070138931274414,0.8820292949676514
43,0.5205040177111445,0.7936215400695801,0.657854437828064,0.8596969246864319,0.8862353563308716,0.8480837941169739,0.5369491948485023,0.7532485723495483,0.6041690111160278,0.7771052718162537,0.8749718070030212,0.714843213558197,0.8275713920593262,0.7058607935905457,0.8893440365791321,0.9070138931274414,0.8820292949676514
44,0.5214149933895381,0.7939503192901611,0.6583065390586853,0.85986328125,0.8869229555130005,0.8480212092399597,0.5899576996599878,0.7535938024520874,0.6046133637428284,0.7774677276611328,0.8751739263534546,0.7153077125549316,0.8275713920593262,0.7058607935905457,0.8893440365791321,0.9070138931274414,0.8820292949676514
45,0.5171387815273792,0.7945688366889954,0.659157395362854,0.8603612184524536,0.8870951533317566,0.8486612439155579,0.5273521944502793,0.7539278268814087,0.6050435304641724,0.7777713537216187,0.8755540251731873,0.7155627012252808,0.8275713920593262,0.7058607935905457,0.8893440365791321,0.9070138931274414,0.8820292949676514
46,0.5110828595665174,0.7946971654891968,0.6593340039253235,0.8603616952896118,0.8876987099647522,0.8483960032463074,0.4147520605358823,0.7543007135391235,0.605523943901062,0.7781422138214111,0.8758522868156433,0.7159796953201294,0.8275713920593262,0.7058607935905457,0.8893440365791321,0.9070138931274414,0.8820292949676514
47,0.5161474586130048,0.7952620983123779,0.6601121425628662,0.8608238101005554,0.8877649903297424,0.8490301370620728,0.5069208093747348,0.7545478940010071,0.6058425903320312,0.7783271074295044,0.8762906789779663,0.7160033583641052,0.8275713920593262,0.7058607935905457,0.8893440365791321,0.9070138931274414,0.8820292949676514
48,0.519279062396667,0.7954124212265015,0.6603193283081055,0.8608487248420715,0.8883393406867981,0.8488127589225769,0.5610204022453291,0.7549548745155334,0.6063674688339233,0.7787788510322571,0.8764300346374512,0.7166538238525391,0.8275713920593262,0.7058607935905457,0.8893440365791321,0.9070138931274414,0.8820292949676514
49,0.5103419463266231,0.7959427237510681,0.66105055809021,0.8612677454948425,0.8885536193847656,0.8493212461471558,0.359029468673579,0.7552025318145752,0.6066870093345642,0.7789890170097351,0.8767704963684082,0.7167810797691345,0.8275713920593262,0.7058607935905457,0.8893440365791321,0.9070138931274414,0.8820292949676514
50,0.5129926534153666,0.7963083982467651,0.6615551114082336,0.8615123629570007,0.8889939188957214,0.849480390548706,0.46100773067545764,0.7555190920829773,0.6070957183837891,0.7792708277702332,0.877153754234314,0.7169983386993408,0.8275713920593262,0.7058607935905457,0.8893440365791321,0.9070138931274414,0.8820292949676514
51,0.5143784121214608,0.796763002872467,0.6621828675270081,0.8619012832641602,0.8890097141265869,0.8500332236289978,0.4024749862597607,0.7557756900787354,0.607427179813385,0.779483437538147,0.8775275349617004,0.7171084880828857,0.8275713920593262,0.7058607935905457,0.8893440365791321,0.9070138931274414,0.8820292949676514
52,0.5185940238543487,0.797154426574707,0.6627238392829895,0.8622300624847412,0.8890283107757568,0.8504974842071533,0.5418228218643015,0.7561445236206055,0.6079038381576538,0.779900848865509,0.8776193857192993,0.7177330255508423,0.8275713920593262,0.7058607935905457,0.8893440365791321,0.9070138931274414,0.8820292949676514
53,0.516811332651383,0.7974756360054016,0.6631678938865662,0.8624404072761536,0.8894903659820557,0.8505986928939819,0.48814064540689917,0.7563485503196716,0.6081675887107849,0.7799867987632751,0.8782482743263245,0.717473566532135,0.8275713920593262,0.7058607935905457,0.8893440365791321,0.9070138931274414,0.8820292949676514
54,0.516394691581386,0.797817051410675,0.6636402606964111,0.8626975417137146,0.8896939754486084,0.8508788347244263,0.4694949741575507,0.7565895318984985,0.6084792613983154,0.7802135944366455,0.8784912824630737,0.7176899909973145,0.8275713920593262,0.7058607935905457,0.8893440365791321,0.9070138931274414,0.8820292949676514
55,0.5148949472490502,0.798051655292511,0.6639649868011475,0.8628106713294983,0.890272855758667,0.8507885336875916,0.49060252993407294,0.756901204586029,0.6088825464248657,0.7805197834968567,0.8787539601325989,0.718023955821991,0.8275713920593262,0.7058607935905457,0.8893440365791321,0.9070138931274414,0.8820292949676514
56,0.5149913577565752,0.7984905242919922,0.6645728349685669,0.8631617426872253,0.8903858661651611,0.8512431383132935,0.4283891336007805,0.757127046585083,0.6091748476028442,0.7807007431983948,0.8791080117225647,0.7180947065353394,0.8275713920593262,0.7058607935905457,0.8893440365791321,0.9070138931274414,0.8820292949676514
57,0.5204949061726967,0.7987684607505798,0.6649579405784607,0.8633324503898621,0.890782356262207,0.8513144850730896,0.5809464146819525,0.7575159668922424,0.6096786856651306,0.7811663150787354,0.8791000843048096,0.7188615798950195,0.8275713920593262,0.7058607935905457,0.8893440365791321,0.9070138931274414,0.8820292949676514
58,0.5168951237805097,0.7993017435073853,0.6656973361968994,0.8637720942497253,0.8909006118774414,0.851895272731781,0.5452881703038406,0.7577693462371826,0.6100070476531982,0.7813217043876648,0.8796893954277039,0.7187407612800598,0.8275713920593262,0.7058607935905457,0.8893440365791321,0.9070138931274414,0.8820292949676514
59,0.5232105007422984,0.799638569355011,0.6661648154258728,0.86403489112854,0.8910337686538696,0.8522145748138428,0.5610726841505185,0.758090078830719,0.6104227900505066,0.781710684299469,0.8796606659889221,0.7193955779075623,0.8275713920593262,0.7058607935905457,0.8893440365791321,0.9070138931274414,0.8820292949676514
60,0.5120357853564341,0.7996174693107605,0.6661354899406433,0.8639125227928162,0.8917352557182312,0.8517318964004517,0.4126601462722972,0.7583398818969727,0.6107468008995056,0.7819001078605652,0.8800959587097168,0.7194285988807678,0.8275713920593262,0.7058607935905457,0.8893440365791321,0.9070138931274414,0.8820292949676514
61,0.5276777784334229,0.8000717759132385,0.6667662858963013,0.8643158674240112,0.891628086566925,0.852358877658844,0.669671763396825,0.7586072683334351,0.6110936999320984,0.7822886109352112,0.8798114657402039,0.7202451825141907,0.8275713920593262,0.7058607935905457,0.8893440365791321,0.9070138931274414,0.8820292949676514
62,0.5184718576226282,0.8002961277961731,0.6670780181884766,0.864457368850708,0.8919534087181091,0.852419912815094,0.5656473518721366,0.7587692737579346,0.6113039255142212,0.7823666334152222,0.8802744150161743,0.7200784087181091,0.8275713920593262,0.7058607935905457,0.8893440365791321,0.9070138931274414,0.8820292949676514
63,0.5171548166472016,0.8006795048713684,0.6676109433174133,0.8647677898406982,0.8920302391052246,0.8528322577476501,0.534055420805624,0.75898677110672,0.611586332321167,0.7825828790664673,0.8804457783699036,0.7203231453895569,0.8275713920593262,0.7058607935905457,0.8893440365791321,0.9070138931274414,0.8820292949676514
64,0.5155886685122724,0.8008877635002136,0.667900562286377,0.8648925423622131,0.892378032207489,0.8528594374656677,0.4958287988677573,0.7592306137084961,0.611903190612793,0.7828199863433838,0.8806596398353577,0.7205750346183777,0.8275713920593262,0.7058607935905457,0.8893440365791321,0.9070138931274414,0.8820292949676514
65,0.516635801984246,0.8012810349464417,0.6684479117393494,0.8651926517486572,0.8926053643226624,0.853191614151001,0.5308092058827982,0.7594375014305115,0.6121718883514404,0.7829775810241699,0.8810170292854309,0.7206055521965027,0.8275713920593262,0.7058607935905457,0.8893440365791321,0.9070138931274414,0.8820292949676514
66,0.5197765855565815,0.8015350103378296,0.6688014268875122,0.8653544187545776,0.8929635286331177,0.8532676696777344,0.5623031332519443,0.7597227096557617,0.6125426888465881,0.7832300066947937,0.8813679814338684,0.720795214176178,0.8275713920593262,0.7058607935905457,0.8893440365791321,0.9070138931274414,0.8820292949676514
67,0.5224295671602197,0.8018186688423157,0.6691963076591492,0.8655555844306946,0.8932633996009827,0.8534263372421265,0.5407917521856038,0.7600098252296448,0.6129159331321716,0.783551812171936,0.8814449310302734,0.7212729454040527,0.8275713920593262,0.7058607935905457,0.8893440365791321,0.9070138931274414,0.8820292949676514
68,0.5200468454505489,0.8021309971809387,0.6696316003799438,0.8657841682434082,0.8934614062309265,0.8536674976348877,0.5356194933667415,0.7602083086967468,0.6131742596626282,0.7837193608283997,0.8817218542098999,0.7213709354400635,0.8275713920593262,0.7058607935905457,0.8893440365791321,0.9070138931274414,0.8820292949676514
69,0.5178873999388861,0.8024353384971619,0.6700560450553894,0.866020679473877,0.8936021327972412,0.8539460897445679,0.5450724418244124,0.7604895830154419,0.6135403513908386,0.7840293645858765,0.8818187713623047,0.72181636095047,0.8275713920593262,0.7058607935905457,0.8893440365791321,0.9070138931274414,0.8820292949676514
70,0.5191533074481975,0.8026723265647888,0.6703864932060242,0.866155207157135,0.8940016627311707,0.8539637923240662,0.5678356155485758,0.7607374787330627,0.6138629913330078,0.7842970490455627,0.8819252848625183,0.7221866250038147,0.8275713920593262,0.7058607935905457,0.8893440365791321,0.9070138931274414,0.8820292949676514
71,0.5153292316290167,0.803058385848999,0.6709252595901489,0.8664783239364624,0.8939946889877319,0.8544308543205261,0.5006111436015095,0.7609345316886902,0.6141197681427002,0.7845146059989929,0.8819906711578369,0.7225009202957153,0.8275713920593262,0.7058607935905457,0.8893440365791321,0.9070138931274414,0.8820292949676514
72,0.5129186000379008,0.8031283020973206,0.6710228323936462,0.866479218006134,0.8943982720375061,0.8542557954788208,0.45608761548598153,0.7612549662590027,0.614537239074707,0.7849129438400269,0.8819129467010498,0.7232021689414978,0.8275713920593262,0.7058607935905457,0.8893440365791321,0.9070138931274414,0.8820292949676514
73,0.5187518850698722,0.803481936454773,0.6715168356895447,0.8668131232261658,0.8941198587417603,0.8548569679260254,0.5511264286438218,0.7613811492919922,0.6147018074989319,0.7850103378295898,0.8821259140968323,0.7232261300086975,0.8275713920593262,0.7058607935905457,0.8893440365791321,0.9070138931274414,0.8820292949676514
74,0.5129327699313453,0.8035996556282043,0.6716811656951904,0.8668453097343445,0.8945773243904114,0.8547030091285706,0.4148705002424896,0.7615326046943665,0.6148991584777832,0.7850894927978516,0.8825364112854004,0.7230944633483887,0.8275713920593262,0.7058607935905457,0.8893440365791321,0.9070138931274414,0.8820292949676514
75,0.5131814052539819,0.8037222027778625,0.6718524694442749,0.8668929934501648,0.8949748873710632,0.8545979857444763,0.4666888244157397,0.7617756128311157,0.6152161359786987,0.7853267192840576,0.882743239402771,0.723351001739502,0.8275713920593262,0.7058607935905457,0.8893440365791321,0.9070138931274414,0.8820292949676514
76,0.5164997658569734,0.803957998752594,0.672182023525238,0.8671029806137085,0.894877552986145,0.8549422025680542,0.4920590754995413,0.7619214653968811,0.6154064536094666,0.785474419593811,0.8828455805778503,0.7235274910926819,0.8275713920593262,0.7058607935905457,0.8893440365791321,0.9070138931274414,0.8820292949676514
77,0.5205019983559742,0.8039429783821106,0.6721610426902771,0.8670408725738525,0.895201563835144,0.8547108173370361,0.5447232287683585,0.7621152997016907,0.6156592965126038,0.7856448292732239,0.8830873370170593,0.7236526012420654,0.8275713920593262,0.7058607935905457,0.8893440365791321,0.9070138931274414,0.8820292949676514
78,0.5253401392404936,0.8041022419929504,0.6723837852478027,0.8671883344650269,0.8951263427734375,0.8549559712409973,0.6190056794039284,0.7622632384300232,0.6158524751663208,0.7857368588447571,0.8834289908409119,0.7235857844352722,0.8275713920593262,0.7058607935905457,0.8893440365791321,0.9070138931274414,0.8820292949676514
79,0.5149383281186777,0.8039892911911011,0.6722257733345032,0.8670210838317871,0.8955848813056946,0.8545143008232117,0.49430640596083314,0.7625217437744141,0.6161900162696838,0.7860617637634277,0.8833490610122681,0.7241683006286621,0.8275713920593262,0.7058607935905457,0.8893440365791321,0.9070138931274414,0.8820292949676514
80,0.5177415860603263,0.8042661547660828,0.6726129651069641,0.8673256635665894,0.8951057195663452,0.8551620244979858,0.497704906889042,0.7627536654472351,0.6164929866790771,0.7864192724227905,0.8830033540725708,0.724973201751709,0.8275713920593262,0.7058607935905457,0.8893440365791321,0.9070138931274414,0.8820292949676514
81,0.5108933202951927,0.8044384717941284,0.6728541851043701,0.8674411773681641,0.8952983021736145,0.8552436828613281,0.41636687638688774,0.7627903819084167,0.6165409684181213,0.7863964438438416,0.883277177810669,0.7247616052627563,0.8275713920593262,0.7058607935905457,0.8893440365791321,0.9070138931274414,0.8820292949676514
82,0.5169634380412563,0.8045904636383057,0.6730667948722839,0.8675227165222168,0.8956087827682495,0.8552248477935791,0.5115767150822979,0.7629728317260742,0.6167794466018677,0.7865443229675293,0.8835566639900208,0.7248256802558899,0.8275713920593262,0.7058607935905457,0.8893440365791321,0.9070138931274414,0.8820292949676514
83,0.5136424644837982,0.8048138618469238,0.6733795404434204,0.8676808476448059,0.895734429359436,0.8553956151008606,0.5100816730737975,0.7632134556770325,0.6170939207077026,0.7867935299873352,0.8837003111839294,0.7251421213150024,0.8275713920593262,0.7058607935905457,0.8893440365791321,0.9070138931274414,0.8820292949676514
84,0.5191735961427437,0.8050962090492249,0.6737749576568604,0.8679038286209106,0.8958323001861572,0.8556732535362244,0.5342760251423423,0.7634083032608032,0.6173487305641174,0.7869465351104736,0.8840190172195435,0.7251896858215332,0.8275713920593262,0.7058607935905457,0.8893440365791321,0.9070138931274414,0.8820292949676514
85,0.5163417539854499,0.8051818609237671,0.6738949418067932,0.8679314851760864,0.8961554765701294,0.8555719256401062,0.44301002177990545,0.7636285424232483,0.6176367998123169,0.7872079610824585,0.8840118646621704,0.7256219983100891,0.8275713920593262,0.7058607935905457,0.8893440365791321,0.9070138931274414,0.8820292949676514
86,0.5100518817377173,0.8054980039596558,0.6743378639221191,0.8682057857513428,0.8960845470428467,0.8559972047805786,0.415586332512656,0.7637842297554016,0.617840588092804,0.7873185873031616,0.884314775466919,0.7256103157997131,0.8275713920593262,0.7058607935905457,0.8893440365791321,0.9070138931274414,0.8820292949676514
87,0.5179451503315744,0.8055989146232605,0.6744794249534607,0.8682470917701721,0.8963406085968018,0.8559437394142151,0.5633428490020199,0.7640438675880432,0.6181803345680237,0.787602424621582,0.8844065070152283,0.7260164022445679,0.8275713920593262,0.7058607935905457,0.8893440365791321,0.9070138931274414,0.8820292949676514
88,0.5127343997523757,0.8058534264564514,0.6748363375663757,0.8684400320053101,0.8964805603027344,0.8561597466468811,0.4425887769194148,0.7642561793327332,0.6184584498405457,0.7878048419952393,0.8846057653427124,0.7262207269668579,0.8275713920593262,0.7058607935905457,0.8893440365791321,0.9070138931274414,0.8820292949676514
89,0.5113807673891972,0.8060837388038635,0.6751593351364136,0.8686075806617737,0.8966783285140991,0.856314480304718,0.40818729628300643,0.7644956707954407,0.6187722086906433,0.7880644798278809,0.8846991658210754,0.7265861630439758,0.8275713920593262,0.7058607935905457,0.8893440365791321,0.9070138931274414,0.8820292949676514
90,0.5107465269745647,0.806251049041748,0.6753941178321838,0.8687186241149902,0.8969191908836365,0.8563694953918457,0.4273460758512008,0.7647467255592346,0.6191011667251587,0.7883777618408203,0.8846243023872375,0.727146327495575,0.8275713920593262,0.7058607935905457,0.8893440365791321,0.9070138931274414,0.8820292949676514
91,0.5235546877978295,0.8065862655639648,0.6758646965026855,0.8690308332443237,0.8967377543449402,0.8568984270095825,0.5723572283285476,0.7649303674697876,0.6193418502807617,0.7885599136352539,0.8847655057907104,0.7273546457290649,0.8275713920593262,0.7058607935905457,0.8893440365791321,0.9070138931274414,0.8820292949676514
92,0.5189092750626279,0.8068371415138245,0.6762171983718872,0.8692180514335632,0.8969196081161499,0.8570882678031921,0.5697691094450481,0.7651394009590149,0.6196159720420837,0.7887823581695557,0.8848633170127869,0.7276563048362732,0.8275713920593262,0.7058607935905457,0.8893440365791321,0.9070138931274414,0.8820292949676514
93,0.514836494354159,0.8071100115776062,0.6766005158424377,0.8694376349449158,0.8969703912734985,0.8573815226554871,0.40945755702968967,0.7653152346611023,0.6198466420173645,0.7889944911003113,0.8848399519920349,0.7280183434486389,0.8275713920593262,0.7058607935905457,0.8893440365791321,0.9070138931274414,0.8820292949676514
94,0.5176644825439201,0.8072472810745239,0.6767935752868652,0.8695182204246521,0.8971734046936035,0.857407808303833,0.5485272606077203,0.7655330300331116,0.6201323866844177,0.7892680168151855,0.8847654461860657,0.728513240814209,0.8275713920593262,0.7058607935905457,0.8893440365791321,0.9070138931274414,0.8820292949676514
95,0.5191356010158109,0.8074567914009094,0.6770880818367004,0.8696816563606262,0.8972795605659485,0.8575968742370605,0.5615855545088295,0.7656986713409424,0.6203498840332031,0.7893804311752319,0.8851103186607361,0.7284777760505676,0.8275713920593262,0.7058607935905457,0.8893440365791321,0.9070138931274414,0.8820292949676514
96,0.5227398239858626,0.8076685667037964,0.6773859262466431,0.8698290586471558,0.8974716067314148,0.8577244281768799,0.5969759955456819,0.7659773230552673,0.6207157373428345,0.7897650599479675,0.8848681449890137,0.7292611002922058,0.8275713920593262,0.7058607935905457,0.8893440365791321,0.9070138931274414,0.8820292949676514
97,0.5261459985590593,0.8078833818435669,0.6776882410049438,0.8700035214424133,0.8975427746772766,0.857944667339325,0.6030038997950302,0.7660903334617615,0.6208641529083252,0.7898058295249939,0.8852543234825134,0.7290821671485901,0.8275713920593262,0.7058607935905457,0.8893440365791321,0.9070138931274414,0.8820292949676514
98,0.5197369646960263,0.8080863952636719,0.6779739856719971,0.87014240026474,0.8977683186531067,0.8580458164215088,0.5831694030014346,0.7662748694419861,0.6211065649986267,0.7900081276893616,0.8853135108947754,0.7293754816055298,0.8275713920593262,0.7058607935905457,0.8893440365791321,0.9070138931274414,0.8820292949676514
99,0.5142801182956663,0.8083796501159668,0.6783868074417114,0.8703992366790771,0.8977123498916626,0.8584400415420532,0.4979557271707914,0.766443133354187,0.6213277578353882,0.790178656578064,0.8854265809059143,0.7295826077461243,0.8275713920593262,0.7058607935905457,0.8893440365791321,0.9070138931274414,0.8820292949676514
100,0.5122887101235376,0.8085349798202515,0.6786056756973267,0.8705143332481384,0.897830069065094,0.8585543036460876,0.4144576027624511,0.7665585279464722,0.6214794516563416,0.7902933359146118,0.885513186454773,0.7297151684761047,0.8275713920593262,0.7058607935905457,0.8893440365791321,0.9070138931274414,0.8820292949676514
101,0.5102091971943893,0.8087764382362366,0.6789459586143494,0.8706929087638855,0.8979951739311218,0.858738899230957,0.43928556261538243,0.7666586637496948,0.6216111183166504,0.7903992533683777,0.8855616450309753,0.7298575639724731,0.8275713920593262,0.7058607935905457,0.8893440365791321,0.9070138931274414,0.8820292949676514
102,0.5115557651331469,0.8090026378631592,0.6792647838592529,0.8708620071411133,0.8981370329856873,0.8589199185371399,0.43891420365906986,0.7668387293815613,0.621847927570343,0.7905983924865723,0.8856114745140076,0.7301517128944397,0.8275713920593262,0.7058607935905457,0.8893440365791321,0.9070138931274414,0.8820292949676514
103,0.5144507555742026,0.8093687295913696,0.6797811985015869,0.8711752891540527,0.8980990052223206,0.8593872785568237,0.5125549595932823,0.7670401334762573,0.6221127510070801,0.7907938361167908,0.8857822418212891,0.7303628325462341,0.8275713920593262,0.7058607935905457,0.8893440365791321,0.9070138931274414,0.8820292949676514
104,0.5180854550141364,0.8096544146537781,0.6801843643188477,0.8714080452919006,0.898144543170929,0.8597021698951721,0.5080916726940976,0.7672434449195862,0.6223803162574768,0.7910424470901489,0.8857372999191284,0.7307981252670288,0.8275713920593262,0.7058607935905457,0.8893440365791321,0.9070138931274414,0.8820292949676514
105,0.5211698493176542,0.8097874522209167,0.6803721189498901,0.8714906573295593,0.8983489871025085,0.8597315549850464,0.5732872078892839,0.7674388289451599,0.6226375102996826,0.7912628650665283,0.8857717514038086,0.7311369776725769,0.8275713920593262,0.7058607935905457,0.8893440365791321,0.9070138931274414,0.8820292949676514
106,0.5143467667466122,0.8100869059562683,0.6807950139045715,0.8717499375343323,0.8982840776443481,0.8601327538490295,0.5170647069603802,0.7676255106925964,0.6228832602500916,0.7914277911186218,0.8859979510307312,0.7312629222869873,0.8275713920593262,0.7058607935905457,0.8893440365791321,0.9070138931274414,0.8820292949676514
107,0.5297321954130516,0.8102469444274902,0.6810210943222046,0.8718640804290771,0.8984267115592957,0.8602345585823059,0.6695274874054233,0.7678534388542175,0.6231834888458252,0.7916932106018066,0.8860026001930237,0.7316943407058716,0.8275713920593262,0.7058607935905457,0.8893440365791321,0.9070138931274414,0.8820292949676514
108,0.5199987297464783,0.8104508519172668,0.6813092827796936,0.8720158338546753,0.898537814617157,0.8604037761688232,0.5911244561779956,0.7680249810218811,0.6234095096588135,0.7918556928634644,0.8861644268035889,0.7318571209907532,0.8275713920593262,0.7058607935905457,0.8893440365791321,0.9070138931274414,0.8820292949676514
109,0.5221393763111354,0.8107228875160217,0.6816939115524292,0.872231662273407,0.898585855960846,0.8606926202774048,0.6252973703325444,0.7681871056556702,0.6236233115196228,0.7920040488243103,0.8863391876220703,0.7319886684417725,0.8275713920593262,0.7058607935905457,0.8893440365791321,0.9070138931274414,0.8820292949676514
110,0.5227445830213446,0.8109365701675415,0.6819961071014404,0.8723868727684021,0.8987506031990051,0.8608437776565552,0.578172538084081,0.7683770060539246,0.6238735318183899,0.7922334671020508,0.8863062858581543,0.7323850393295288,0.8275713920593262,0.7058607935905457,0.8893440365791321,0.9070138931274414,0.8820292949676514
111,0.5205247205773028,0.8111581206321716,0.6823094487190247,0.8725585341453552,0.8988372087478638,0.8610525131225586,0.5957250774106226,0.7685384750366211,0.6240865588188171,0.7923519611358643,0.8866053223609924,0.7323885560035706,0.8275713920593262,0.7058607935905457,0.8893440365791321,0.9070138931274414,0.8820292949676514
112,0.51161730000538,0.8113906383514404,0.6826385855674744,0.8727425336837769,0.8988868594169617,0.8612951040267944,0.44835393983514504,0.7687087655067444,0.624311089515686,0.7925437688827515,0.8866348266601562,0.7326836585998535,0.8275713920593262,0.7058607935905457,0.8893440365791321,0.9070138931274414,0.8820292949676514
113,0.5067839763730178,0.8116524815559387,0.6830093264579773,0.8729467988014221,0.8989933133125305,0.8615424036979675,0.37661578750779107,0.7688758373260498,0.6245315670967102,0.7927143573760986,0.8867391347885132,0.7328963875770569,0.8275713920593262,0.7058607935905457,0.8893440365791321,0.9070138931274414,0.8820292949676514
114,0.5138763719464671,0.8119164109230042,0.6833832859992981,0.8731638789176941,0.8990225195884705,0.8618418574333191,0.4976374615457927,0.7690666317939758,0.6247833967208862,0.7929279804229736,0.8867771625518799,0.7332216501235962,0.8275713920593262,0.7058607935905457,0.8893440365791321,0.9070138931274414,0.8820292949676514
115,0.5143906285052827,0.8121753334999084,0.6837502121925354,0.873374879360199,0.8990480303764343,0.8621341586112976,0.49025609200223813,0.769260048866272,0.6250388026237488,0.7930915355682373,0.8870423436164856,0.7333206534385681,0.8275713920593262,0.7058607935905457,0.8893440365791321,0.9070138931274414,0.8820292949676514
116,0.5124738265503246,0.8124348521232605,0.6841180920600891,0.8735734820365906,0.899157702922821,0.8623715043067932,0.46849446825931,0.769476056098938,0.6253238916397095,0.7933900952339172,0.8868408799171448,0.7339373826980591,0.8275713920593262,0.7058607935905457,0.8893440365791321,0.9070138931274414,0.8820292949676514
117,0.5170787783688013,0.8126250505447388,0.6843878626823425,0.8737216591835022,0.8992072939872742,0.8625625371932983,0.5578130883286189,0.7696331143379211,0.6255313754081726,0.793560266494751,0.8868955969810486,0.7341809868812561,0.8275713920593262,0.7058607935905457,0.8893440365791321,0.9070138931274414,0.8820292949676514
118,0.5221641376031806,0.8128005266189575,0.6846368908882141,0.8738527297973633,0.8992917537689209,0.8627137541770935,0.5951583258097857,0.7697502970695496,0.6256862878799438,0.7936968207359314,0.8868953585624695,0.7344045042991638,0.8275713920593262,0.7058607935905457,0.8893440365791321,0.9070138931274414,0.8820292949676514
119,0.5255742240098257,0.8130950927734375,0.6850550174713135,0.8741041421890259,0.8992258906364441,0.8631037473678589,0.6343777839590201,0.7698287963867188,0.625789999961853,0.7937339544296265,0.8871285319328308,0.7343169450759888,0.8275713920593262,0.7058607935905457,0.8893440365791321,0.9070138931274414,0.8820292949676514
120,0.5254971861943691,0.8126950860023499,0.6844871640205383,0.8738313913345337,0.8988158106803894,0.862891435623169,0.5304563766050243,0.769266664981842,0.6250474452972412,0.7934778928756714,0.8854191303253174,0.7349853515625,0.8275713920593262,0.7058607935905457,0.8893440365791321,0.9070138931274414,0.8820292949676514
121,0.5237739585517477,0.8123016953468323,0.6839293241500854,0.8736030459403992,0.8981075882911682,0.8628729581832886,0.4349029586195616,0.7690430283546448,0.6247522234916687,0.793121337890625,0.8858312368392944,0.7341399192810059,0.8275713920593262,0.7058607935905457,0.8893440365791321,0.9070138931274414,0.8820292949676514
122,0.5315857328152171,0.8109093308448792,0.6819576025009155,0.8723956942558289,0.8984421491622925,0.8609899878501892,0.41838724700306884,0.7689266800880432,0.6245986223220825,0.7929257154464722,0.8860881328582764,0.7336564064025879,0.8275713920593262,0.7058607935905457,0.8893440365791321,0.9070138931274414,0.8820292949676514
123,0.5287080307883888,0.8101633787155151,0.6809031367301941,0.87176913022995,0.8985022902488708,0.8600631356239319,0.4884296051310245,0.7686855792999268,0.6242805123329163,0.7927933931350708,0.8854523301124573,0.7338443994522095,0.8275713920593262,0.7058607935905457,0.8893440365791321,0.9070138931274414,0.8820292949676514
124,0.5208619812297717,0.810099720954895,0.6808131337165833,0.871743381023407,0.8983061909675598,0.8601117730140686,0.5510314087872628,0.7686823606491089,0.6242762207984924,0.7928208708763123,0.8853186368942261,0.7339745759963989,0.8275713920593262,0.7058607935905457,0.8893440365791321,0.9070138931274414,0.8820292949676514
125,0.5089315519630147,0.8101748824119568,0.680919349193573,0.8717920780181885,0.8983830213546753,0.8601476550102234,0.41332302265458964,0.7686406970024109,0.6242213249206543,0.7927708029747009,0.8853253722190857,0.7338882088661194,0.8275713920593262,0.7058607935905457,0.8893440365791321,0.9070138931274414,0.8820292949676514
126,0.5193708594750877,0.8102815747261047,0.6810700297355652,0.8718793988227844,0.89839768409729,0.8602671027183533,0.5488367666653685,0.7686647176742554,0.6242530345916748,0.7928245663642883,0.8852152228355408,0.7340462803840637,0.8275713920593262,0.7058607935905457,0.8893440365791321,0.9070138931274414,0.8820292949676514
127,0.5224384377781602,0.8104199171066284,0.6812655329704285,0.8719952702522278,0.8983985185623169,0.8604333996772766,0.5976408423265374,0.7687097787857056,0.6243124008178711,0.7928564548492432,0.885303258895874,0.7340424656867981,0.8275713920593262,0.7058607935905457,0.8893440365791321,0.9070138931274414,0.8820292949676514
128,0.5180179627434166,0.8106313347816467,0.681564450263977,0.8721725940704346,0.8983935117721558,0.8606905341148376,0.526401286763277,0.7687824368476868,0.6244081854820251,0.7929036021232605,0.8854634165763855,0.7340176701545715,0.8275713920593262,0.7058607935905457,0.8893440365791321,0.9070138931274414,0.8820292949676514
129,0.5107887805740003,0.810752809047699,0.6817362904548645,0.8722488880157471,0.898535430431366,0.8607376217842102,0.4457708745942372,0.7688838243484497,0.6245419979095459,0.7929980754852295,0.8855648040771484,0.7341076135635376,0.8275713920593262,0.7058607935905457,0.8893440365791321,0.9070138931274414,0.8820292949676514
130,0.5142495057717311,0.8108904361724854,0.6819308400154114,0.8723477125167847,0.8986355066299438,0.8608355522155762,0.5213417968211298,0.7690029740333557,0.6246993541717529,0.7931227684020996,0.8856252431869507,0.7342733144760132,0.8275713920593262,0.7058607935905457,0.8893440365791321,0.9070138931274414,0.8820292949676514
131,0.5179956999510021,0.8110445737838745,0.682148814201355,0.8724663853645325,0.8986915349960327,0.8609814047813416,0.5238447475585728,0.7691254019737244,0.6248608827590942,0.7932680249214172,0.8856137990951538,0.7345182299613953,0.8275713920593262,0.7058607935905457,0.8893440365791321,0.9070138931274414,0.8820292949676514
132,0.5132471980929166,0.8112914562225342,0.6824982166290283,0.8726727962493896,0.8986474871635437,0.8612969517707825,0.49998820206236155,0.769116997718811,0.624849796295166,0.7932025194168091,0.885852038860321,0.7342596054077148,0.8275713920593262,0.7058607935905457,0.8893440365791321,0.9070138931274414,0.8820292949676514
133,0.5099955898538229,0.8114190101623535,0.6826788187026978,0.8727583885192871,0.898792028427124,0.8613566756248474,0.37007139210280693,0.7692664265632629,0.6250470280647278,0.7933726906776428,0.885868489742279,0.7345274090766907,0.8275713920593262,0.7058607935905457,0.8893440365791321,0.9070138931274414,0.8820292949676514
134,0.5169510203189218,0.8116199970245361,0.6829633116722107,0.8729119300842285,0.8989031910896301,0.8615290522575378,0.4975957915419786,0.7693545818328857,0.6251635551452637,0.793437659740448,0.8860301375389099,0.7345309257507324,0.8275713920593262,0.7058607935905457,0.8893440365791321,0.9070138931274414,0.8820292949676514
135,0.5119813403675421,0.8117818236351013,0.6831926703453064,0.8730383515357971,0.898956835269928,0.861687421798706,0.4526311698131928,0.7694612741470337,0.6253044009208679,0.7935352921485901,0.8861438035964966,0.7346185445785522,0.8275713920593262,0.7058607935905457,0.8893440365791321,0.9070138931274414,0.8820292949676514
136,0.5205613643457827,0.8115930557250977,0.682925283908844,0.8728688955307007,0.8990526795387268,0.8614018559455872,0.5392094726947909,0.769507646560669,0.6253655552864075,0.7936453223228455,0.8859032392501831,0.7349514365196228,0.8275713920593262,0.7058607935905457,0.8893440365791321,0.9070138931274414,0.8820292949676514
137,0.5217200897034419,0.8117499947547913,0.6831474304199219,0.8730172514915466,0.8989202976226807,0.8616730570793152,0.5708973995039979,0.7694962620735168,0.6253505945205688,0.7936578392982483,0.8857928514480591,0.7350420951843262,0.8275713920593262,0.7058607935905457,0.8893440365791321,0.9070138931274414,0.8820292949676514
138,0.513714246790912,0.8118672966957092,0.6833136677742004,0.873123049736023,0.8988639712333679,0.861849844455719,0.48542802616491165,0.7695692777633667,0.6254470348358154,0.7937312722206116,0.885841965675354,0.7351311445236206,0.8275713920593262,0.7058607935905457,0.8893440365791321,0.9070138931274414,0.8820292949676514
139,0.5088101286426479,0.812008798122406,0.6835141181945801,0.8732149600982666,0.8990700244903564,0.8618922829627991,0.36215849145791346,0.7696256637573242,0.6255215406417847,0.793822705745697,0.8857306241989136,0.7353515625,0.8275713920593262,0.7058607935905457,0.8893440365791321,0.9070138931274414,0.8820292949676514
140,0.5116088488811811,0.812231183052063,0.6838293671607971,0.8734225034713745,0.8989200592041016,0.8622565269470215,0.4452697986376474,0.7696730494499207,0.6255841851234436,0.7939531207084656,0.8854073882102966,0.735770583152771,0.8275713920593262,0.7058607935905457,0.8893440365791321,0.9070138931274414,0.8820292949676514
141,0.5229610823190026,0.8124182820320129,0.6840945482254028,0.8735760450363159,0.8989338278770447,0.8624711632728577,0.5985782956798511,0.7697267532348633,0.6256550550460815,0.7940065264701843,0.8854457139968872,0.7358335852622986,0.8275713920593262,0.7058607935905457,0.8893440365791321,0.9070138931274414,0.8820292949676514
142,0.5145880556489435,0.8126495480537415,0.6844226121902466,0.8737602233886719,0.8989686965942383,0.8627206087112427,0.5200636340820421,0.769791841506958,0.6257411241531372,0.7940582633018494,0.8855488300323486,0.7358525395393372,0.8275713920593262,0.7058607935905457,0.8893440365791321,0.9070138931274414,0.8820292949676514
143,0.5204006417050697,0.8127343654632568,0.6845428943634033,0.873849630355835,0.8988344669342041,0.862907886505127,0.49167849889316917,0.7697072625160217,0.6256293654441833,0.7941074967384338,0.884914755821228,0.7363365292549133,0.8275713920593262,0.7058607935905457,0.8893440365791321,0.9070138931274414,0.8820292949676514
144,0.5206564731288486,0.8127978444099426,0.6846331357955933,0.8739383816719055,0.8985679745674133,0.8631520867347717,0.5466238663363261,0.7696059346199036,0.6254954934120178,0.794069766998291,0.8845716118812561,0.7364929914474487,0.8275713920593262,0.7058607935905457,0.8893440365791321,0.9070138931274414,0.8820292949676514
145,0.5201232767055559,0.8129315972328186,0.6848229169845581,0.8740528225898743,0.898552417755127,0.8633236885070801,0.5782969838409204,0.7696571350097656,0.6255631446838379,0.7941749691963196,0.8843745589256287,0.7367905974388123,0.8275713920593262,0.7058607935905457,0.8893440365791321,0.9070138931274414,0.8820292949676514
146,0.5168444669536331,0.8131890892982483,0.6851884126663208,0.8742911219596863,0.8983651399612427,0.8637482523918152,0.5171143335647048,0.7696749567985535,0.625586748123169,0.7941569685935974,0.8845412731170654,0.736655056476593,0.8275713920593262,0.7058607935905457,0.8893440365791321,0.9070138931274414,0.8820292949676514
147,0.5166657022921921,0.8131794929504395,0.6851747035980225,0.8742401599884033,0.8986676335334778,0.8635423183441162,0.531927098655989,0.7697487473487854,0.6256842017173767,0.7942334413528442,0.884580671787262,0.7367551326751709,0.8275713920593262,0.7058607935905457,0.8893440365791321,0.9070138931274414,0.8820292949676514
148,0.5226469118760335,0.8134084343910217,0.6854999661445618,0.8744347095489502,0.8986355662345886,0.8638361692428589,0.6052273908430919,0.7697914838790894,0.625740647315979,0.7942471504211426,0.8847351670265198,0.736679196357727,0.8275713920593262,0.7058607935905457,0.8893440365791321,0.9070138931274414,0.8820292949676514
149,0.5118187417452117,0.8136155009269714,0.6857940554618835,0.8746024370193481,0.8986265659332275,0.8640807867050171,0.49838551384905744,0.7699055075645447,0.6258913278579712,0.7943629026412964,0.8848064541816711,0.7368232607841492,0.8275713920593262,0.7058607935905457,0.8893440365791321,0.9070138931274414,0.8820292949676514
150,0.5085802583491876,0.8138389587402344,0.6861116886138916,0.8747742176055908,0.8987324237823486,0.8642817139625549,0.3697991503695611,0.7699832916259766,0.6259941458702087,0.7943963408470154,0.8850511908531189,0.7367222905158997,0.8275713920593262,0.7058607935905457,0.8893440365791321,0.9070138931274414,0.8820292949676514
151,0.5056243653891132,0.8140336871147156,0.6863885521888733,0.874916136264801,0.8988819122314453,0.8644205331802368,0.3159049153587332,0.7701082229614258,0.6261593699455261,0.7945500612258911,0.8850136995315552,0.7369976043701172,0.8275713920593262,0.7058607935905457,0.8893440365791321,0.9070138931274414,0.8820292949676514
152,0.5206430640367014,0.8142207860946655,0.6866546273231506,0.8750631809234619,0.898945689201355,0.8646040558815002,0.5829988557251145,0.7701677680015564,0.6262379884719849,0.7945662140846252,0.8852412700653076,0.7368794083595276,0.8275713920593262,0.7058607935905457,0.8893440365791321,0.9070138931274414,0.8820292949676514
153,0.5168302987613576,0.8143690228462219,0.6868655681610107,0.8751598000526428,0.8991228938102722,0.8646653890609741,0.5462840609196173,0.7702829241752625,0.6263903975486755,0.7946991324424744,0.885245144367218,0.7370943427085876,0.8275713920593262,0.7058607935905457,0.8893440365791321,0.9070138931274414,0.8820292949676514
154,0.5075907821984765,0.8146054744720459,0.6872019171714783,0.8753460049629211,0.8991537690162659,0.8649190068244934,0.4483114749617872,0.7703688740730286,0.6265040040016174,0.794748842716217,0.885460376739502,0.737038791179657,0.8275713920593262,0.7058607935905457,0.8893440365791321,0.9070138931274414,0.8820292949676514
155,0.5096314002622552,0.8147999048233032,0.68747878074646,0.87548828125,0.8993005752563477,0.865059494972229,0.43626605057850953,0.7705119848251343,0.6266933679580688,0.7949201464653015,0.8854374885559082,0.7373335957527161,0.8275713920593262,0.7058607935905457,0.8893440365791321,0.9070138931274414,0.8820292949676514
156,0.5100356821728466,0.8150134682655334,0.687782883644104,0.8756595253944397,0.8993504047393799,0.8652842044830322,0.4607643902623234,0.7705921530723572,0.6267994046211243,0.7949708104133606,0.8856202960014343,0.7373001575469971,0.8275713920593262,0.7058607935905457,0.8893440365791321,0.9070138931274414,0.8820292949676514
157,0.5125346882966479,0.8152581453323364,0.6881314516067505,0.8758471608161926,0.8994541764259338,0.8655086159706116,0.5030661230228481,0.7707329392433167,0.6269857287406921,0.7951341271400452,0.8856201767921448,0.7375674247741699,0.8275713920593262,0.7058607935905457,0.8893440365791321,0.9070138931274414,0.8820292949676514
158,0.5152051854759949,0.81549471616745,0.6884686350822449,0.8760326504707336,0.8995260000228882,0.8657439351081848,0.5468454497121966,0.7708907723426819,0.6271947622299194,0.7953413724899292,0.8855152726173401,0.7379732728004456,0.8275713920593262,0.7058607935905457,0.8893440365791321,0.9070138931274414,0.8820292949676514
159,0.5172515715150855,0.8157770037651062,0.6888710856437683,0.8762760162353516,0.8994584679603577,0.8661237359046936,0.545883413999019,0.7709559798240662,0.6272809505462646,0.7953689694404602,0.8857225775718689,0.7378865480422974,0.8275713920593262,0.7058607935905457,0.8893440365791321,0.9070138931274414,0.8820292949676514
160,0.5109075584626368,0.8159011602401733,0.6890482306480408,0.8763476610183716,0.8996684551239014,0.8661344647407532,0.4623223707869404,0.7711036205291748,0.6274766325950623,0.7955530285835266,0.8856667280197144,0.7382231950759888,0.8275713920593262,0.7058607935905457,0.8893440365791321,0.9070138931274414,0.8820292949676514
161,0.5072723808071185,0.8161673545837402,0.6894279718399048,0.8765645027160645,0.8996695876121521,0.8664454817771912,0.4407568539402338,0.7711685299873352,0.6275624632835388,0.7955759167671204,0.8858925700187683,0.7381171584129333,0.8275713920593262,0.7058607935905457,0.8893440365791321,0.9070138931274414,0.8820292949676514
162,0.5112880297368187,0.816376268863678,0.6897261738777161,0.8767246603965759,0.8997607231140137,0.8666360378265381,0.48128411221925443,0.7712551355361938,0.6276772022247314,0.7956583499908447,0.8859704732894897,0.7382023930549622,0.8275713920593262,0.7058607935905457,0.8893440365791321,0.9070138931274414,0.8820292949676514
163,0.5151687217377504,0.8165804743766785,0.6900177597999573,0.8768717646598816,0.8998890519142151,0.8667908906936646,0.5400410213374395,0.7713897824287415,0.627855658531189,0.7957818508148193,0.8861114382743835,0.7383148074150085,0.8275713920593262,0.7058607935905457,0.8893440365791321,0.9070138931274414,0.8820292949676514
164,0.5102747560053169,0.8167828321456909,0.6903067827224731,0.8770316243171692,0.8999326229095459,0.8670017123222351,0.476609074938433,0.7715244889259338,0.6280341148376465,0.7959173321723938,0.8862001895904541,0.7384799122810364,0.8275713920593262,0.7058607935905457,0.8893440365791321,0.9070138931274414,0.8820292949676514
165,0.5088983378399664,0.8170025944709778,0.6906208395957947,0.877196192741394,0.9000334739685059,0.867193877696991,0.45478941123940103,0.7716140747070312,0.6281527876853943,0.7960010170936584,0.8862866163253784,0.7385619878768921,0.8275713920593262,0.7058607935905457,0.8893440365791321,0.9070138931274414,0.8820292949676514
166,0.5187457889829608,0.8172241449356079,0.6909374594688416,0.8773654103279114,0.900140106678009,0.8673906922340393,0.566178057850995,0.7717570066452026,0.62834233045578,0.7961416244506836,0.8863949179649353,0.7387231588363647,0.8275713920593262,0.7058607935905457,0.8893440365791321,0.9070138931274414,0.8820292949676514
167,0.5065365780020596,0.8174638748168945,0.6912803053855896,0.8775461316108704,0.9002532362937927,0.8676009774208069,0.41948471120992764,0.77188640832901,0.6285138726234436,0.7962777018547058,0.8864542245864868,0.738908052444458,0.8275713920593262,0.7058607935905457,0.8893440365791321,0.9070138931274414,0.8820292949676514
168,0.5097004154150819,0.8177093863487244,0.6916313767433167,0.8777458071708679,0.9002623558044434,0.8678840398788452,0.46860741319076377,0.7718813419342041,0.628507137298584,0.7962116599082947,0.8867162466049194,0.7386331558227539,0.8275713920593262,0.7058607935905457,0.8893440365791321,0.9070138931274414,0.8820292949676514
169,0.5100565950561932,0.8178848624229431,0.6918825507164001,0.8778748512268066,0.9003788828849792,0.8680186867713928,0.4274639181766112,0.7720353007316589,0.6287113428115845,0.7963926792144775,0.8867039084434509,0.738937258720398,0.8275713920593262,0.7058607935905457,0.8893440365791321,0.9070138931274414,0.8820292949676514
170,0.5098156091284817,0.8181288838386536,0.6922319531440735,0.8780706524848938,0.900391161441803,0.8682945966720581,0.45499182031524416,0.7721105813980103,0.6288111209869385,0.7964450120925903,0.886854887008667,0.738926887512207,0.8275713920593262,0.7058607935905457,0.8893440365791321,0.9070138931274414,0.8820292949676514
171,0.5133639307759521,0.8183547854423523,0.6925553679466248,0.8782474398612976,0.9004554152488708,0.8685207962989807,0.5232826225274834,0.7722386717796326,0.6289809942245483,0.7965928316116333,0.8868562579154968,0.7391678690910339,0.8275713920593262,0.7058607935905457,0.8893440365791321,0.9070138931274414,0.8820292949676514
172,0.5261703237257027,0.8185571432113647,0.6928452849388123,0.8784058094024658,0.900530219078064,0.8687160611152649,0.6682734493056454,0.7723353505134583,0.6291093826293945,0.7966722249984741,0.8869980573654175,0.7392074465751648,0.8275713920593262,0.7058607935905457,0.8893440365791321,0.9070138931274414,0.8820292949676514
173,0.5219362210926267,0.818735659122467,0.6931011080741882,0.8785357475280762,0.9006443619728088,0.8688528537750244,0.6422778882989999,0.7724193334579468,0.6292208433151245,0.7967466711997986,0.887096643447876,0.7392666339874268,0.8275713920593262,0.7058607935905457,0.8893440365791321,0.9070138931274414,0.8820292949676514
174,0.5070294930955359,0.8189399838447571,0.6933940052986145,0.878700315952301,0.9006716012954712,0.8690776228904724,0.42450379220325607,0.7724698781967163,0.629287838935852,0.7967615127563477,0.8872868418693542,0.7391698956489563,0.8275713920593262,0.7058607935905457,0.8893440365791321,0.9070138931274414,0.8820292949676514
175,0.5136523743855365,0.8191390633583069,0.6936796307563782,0.8788527846336365,0.9007439613342285,0.8692651391029358,0.5232494384137959,0.7725728154182434,0.6294244527816772,0.7968677878379822,0.8873424530029297,0.7393084764480591,0.8275713920593262,0.7058607935905457,0.8893440365791321,0.9070138931274414,0.8820292949676514
176,0.5136637464957721,0.8193361163139343,0.6939620971679688,0.8790075182914734,0.9007980227470398,0.8694639801979065,0.5414088829178321,0.7726854681968689,0.6295740604400635,0.7970106601715088,0.8872873783111572,0.7395772337913513,0.8275713920593262,0.7058607935905457,0.8893440365791321,0.9070138931274414,0.8820292949676514
177,0.5153158887169462,0.8195173144340515,0.6942221522331238,0.8791464567184448,0.9008702635765076,0.8696321845054626,0.5341984157042563,0.7727826237678528,0.6297031044960022,0.797112226486206,0.8873340487480164,0.7397137880325317,0.8275713920593262,0.7058607935905457,0.8893440365791321,0.9070138931274414,0.8820292949676514
178,0.5145238020646516,0.8197446465492249,0.6945485472679138,0.8793238997459412,0.9009474515914917,0.8698537945747375,0.5439361860298482,0.7728731632232666,0.6298233270645142,0.7972109317779541,0.8873598575592041,0.7398589253425598,0.8275713920593262,0.7058607935905457,0.8893440365791321,0.9070138931274414,0.8820292949676514
179,0.5118420316964811,0.8199788331985474,0.6948848366737366,0.8795260787010193,0.9008828997612,0.8701731562614441,0.4487605043644426,0.7729094624519348,0.6298715472221375,0.7972145080566406,0.8875279426574707,0.7397577166557312,0.8275713920593262,0.7058607935905457,0.8893440365791321,0.9070138931274414,0.8820292949676514
180,0.5314117369683907,0.8201127052307129,0.695077121257782,0.8796091675758362,0.9010822176933289,0.870205283164978,0.7230660110041607,0.773025631904602,0.6300258636474609,0.7973385453224182,0.8875724077224731,0.7399323582649231,0.8275713920593262,0.7058607935905457,0.8893440365791321,0.9070138931274414,0.8820292949676514
181,0.5123440687601541,0.8203163146972656,0.6953697204589844,0.8797702193260193,0.901111900806427,0.8704237341880798,0.5127902557345612,0.7731258273124695,0.6301590204238892,0.7974346876144409,0.8876581192016602,0.7400351166725159,0.8275713920593262,0.7058607935905457,0.8893440365791321,0.9070138931274414,0.8820292949676514
182,0.5100493808504731,0.8205369114875793,0.6956868767738342,0.8799357414245605,0.9012311697006226,0.870609700679779,0.4793752917308698,0.7732580900192261,0.6303348541259766,0.7975989580154419,0.8876076936721802,0.740336000919342,0.8275713920593262,0.7058607935905457,0.8893440365791321,0.9070138931274414,0.8820292949676514
183,0.5120582754681395,0.8207755088806152,0.6960299611091614,0.880126953125,0.9012680649757385,0.8708686232566833,0.4827915669639161,0.7733029127120972,0.6303943395614624,0.797607958316803,0.8877949118614197,0.7402316331863403,0.8275713920593262,0.7058607935905457,0.8893440365791321,0.9070138931274414,0.8820292949676514
184,0.5129014775915347,0.8209686279296875,0.6963076591491699,0.8802668452262878,0.9014229774475098,0.8710024356842041,0.49031030905740836,0.7734095454216003,0.6305360794067383,0.797719419002533,0.8878462910652161,0.7403813004493713,0.8275713920593262,0.7058607935905457,0.8893440365791321,0.9070138931274414,0.8820292949676514
185,0.5157931298042874,0.8211716413497925,0.6965998411178589,0.880419135093689,0.901527464389801,0.8711756467819214,0.5641097503423886,0.7734830379486084,0.6306337714195251,0.7977873086929321,0.8879203200340271,0.7404453158378601,0.8275713920593262,0.7058607935905457,0.8893440365791321,0.9070138931274414,0.8820292949676514
186,0.5102171550091972,0.8213954567909241,0.6969220042228699,0.8805880546569824,0.9016294479370117,0.8713739514350891,0.49116534112707955,0.7735917568206787,0.6307783126831055,0.7979015111923218,0.887969970703125,0.7406005859375,0.8275713920593262,0.7058607935905457,0.8893440365791321,0.9070138931274414,0.8820292949676514
187,0.5042775967122909,0.8216120004653931,0.6972339153289795,0.8807494044303894,0.9017263650894165,0.8715633153915405,0.4056321183490591,0.7736384868621826,0.6308404207229614,0.7979130148887634,0.8881562352180481,0.740500807762146,0.8275713920593262,0.7058607935905457,0.8893440365791321,0.9070138931274414,0.8820292949676514
188,0.5219299365208225,0.8217740654945374,0.6974672675132751,0.880858838558197,0.9019083976745605,0.8716410398483276,0.6366768318021785,0.7737544178962708,0.6309946179389954,0.7981036901473999,0.8879057168960571,0.7409722208976746,0.8275713920593262,0.7058607935905457,0.8893440365791321,0.9070138931274414,0.8820292949676514
189,0.5151252121419755,0.8219866752624512,0.6977736949920654,0.8810545802116394,0.9017448425292969,0.8719943165779114,0.515839182597547,0.773738443851471,0.6309733986854553,0.7980409860610962,0.8881007432937622,0.740745484828949,0.8275713920593262,0.7058607935905457,0.8893440365791321,0.9070138931274414,0.8820292949676514
190,0.5173813648416008,0.8220545053482056,0.6978713870048523,0.8810864090919495,0.901920735836029,0.8719629645347595,0.5234684890044279,0.7738566398620605,0.6311306357383728,0.7981823086738586,0.8880788087844849,0.7409906387329102,0.8275713920593262,0.7058607935905457,0.8893440365791321,0.9070138931274414,0.8820292949676514
191,0.5100845622862314,0.8222793340682983,0.6981955170631409,0.8812692165374756,0.9019195437431335,0.8722265362739563,0.4782881857172583,0.7739228010177612,0.631218671798706,0.7982365489006042,0.8881758451461792,0.741017758846283,0.8275713920593262,0.7058607935905457,0.8893440365791321,0.9070138931274414,0.8820292949676514
192,0.5132192606709285,0.8224323987960815,0.6984163522720337,0.8813795447349548,0.902030885219574,0.8723363876342773,0.5340805981756385,0.7740364670753479,0.631369948387146,0.7983621954917908,0.8881997466087341,0.7412081360816956,0.8275713920593262,0.7058607935905457,0.8893440365791321,0.9070138931274414,0.8820292949676514
193,0.5123133983687677,0.8226385712623596,0.6987137794494629,0.8815370798110962,0.902092695236206,0.8725357055664062,0.5397456335588282,0.7741081118583679,0.6314651966094971,0.7984243035316467,0.8882899284362793,0.7412523627281189,0.8275713920593262,0.7058607935905457,0.8893440365791321,0.9070138931274414,0.8820292949676514
194,0.521300540426284,0.8228159546852112,0.6989696621894836,0.8816697597503662,0.9021927714347839,0.8726827502250671,0.6154226665606664,0.7742312550544739,0.6316291093826294,0.7985612750053406,0.8883117437362671,0.7414626479148865,0.8275713920593262,0.7058607935905457,0.8893440365791321,0.9070138931274414,0.8820292949676514
195,0.5116364508300538,0.8230277895927429,0.6992754340171814,0.8818323016166687,0.9022597074508667,0.8728870749473572,0.5082222591101633,0.7743133306503296,0.6317384839057922,0.7986438274383545,0.8883650898933411,0.7415637373924255,0.8275713920593262,0.7058607935905457,0.8893440365791321,0.9070138931274414,0.8820292949676514
196,0.5118076507369351,0.823154628276825,0.699458658695221,0.881918728351593,0.9023715853691101,0.8729621767997742,0.46449946211702814,0.7744408249855042,0.6319081783294678,0.79881751537323,0.8882465958595276,0.7419233322143555,0.8275713920593262,0.7058607935905457,0.8893440365791321,0.9070138931274414,0.8820292949676514
197,0.5128697147391683,0.8233214616775513,0.6996995210647583,0.8820495009422302,0.9024097323417664,0.8731334805488586,0.4771389898768054,0.7744961380958557,0.6319818496704102,0.7988606691360474,0.8883370757102966,0.7419363856315613,0.8275713920593262,0.7058607935905457,0.8893440365791321,0.9070138931274414,0.8820292949676514
198,0.5133781967923143,0.8235179781913757,0.6999834179878235,0.8821948170661926,0.9025072455406189,0.8732997179031372,0.5594105898030595,0.7745876312255859,0.6321036219596863,0.7989570498466492,0.8883768916130066,0.7420687079429626,0.8275713920593262,0.7058607935905457,0.8893440365791321,0.9070138931274414,0.8820292949676514
199,0.5060505093947989,0.823704719543457,0.700253427028656,0.882336437702179,0.9025772213935852,0.8734726309776306,0.33254275458876026,0.774686336517334,0.6322351098060608,0.7990420460700989,0.8885033130645752,0.7421274185180664,0.8275713920593262,0.7058607935905457,0.8893440365791321,0.9070138931274414,0.8820292949676514
