,train_loss,train_dice,train_iou,train_acc,train_sens,train_spec,val_loss,val_dice,val_iou,val_acc,val_sens,val_spec,test_dice,test_iou,test_acc,test_sens,test_spec
0,1.3198642911909895,0.60233074426651,0.430953711271286,0.6749563813209534,0.7943360805511475,0.6213473081588745,1.149425823727889,0.7587644457817078,0.6112977266311646,0.7971957921981812,0.8202725052833557,0.7825145721435547,0.8560116291046143,0.7482694983482361,0.916415810585022,0.8486318588256836,0.9444761276245117
1,1.1787235065836907,0.6537383794784546,0.48559534549713135,0.7381657958030701,0.7975825071334839,0.711483895778656,1.0861997166256445,0.7524860501289368,0.6031885147094727,0.7812671661376953,0.8551225066184998,0.7342808842658997,0.8560116291046143,0.7482694983482361,0.916415810585022,0.8486318588256836,0.9444761276245117
2,1.1735915986709822,0.6675465703010559,0.5009905695915222,0.7459586262702942,0.8230097889900208,0.7113577127456665,1.1485631012409092,0.7505620121955872,0.600719690322876,0.775890588760376,0.8671607375144958,0.717825174331665,0.8560116291046143,0.7482694983482361,0.916415810585022,0.8486318588256836,0.9444761276245117
3,1.1922684727357913,0.6779453754425049,0.5127967596054077,0.7583470940589905,0.8207423686981201,0.7303275465965271,1.3883546468447685,0.7521783113479614,0.6027931571006775,0.7792913317680359,0.8614230155944824,0.7270396947860718,0.8560116291046143,0.7482694983482361,0.916415810585022,0.8486318588256836,0.9444761276245117
4,1.166812764767374,0.6869331002235413,0.5231516361236572,0.7673938870429993,0.8234705924987793,0.7422118186950684,1.1774299478030097,0.751075267791748,0.601377546787262,0.7764205932617188,0.8674867153167725,0.7184849381446838,0.8560116291046143,0.7482694983482361,0.916415810585022,0.8486318588256836,0.9444761276245117
5,1.1600748494290782,0.6898705363273621,0.526566743850708,0.767160177230835,0.8356637358665466,0.7363977432250977,1.1056821667306775,0.7488168478012085,0.5984869599342346,0.7720184922218323,0.8739774823188782,0.7071529030799866,0.8560116291046143,0.7482694983482361,0.916415810585022,0.8486318588256836,0.9444761276245117
6,1.162180352726525,0.6938468217849731,0.5312139987945557,0.7696443200111389,0.8423130512237549,0.7370114326477051,1.224721428830768,0.7485553026199341,0.5981529355049133,0.7715059518814087,0.8747256994247437,0.7058382630348206,0.8560116291046143,0.7482694983482361,0.916415810585022,0.8486318588256836,0.9444761276245117
7,1.159201102494441,0.6951848864555359,0.5327841639518738,0.7689578533172607,0.8501677513122559,0.7324894070625305,1.1352422978898975,0.7490770816802979,0.5988194942474365,0.7734214663505554,0.8698021173477173,0.7121047973632812,0.8560116291046143,0.7482694983482361,0.916415810585022,0.8486318588256836,0.9444761276245117
8,1.1663403220436228,0.6992547512054443,0.5375800728797913,0.7740278244018555,0.8476980924606323,0.7409452199935913,1.2350457240467914,0.748473584651947,0.5980486273765564,0.7721933722496033,0.8717156052589417,0.7088781595230103,0.8560116291046143,0.7482694983482361,0.916415810585022,0.8486318588256836,0.9444761276245117
9,1.1419104061425343,0.7023342847824097,0.5412289500236511,0.7761933207511902,0.8519962430000305,0.7421530485153198,1.0517619623787422,0.7481759190559387,0.5976685881614685,0.7713552117347717,0.8735411763191223,0.7063452005386353,0.8560116291046143,0.7482694983482361,0.916415810585022,0.8486318588256836,0.9444761276245117
10,1.1346970332400037,0.7058767676353455,0.545447826385498,0.7793098092079163,0.8545393943786621,0.7455270290374756,1.006993068266644,0.7479827404022217,0.5974220633506775,0.7707152366638184,0.8750884532928467,0.7043137550354004,0.8560116291046143,0.7482694983482361,0.916415810585022,0.8486318588256836,0.9444761276245117
11,1.1442464878041232,0.7087411880493164,0.5488760471343994,0.7815871238708496,0.8575043082237244,0.7474955320358276,1.1864738903226413,0.7485764026641846,0.5981799364089966,0.7714676260948181,0.8749703764915466,0.7056199312210083,0.8560116291046143,0.7482694983482361,0.916415810585022,0.8486318588256836,0.9444761276245117
12,1.1441454200336796,0.7115337252616882,0.552233099937439,0.7839863896369934,0.8596687316894531,0.7500002384185791,1.2182526230933215,0.7493480443954468,0.5991658568382263,0.7723312377929688,0.8752484321594238,0.7068560719490051,0.8560116291046143,0.7482694983482361,0.916415810585022,0.8486318588256836,0.9444761276245117
13,1.1335603481348027,0.7147901058197021,0.5561661124229431,0.7876332402229309,0.8587170243263245,0.7557122707366943,1.0197594266778935,0.7495271563529968,0.5993949770927429,0.771792471408844,0.8781570792198181,0.7041240334510803,0.8560116291046143,0.7482694983482361,0.916415810585022,0.8486318588256836,0.9444761276245117
14,1.1523811366679375,0.7154983878135681,0.5570241808891296,0.7873560190200806,0.8628329634666443,0.7534620761871338,1.2926352742999074,0.7508213520050049,0.6010519862174988,0.7734144330024719,0.8779577016830444,0.7069047093391418,0.8560116291046143,0.7482694983482361,0.916415810585022,0.8486318588256836,0.9444761276245117
15,1.1325903703446436,0.7176357507705688,0.5596193075180054,0.7892570495605469,0.864165723323822,0.7556182742118835,1.0788153771738571,0.7511932849884033,0.6015288829803467,0.7736884355545044,0.8786420822143555,0.7069175839424133,0.8560116291046143,0.7482694983482361,0.916415810585022,0.8486318588256836,0.9444761276245117
16,1.1330824302695093,0.7203811407089233,0.5629653334617615,0.7920008897781372,0.8645836710929871,0.759406566619873,1.182715054498943,0.751802921295166,0.6023110747337341,0.7740333080291748,0.8801717758178711,0.7065086960792542,0.8560116291046143,0.7482694983482361,0.916415810585022,0.8486318588256836,0.9444761276245117
17,1.1275211962279814,0.7220005989074707,0.5649458765983582,0.7930957078933716,0.8669872879981995,0.7599136233329773,1.074961362405302,0.7527225613594055,0.6034924983978271,0.7750420570373535,0.8805772662162781,0.7079011797904968,0.8560116291046143,0.7482694983482361,0.916415810585022,0.8486318588256836,0.9444761276245117
18,1.1393379245787782,0.7240023016929626,0.5674009323120117,0.7950931191444397,0.8672428131103516,0.7626932859420776,1.2241223696171595,0.7533191442489624,0.6042597889900208,0.7753632664680481,0.8821448087692261,0.7074295282363892,0.8560116291046143,0.7482694983482361,0.916415810585022,0.8486318588256836,0.9444761276245117
19,1.1403497651062384,0.725021243095398,0.5686535835266113,0.7956144213676453,0.8694638013839722,0.7624513506889343,1.2527817090332172,0.7543892860412598,0.6056381464004517,0.7766732573509216,0.8820732831954956,0.7096184492111206,0.8560116291046143,0.7482694983482361,0.916415810585022,0.8486318588256836,0.9444761276245117
20,1.124282630565038,0.726474940776825,0.5704442262649536,0.7968413829803467,0.8705795407295227,0.7637283205986023,1.0270541932119468,0.7555168271064758,0.6070928573608398,0.7780545353889465,0.8819766044616699,0.7119399905204773,0.8560116291046143,0.7482694983482361,0.916415810585022,0.8486318588256836,0.9444761276245117
21,1.1331839163441613,0.7284934520721436,0.5729372501373291,0.7989112734794617,0.8705282211303711,0.7667506337165833,1.2258625279956383,0.7561970949172974,0.607971727848053,0.7787579894065857,0.8824279308319092,0.7128037810325623,0.8560116291046143,0.7482694983482361,0.916415810585022,0.8486318588256836,0.9444761276245117
22,1.127103407662462,0.730595052242279,0.5755413174629211,0.8011556267738342,0.8700297474861145,0.7702267169952393,1.1374698639547218,0.7565601468086243,0.6084412336349487,0.7789035439491272,0.8835865259170532,0.7123050093650818,0.8560116291046143,0.7482694983482361,0.916415810585022,0.8486318588256836,0.9444761276245117
23,1.129510006807197,0.7315769195556641,0.5767609477043152,0.8018513321876526,0.8713265657424927,0.7706525325775146,1.1245555301373726,0.7571262121200562,0.6091738343238831,0.7808120250701904,0.8786582350730896,0.71856290102005,0.8560116291046143,0.7482694983482361,0.916415810585022,0.8486318588256836,0.9444761276245117
24,1.1420256026173816,0.732864499092102,0.5783631205558777,0.8034810423851013,0.8698535561561584,0.7736756205558777,1.1561056460470946,0.7568395733833313,0.6088027954101562,0.7799476981163025,0.880749523639679,0.7158182263374329,0.8560116291046143,0.7482694983482361,0.916415810585022,0.8486318588256836,0.9444761276245117
25,1.1332605966657041,0.7333788871765137,0.579004168510437,0.8035233020782471,0.8719559907913208,0.772792637348175,1.1998188743901248,0.7569599747657776,0.6089586615562439,0.7806492447853088,0.8785163164138794,0.7183869481086731,0.8560116291046143,0.7482694983482361,0.916415810585022,0.8486318588256836,0.9444761276245117
26,1.153144449332652,0.7346473932266235,0.5805870890617371,0.8049904108047485,0.8710861802101135,0.7753092646598816,1.4217553843748858,0.7576367855072021,0.609835147857666,0.7814112901687622,0.8786936402320862,0.7195209860801697,0.8560116291046143,0.7482694983482361,0.916415810585022,0.8486318588256836,0.9444761276245117
27,1.1382672605083193,0.7345460057258606,0.5804604887962341,0.8044602870941162,0.8730003833770752,0.7736814022064209,1.1454004954655552,0.7579919099807739,0.6102954745292664,0.7820116877555847,0.8779776692390442,0.7209587693214417,0.8560116291046143,0.7482694983482361,0.916415810585022,0.8486318588256836,0.9444761276245117
28,1.1275929127228852,0.7364000082015991,0.5827793478965759,0.806470513343811,0.872298538684845,0.7769095301628113,1.2157648162744348,0.7588354349136353,0.6113898754119873,0.7833828926086426,0.8764808177947998,0.7241546511650085,0.8560116291046143,0.7482694983482361,0.916415810585022,0.8486318588256836,0.9444761276245117
29,1.1215622083258183,0.7375790476799011,0.5842575430870056,0.8076058030128479,0.8724722862243652,0.7784765958786011,1.0643853221366835,0.7590484619140625,0.6116665005683899,0.7834565043449402,0.8772038817405701,0.7238150835037231,0.8560116291046143,0.7482694983482361,0.916415810585022,0.8486318588256836,0.9444761276245117
30,1.1247354370695186,0.7385951280593872,0.5855337381362915,0.8084080815315247,0.8734128475189209,0.7792167663574219,1.1870127215088986,0.7597145438194275,0.6125319600105286,0.7843835949897766,0.8766377568244934,0.7256921529769897,0.8560116291046143,0.7482694983482361,0.916415810585022,0.8486318588256836,0.9444761276245117
31,1.1251299717174181,0.739729106426239,0.5869604349136353,0.8096103668212891,0.8730519413948059,0.7811210751533508,1.0881880118920528,0.7602173686027527,0.6131860017776489,0.7850931882858276,0.8761646747589111,0.7271541953086853,0.8560116291046143,0.7482694983482361,0.916415810585022,0.8486318588256836,0.9444761276245117
32,1.124043781185283,0.7408509254455566,0.5883742570877075,0.8107970356941223,0.8726875185966492,0.7830042243003845,1.083824363969208,0.7608352899551392,0.6139905452728271,0.785819947719574,0.8761696219444275,0.728340208530426,0.8560116291046143,0.7482694983482361,0.916415810585022,0.8486318588256836,0.9444761276245117
33,1.1130013954538711,0.7420870065689087,0.5899350643157959,0.8119569420814514,0.8729482889175415,0.7845679521560669,1.0389660730548926,0.7609021663665771,0.6140775680541992,0.7860863208770752,0.8754016757011414,0.7292645573616028,0.8560116291046143,0.7482694983482361,0.916415810585022,0.8486318588256836,0.9444761276245117
34,1.1112748843028315,0.743039071559906,0.5911393761634827,0.812702476978302,0.8738287091255188,0.7852529287338257,1.0325759764540425,0.7614649534225464,0.6148109436035156,0.7868314981460571,0.87505704164505,0.7307029366493225,0.8560116291046143,0.7482694983482361,0.916415810585022,0.8486318588256836,0.9444761276245117
35,1.119983576824024,0.7441619634628296,0.5925621390342712,0.8138265609741211,0.8737149238586426,0.7869328856468201,1.1036414788867377,0.7617492079734802,0.6151816844940186,0.7871270179748535,0.8752129077911377,0.7310874462127686,0.8560116291046143,0.7482694983482361,0.916415810585022,0.8486318588256836,0.9444761276245117
36,1.106499663720807,0.7452718019485474,0.5939707159996033,0.8147728443145752,0.8743634819984436,0.7880128622055054,1.0160913358728856,0.7622673511505127,0.6158578395843506,0.7878962159156799,0.8745455145835876,0.7327706217765808,0.8560116291046143,0.7482694983482361,0.916415810585022,0.8486318588256836,0.9444761276245117
37,1.1269223596054885,0.7464962601661682,0.5955277681350708,0.8160058259963989,0.8741722702980042,0.789885401725769,1.287136500671894,0.7627831101417542,0.6165313720703125,0.7884366512298584,0.8748050332069397,0.7334896326065063,0.8560116291046143,0.7482694983482361,0.916415810585022,0.8486318588256836,0.9444761276245117
38,1.120927702662684,0.7469601631164551,0.5961183905601501,0.8162851929664612,0.8749885559082031,0.7899235486984253,1.0967827100502414,0.7629284262657166,0.6167213320732117,0.7883874177932739,0.8757120370864868,0.7328320741653442,0.8560116291046143,0.7482694983482361,0.916415810585022,0.8486318588256836,0.9444761276245117
39,1.1220022175189643,0.7471371293067932,0.5963439345359802,0.8162484169006348,0.8759838938713074,0.7894233465194702,1.0510305488569658,0.7631725668907166,0.6170404553413391,0.7885535955429077,0.8762067556381226,0.7327892780303955,0.8560116291046143,0.7482694983482361,0.916415810585022,0.8486318588256836,0.9444761276245117
40,1.127896346585616,0.7475824952125549,0.5969114899635315,0.8166514039039612,0.8761267066001892,0.7899432182312012,1.1194362599300247,0.7633818984031677,0.6173141002655029,0.7886414527893066,0.8768577575683594,0.7325189113616943,0.8560116291046143,0.7482694983482361,0.916415810585022,0.8486318588256836,0.9444761276245117
41,1.1246984693696231,0.7477547526359558,0.5971311926841736,0.8166443705558777,0.8769606947898865,0.7895585298538208,1.086844733822264,0.7636829018592834,0.6177079677581787,0.7889066934585571,0.8772187829017639,0.7327231168746948,0.8560116291046143,0.7482694983482361,0.916415810585022,0.8486318588256836,0.9444761276245117
42,1.1232145836389151,0.7481657266616821,0.5976555347442627,0.8169697523117065,0.8773146867752075,0.789871096611023,1.0838328492751814,0.7639647722244263,0.6180768013000488,0.7891014814376831,0.8777797222137451,0.7326849699020386,0.8560116291046143,0.7482694983482361,0.916415810585022,0.8486318588256836,0.9444761276245117
43,1.1134441239401491,0.7486966848373413,0.5983335375785828,0.8174493312835693,0.8774875402450562,0.7904883027076721,0.9524364869220324,0.7643285393714905,0.6185532212257385,0.7894381880760193,0.8781490921974182,0.7330009937286377,0.8560116291046143,0.7482694983482361,0.916415810585022,0.8486318588256836,0.9444761276245117
44,1.1238404567959122,0.7491345405578613,0.5988929271697998,0.8177881836891174,0.8778998851776123,0.7907942533493042,1.13788922170653,0.7646961212158203,0.6190348863601685,0.7897658944129944,0.878574550151825,0.7332664132118225,0.8560116291046143,0.7482694983482361,0.916415810585022,0.8486318588256836,0.9444761276245117
45,1.1147223187539679,0.7495905160903931,0.5994760990142822,0.8181625604629517,0.8782262206077576,0.7911900877952576,0.9959919236139858,0.7650272250175476,0.6194688081741333,0.7899959683418274,0.8792298436164856,0.7332260608673096,0.8560116291046143,0.7482694983482361,0.916415810585022,0.8486318588256836,0.9444761276245117
46,1.126765782986369,0.7500617504119873,0.6000790596008301,0.818510890007019,0.8787484169006348,0.7914603352546692,1.2441503019849773,0.765511691570282,0.6201044321060181,0.7905057668685913,0.8794642686843872,0.7339110374450684,0.8560116291046143,0.7482694983482361,0.916415810585022,0.8486318588256836,0.9444761276245117
47,1.1176603226353334,0.7507086992263794,0.6009076237678528,0.8191123008728027,0.8788664937019348,0.7922789454460144,1.1118441335901883,0.7661755681037903,0.6209761500358582,0.7914088368415833,0.8789209723472595,0.735734224319458,0.8560116291046143,0.7482694983482361,0.916415810585022,0.8486318588256836,0.9444761276245117
48,1.11229379481381,0.7515996694564819,0.6020501255989075,0.8199995160102844,0.878734290599823,0.7936239242553711,1.0925783069674568,0.7664670944213867,0.6213592886924744,0.7916924953460693,0.8791557550430298,0.7360489964485168,0.8560116291046143,0.7482694983482361,0.916415810585022,0.8486318588256836,0.9444761276245117
49,1.133385465791525,0.7516148090362549,0.6020695567131042,0.8198790550231934,0.8793938755989075,0.7931531667709351,1.2091321391480778,0.7670893669128418,0.6221776008605957,0.7926329374313354,0.8782376646995544,0.7381717562675476,0.8560116291046143,0.7482694983482361,0.916415810585022,0.8486318588256836,0.9444761276245117
50,1.1260798565018288,0.7523744702339172,0.6030451655387878,0.8207917809486389,0.8785093426704407,0.7948728203773499,1.1130057501274924,0.7672342658042908,0.6223682165145874,0.7928179502487183,0.8781659007072449,0.738520085811615,0.8560116291046143,0.7482694983482361,0.916415810585022,0.8486318588256836,0.9444761276245117
51,1.1205589135040674,0.752970278263092,0.6038110256195068,0.8212954998016357,0.878848135471344,0.7954506278038025,1.2184633049065319,0.7674097418785095,0.622599184513092,0.7930629253387451,0.8779900670051575,0.7390328645706177,0.8560116291046143,0.7482694983482361,0.916415810585022,0.8486318588256836,0.9444761276245117
52,1.1155894651300495,0.7535020709037781,0.6044952273368835,0.8217366337776184,0.8791900277137756,0.7959364652633667,1.125909290175493,0.7676442861557007,0.6229080557823181,0.7932351231575012,0.8784136176109314,0.7390452027320862,0.8560116291046143,0.7482694983482361,0.916415810585022,0.8486318588256836,0.9444761276245117
53,1.1166990106850752,0.7539939880371094,0.6051286458969116,0.8221635222434998,0.8794124722480774,0.7964551448822021,1.1084095412410568,0.7679807543754578,0.6233512759208679,0.793729305267334,0.8779695630073547,0.7401362061500549,0.8560116291046143,0.7482694983482361,0.916415810585022,0.8486318588256836,0.9444761276245117
54,1.1227495599032304,0.7544532418251038,0.605720579624176,0.8225879073143005,0.8794905543327332,0.7970349192619324,1.1689643447441527,0.7681223154067993,0.6235377788543701,0.7938315868377686,0.8782315254211426,0.7401369214057922,0.8560116291046143,0.7482694983482361,0.916415810585022,0.8486318588256836,0.9444761276245117
55,1.1162250753887448,0.754863440990448,0.6062495112419128,0.822943925857544,0.8796719908714294,0.7974693775177002,1.0702605252547541,0.7684091329574585,0.6239159107208252,0.7941702008247375,0.8782028555870056,0.7407092452049255,0.8560116291046143,0.7482694983482361,0.916415810585022,0.8486318588256836,0.9444761276245117
56,1.1193469858097358,0.7552186250686646,0.6067078113555908,0.823252260684967,0.8798279762268066,0.7978460788726807,1.0955436651744828,0.7686759829521179,0.6242678165435791,0.7944891452789307,0.8781585097312927,0.7412592172622681,0.8560116291046143,0.7482694983482361,0.916415810585022,0.8486318588256836,0.9444761276245117
57,1.1080251433811736,0.7559937834739685,0.6077090501785278,0.8239893913269043,0.8798440098762512,0.7989071607589722,1.1021084802949201,0.7689539790153503,0.6246346831321716,0.7948896288871765,0.8778192400932312,0.7421303391456604,0.8560116291046143,0.7482694983482361,0.916415810585022,0.8486318588256836,0.9444761276245117
58,1.1063626296395688,0.7565522193908691,0.6084311008453369,0.8244513273239136,0.8801981210708618,0.7994174361228943,1.056539563755883,0.7693322896957397,0.6251339912414551,0.7952812314033508,0.8780117630958557,0.7426485419273376,0.8560116291046143,0.7482694983482361,0.916415810585022,0.8486318588256836,0.9444761276245117
59,1.1149114802219873,0.757249116897583,0.6093329787254333,0.8251033425331116,0.880256175994873,0.8003361821174622,1.2084449333633414,0.7696406841278076,0.6255413889884949,0.7957873344421387,0.8773652911186218,0.7438880205154419,0.8560116291046143,0.7482694983482361,0.916415810585022,0.8486318588256836,0.9444761276245117
60,1.1172844974698073,0.7577245235443115,0.6099488139152527,0.8255053758621216,0.8805083632469177,0.8008055686950684,1.1897831389163405,0.7699347734451294,0.6259300112724304,0.7960553169250488,0.8776692152023315,0.7441332340240479,0.8560116291046143,0.7482694983482361,0.916415810585022,0.8486318588256836,0.9444761276245117
61,1.1069119331209158,0.7581960558891296,0.6105601787567139,0.8258710503578186,0.8809247016906738,0.8011484146118164,1.0705461102729528,0.7701374888420105,0.6261979937553406,0.796268105506897,0.877757728099823,0.7444249987602234,0.8560116291046143,0.7482694983482361,0.916415810585022,0.8486318588256836,0.9444761276245117
62,1.1213387763148654,0.7587522268295288,0.6112818717956543,0.826421320438385,0.8808110952377319,0.8019968271255493,1.2192182333991388,0.7704445123672485,0.6266040802001953,0.7966237664222717,0.8777469992637634,0.7450137734413147,0.8560116291046143,0.7482694983482361,0.916415810585022,0.8486318588256836,0.9444761276245117
63,1.1100995518779457,0.759101390838623,0.6117351651191711,0.8266344666481018,0.881409764289856,0.8020368218421936,1.1176045574851692,0.7706016302108765,0.6268119812011719,0.7967755198478699,0.8778718709945679,0.7451825737953186,0.8560116291046143,0.7482694983482361,0.916415810585022,0.8486318588256836,0.9444761276245117
64,1.1233220305833218,0.759679913520813,0.6124869585037231,0.8272262215614319,0.8811866044998169,0.8029946088790894,1.2534765598462811,0.7710028290748596,0.6273430585861206,0.7973795533180237,0.8772527575492859,0.7465646862983704,0.8560116291046143,0.7482694983482361,0.916415810585022,0.8486318588256836,0.9444761276245117
65,1.11146511296286,0.7602222561836243,0.6131923794746399,0.827723503112793,0.8812666535377502,0.8036792874336243,1.137124327476235,0.7711037993431091,0.627476692199707,0.7973178625106812,0.8780214190483093,0.7459748983383179,0.8560116291046143,0.7482694983482361,0.916415810585022,0.8486318588256836,0.9444761276245117
66,1.1078611720799407,0.7604345679283142,0.6134687066078186,0.8278104662895203,0.8818486928939819,0.8035438656806946,1.034553042867828,0.7714588642120361,0.6279471516609192,0.7977865934371948,0.8777561783790588,0.7469105124473572,0.8560116291046143,0.7482694983482361,0.916415810585022,0.8486318588256836,0.9444761276245117
67,1.116571247799743,0.7611137628555298,0.6143532395362854,0.8285290002822876,0.8814522624015808,0.80476313829422,1.1855720142923603,0.7717363238334656,0.6283149123191833,0.7980566620826721,0.8779652118682861,0.7472193837165833,0.8560116291046143,0.7482694983482361,0.916415810585022,0.8486318588256836,0.9444761276245117
68,1.117306941495938,0.7611017823219299,0.6143376231193542,0.828387439250946,0.882121741771698,0.804257333278656,1.0872628506261839,0.772014319896698,0.6286834478378296,0.7983383536338806,0.8781256079673767,0.7475782036781311,0.8560116291046143,0.7482694983482361,0.916415810585022,0.8486318588256836,0.9444761276245117
69,1.1114284579966038,0.761680006980896,0.6150913834571838,0.8289965391159058,0.8817930817604065,0.8052874803543091,1.079998306447183,0.7722747325897217,0.6290289759635925,0.7987222671508789,0.8777519464492798,0.748444139957428,0.8560116291046143,0.7482694983482361,0.916415810585022,0.8486318588256836,0.9444761276245117
70,1.1068724622044235,0.7619102597236633,0.615391731262207,0.8291410207748413,0.8821665644645691,0.8053291440010071,0.997356755225939,0.7724930644035339,0.6293187141418457,0.7988830804824829,0.8781405091285706,0.7484601140022278,0.8560116291046143,0.7482694983482361,0.916415810585022,0.8486318588256836,0.9444761276245117
71,1.113105597928834,0.7624549865722656,0.6161028146743774,0.829677402973175,0.8820440173149109,0.8061614632606506,1.1536788247581298,0.7727118730545044,0.6296091675758362,0.7992531657218933,0.877617359161377,0.7493983507156372,0.8560116291046143,0.7482694983482361,0.916415810585022,0.8486318588256836,0.9444761276245117
72,1.115677188153612,0.7626569271087646,0.6163666248321533,0.8297882676124573,0.8824533820152283,0.806138277053833,1.1441895127939126,0.7728108763694763,0.6297407150268555,0.7992463707923889,0.8781419992446899,0.7490535378456116,0.8560116291046143,0.7482694983482361,0.916415810585022,0.8486318588256836,0.9444761276245117
73,1.1027816338261203,0.7629702091217041,0.6167758703231812,0.8300246596336365,0.8827548623085022,0.8063454627990723,0.9875404270516495,0.7729692459106445,0.6299508810043335,0.7995470762252808,0.8776174783706665,0.7498793005943298,0.8560116291046143,0.7482694983482361,0.916415810585022,0.8486318588256836,0.9444761276245117
74,1.1142955339688148,0.7634355425834656,0.6173843741416931,0.8304524421691895,0.8828038573265076,0.8069432377815247,1.1984921979157144,0.7731974124908447,0.6302541494369507,0.7997702360153198,0.8777816295623779,0.7501400113105774,0.8560116291046143,0.7482694983482361,0.916415810585022,0.8486318588256836,0.9444761276245117
75,1.10455945686101,0.7638724446296692,0.6179560422897339,0.8308278918266296,0.8829836845397949,0.8074066042900085,1.0764623186933573,0.7733941674232483,0.6305155754089355,0.8000203967094421,0.8776695132255554,0.7506204843521118,0.8560116291046143,0.7482694983482361,0.916415810585022,0.8486318588256836,0.9444761276245117
76,1.1107406727622573,0.7644099593162537,0.6186597943305969,0.8313179016113281,0.8830553889274597,0.8080844879150391,1.2157224604012289,0.773632824420929,0.6308329105377197,0.8002771139144897,0.8777375221252441,0.7509974241256714,0.8560116291046143,0.7482694983482361,0.916415810585022,0.8486318588256836,0.9444761276245117
77,1.1066579092730648,0.7645813226699829,0.6188843250274658,0.8313772678375244,0.8835851550102234,0.8079326152801514,1.0597313881533936,0.7738132476806641,0.6310728192329407,0.8004713654518127,0.8777877688407898,0.7512832283973694,0.8560116291046143,0.7482694983482361,0.916415810585022,0.8486318588256836,0.9444761276245117
78,1.1070247719043562,0.7650659680366516,0.6195197105407715,0.8318829536437988,0.8833125233650208,0.8087878227233887,1.0246893361241514,0.7741075754165649,0.6314644813537598,0.8008087277412415,0.8777792453765869,0.7518407106399536,0.8560116291046143,0.7482694983482361,0.916415810585022,0.8486318588256836,0.9444761276245117
79,1.1020136765934347,0.7655768394470215,0.6201900243759155,0.8323422074317932,0.8834088444709778,0.809410035610199,1.0957912362788318,0.7742655873298645,0.6316748261451721,0.8009923696517944,0.877763569355011,0.7521510720252991,0.8560116291046143,0.7482694983482361,0.916415810585022,0.8486318588256836,0.9444761276245117
80,1.1190387750401651,0.7659648656845093,0.620699405670166,0.8326815366744995,0.8835299015045166,0.8098474144935608,1.2956734769446236,0.7745647430419922,0.6320731043815613,0.8013311624526978,0.8777706623077393,0.7527008652687073,0.8560116291046143,0.7482694983482361,0.916415810585022,0.8486318588256836,0.9444761276245117
81,1.1006801067911889,0.7665147185325623,0.6214218735694885,0.8331775069236755,0.8836195468902588,0.8105257749557495,1.1124859197573036,0.7746219635009766,0.6321494579315186,0.8014346361160278,0.8776015639305115,0.7529777884483337,0.8560116291046143,0.7482694983482361,0.916415810585022,0.8486318588256836,0.9444761276245117
82,1.1146214070236742,0.7668095231056213,0.6218094825744629,0.8333768844604492,0.8840191960334778,0.8106352090835571,1.2614625952720093,0.774880588054657,0.6324939131736755,0.8016636967658997,0.8778889775276184,0.7531696557998657,0.8560116291046143,0.7482694983482361,0.916415810585022,0.8486318588256836,0.9444761276245117
83,1.120528310392156,0.7672256231307983,0.6223568320274353,0.8337871432304382,0.8838983178138733,0.8112840056419373,1.2796472511786503,0.7750483155250549,0.632717490196228,0.801930844783783,0.8775503039360046,0.7538221478462219,0.8560116291046143,0.7482694983482361,0.916415810585022,0.8486318588256836,0.9444761276245117
84,1.1029772182345505,0.7675883173942566,0.6228343844413757,0.8340824842453003,0.8841220736503601,0.8116115927696228,1.0859502810533528,0.7752243280410767,0.6329520344734192,0.802060604095459,0.8778611421585083,0.7538368105888367,0.8560116291046143,0.7482694983482361,0.916415810585022,0.8486318588256836,0.9444761276245117
85,1.1119915069198034,0.7678989768028259,0.623243510723114,0.8343225717544556,0.8843824863433838,0.8118424415588379,1.2153496488270465,0.7754166126251221,0.6332085132598877,0.8023161292076111,0.8776963353157043,0.7543597221374512,0.8560116291046143,0.7482694983482361,0.916415810585022,0.8486318588256836,0.9444761276245117
86,1.0976722398108518,0.7683147192001343,0.6237914562225342,0.8346884250640869,0.8844913840293884,0.8123237490653992,1.0183214372324638,0.7756946682929993,0.6335794925689697,0.8025931715965271,0.8778677582740784,0.7547038793563843,0.8560116291046143,0.7482694983482361,0.916415810585022,0.8486318588256836,0.9444761276245117
87,1.1075899384113925,0.7687368392944336,0.6243481636047363,0.8350828289985657,0.8844773769378662,0.8129015564918518,1.1438993675457212,0.775886058807373,0.6338347792625427,0.8027622103691101,0.8780810832977295,0.7548447847366333,0.8560116291046143,0.7482694983482361,0.916415810585022,0.8486318588256836,0.9444761276245117
88,1.1055335387170304,0.7691476941108704,0.6248902678489685,0.8354384303092957,0.8846134543418884,0.8133556246757507,1.161418662837563,0.7761449217796326,0.6341803073883057,0.8030636310577393,0.878045916557312,0.75536048412323,0.8560116291046143,0.7482694983482361,0.916415810585022,0.8486318588256836,0.9444761276245117
89,1.101714328706684,0.7695043087005615,0.6253612637519836,0.8357198238372803,0.8848771452903748,0.8136451244354248,1.1127389015073037,0.7762596607208252,0.634333610534668,0.8031947612762451,0.8780410885810852,0.7555779814720154,0.8560116291046143,0.7482694983482361,0.916415810585022,0.8486318588256836,0.9444761276245117
90,1.100568365194276,0.7699519991874695,0.6259527802467346,0.8361347913742065,0.8848744630813599,0.8142474889755249,1.0736334258314826,0.776522696018219,0.6346849799156189,0.8034909963607788,0.8780489563941956,0.7560576796531677,0.8560116291046143,0.7482694983482361,0.916415810585022,0.8486318588256836,0.9444761276245117
91,1.1075347628247143,0.7703749537467957,0.6265121102333069,0.8365204930305481,0.884903073310852,0.8147937059402466,1.1920572348223129,0.776727557182312,0.634958803653717,0.8037236928939819,0.8780456781387329,0.7564405798912048,0.8560116291046143,0.7482694983482361,0.916415810585022,0.8486318588256836,0.9444761276245117
92,1.1054045831592973,0.7705942988395691,0.6268022656440735,0.8366805911064148,0.8851339221000671,0.814922034740448,1.0719410129923577,0.7770617604255676,0.6354056000709534,0.8041484355926514,0.8778365850448608,0.7572686076164246,0.8560116291046143,0.7482694983482361,0.916415810585022,0.8486318588256836,0.9444761276245117
93,1.1044956187585198,0.7709980607032776,0.6273367404937744,0.8371122479438782,0.884814441204071,0.8156909346580505,1.0006944490414358,0.7771780490875244,0.6355610489845276,0.8043209910392761,0.8776520490646362,0.7576681971549988,0.8560116291046143,0.7482694983482361,0.916415810585022,0.8486318588256836,0.9444761276245117
94,1.109205234691362,0.7710515856742859,0.6274076104164124,0.8371037244796753,0.8851289749145508,0.8155372738838196,1.0180569206657606,0.777323305606842,0.6357554197311401,0.8044523596763611,0.8777989149093628,0.7577898502349854,0.8560116291046143,0.7482694983482361,0.916415810585022,0.8486318588256836,0.9444761276245117
95,1.0938269075288682,0.7714086174964905,0.6278805732727051,0.8374254107475281,0.885170578956604,0.8159847855567932,0.9479024739789721,0.7775499820709229,0.6360586881637573,0.8047674894332886,0.8775333166122437,0.7584743499755859,0.8560116291046143,0.7482694983482361,0.916415810585022,0.8486318588256836,0.9444761276245117
96,1.1061281563161822,0.7717220187187195,0.6282959580421448,0.8376979231834412,0.8852596282958984,0.8163397312164307,1.1314495474477915,0.777690589427948,0.6362469792366028,0.8048444986343384,0.877901017665863,0.7583663463592529,0.8560116291046143,0.7482694983482361,0.916415810585022,0.8486318588256836,0.9444761276245117
97,1.0999645356900174,0.7719302177429199,0.6285719871520996,0.8378334045410156,0.8855667114257812,0.8163982033729553,1.0452948791721925,0.7779307961463928,0.6365684866905212,0.8051339387893677,0.8778178095817566,0.7588930130004883,0.8560116291046143,0.7482694983482361,0.916415810585022,0.8486318588256836,0.9444761276245117
98,1.108366296989434,0.772348165512085,0.6291264295578003,0.8382384181022644,0.8854559063911438,0.8170348405838013,1.1836675296089094,0.7780476212501526,0.6367250084877014,0.8052654266357422,0.8778190612792969,0.759107232093811,0.8560116291046143,0.7482694983482361,0.916415810585022,0.8486318588256836,0.9444761276245117
99,1.1116804083385239,0.7725381255149841,0.6293785572052002,0.8383440971374512,0.8858344554901123,0.8170179724693298,1.2476096094612,0.7782666087150574,0.6370183825492859,0.8055057525634766,0.8778486847877502,0.7594816088676453,0.8560116291046143,0.7482694983482361,0.916415810585022,0.8486318588256836,0.9444761276245117
100,1.0973172961617719,0.7729971408843994,0.6299880146980286,0.8387897610664368,0.8857042789459229,0.8177222013473511,1.0426218133349647,0.7783845663070679,0.6371763944625854,0.8056860566139221,0.8776347041130066,0.7599127888679504,0.8560116291046143,0.7482694983482361,0.916415810585022,0.8486318588256836,0.9444761276245117
101,1.093845626478995,0.7733662128448486,0.6304785013198853,0.8391062021255493,0.8858279585838318,0.8181251883506775,1.022353169048472,0.7786080837249756,0.6374760270118713,0.8059319853782654,0.8776608109474182,0.760298490524292,0.8560116291046143,0.7482694983482361,0.916415810585022,0.8486318588256836,0.9444761276245117
102,1.10152694523414,0.773811936378479,0.6310710906982422,0.8395180106163025,0.885811984539032,0.8187291026115417,1.1615636904911293,0.7788156270980835,0.6377543807029724,0.8061942458152771,0.8775312304496765,0.7608100771903992,0.8560116291046143,0.7482694983482361,0.916415810585022,0.8486318588256836,0.9444761276245117
103,1.0947666869165642,0.7742350101470947,0.6316341161727905,0.8398774862289429,0.8859682679176331,0.8191797733306885,1.113266734766272,0.7790606617927551,0.6380829811096191,0.8064368963241577,0.8776801824569702,0.7611124515533447,0.8560116291046143,0.7482694983482361,0.916415810585022,0.8486318588256836,0.9444761276245117
104,1.108401252128574,0.774627149105072,0.632156252861023,0.8402314782142639,0.8859961032867432,0.8196802735328674,1.2611193559012759,0.7792444229125977,0.6383296251296997,0.8066744208335876,0.8775402307510376,0.7615900039672852,0.8560116291046143,0.7482694983482361,0.916415810585022,0.8486318588256836,0.9444761276245117
105,1.1068984747476938,0.7748319506645203,0.6324291229248047,0.8403675556182861,0.8862811923027039,0.8197494149208069,1.172729542452183,0.7794121503829956,0.6385547518730164,0.8068235516548157,0.8777187466621399,0.761720597743988,0.8560116291046143,0.7482694983482361,0.916415810585022,0.8486318588256836,0.9444761276245117
106,1.108807399683649,0.775123119354248,0.6328170895576477,0.8406310677528381,0.8862963318824768,0.8201244473457336,1.1883485615734617,0.7796123027801514,0.6388234496116638,0.8070579171180725,0.8776749968528748,0.7621318101882935,0.8560116291046143,0.7482694983482361,0.916415810585022,0.8486318588256836,0.9444761276245117
107,1.1067612211446227,0.7755011320114136,0.6333212852478027,0.8409583568572998,0.886398196220398,0.8205529451370239,1.2678928680109236,0.7798437476158142,0.6391343474388123,0.8072866797447205,0.8778167366981506,0.7624160051345825,0.8560116291046143,0.7482694983482361,0.916415810585022,0.8486318588256836,0.9444761276245117
108,1.1017456934758993,0.775816023349762,0.6337412595748901,0.8412165641784668,0.8865614533424377,0.8208538293838501,1.1681353956454081,0.7800161838531494,0.6393660306930542,0.807474672794342,0.8778420090675354,0.762707531452179,0.8560116291046143,0.7482694983482361,0.916415810585022,0.8486318588256836,0.9444761276245117
109,1.093199091723576,0.7761390805244446,0.6341725587844849,0.8414663076400757,0.8868138194084167,0.8211024403572083,1.080422092666364,0.7802339196205139,0.6396586894989014,0.8077550530433655,0.8776769042015076,0.7632712721824646,0.8560116291046143,0.7482694983482361,0.916415810585022,0.8486318588256836,0.9444761276245117
110,1.1108832349634934,0.7765753269195557,0.6347552537918091,0.8419020771980286,0.8866007328033447,0.8218295574188232,1.27057136689819,0.7803584933280945,0.6398259997367859,0.8078420758247375,0.8779170513153076,0.7632608413696289,0.8560116291046143,0.7482694983482361,0.916415810585022,0.8486318588256836,0.9444761276245117
111,1.1065689503405753,0.7768111824989319,0.6350706219673157,0.8420658707618713,0.8868878483772278,0.8219379782676697,1.2442404549458272,0.7805531024932861,0.6400878429412842,0.8080738186836243,0.8778554201126099,0.7636792063713074,0.8560116291046143,0.7482694983482361,0.916415810585022,0.8486318588256836,0.9444761276245117
112,1.0920725091696157,0.7772040367126465,0.6355958580970764,0.8424055576324463,0.8869888782501221,0.8223848342895508,1.0844380107828657,0.7807480692863464,0.6403501629829407,0.808280885219574,0.8779069781303406,0.7639853358268738,0.8560116291046143,0.7482694983482361,0.916415810585022,0.8486318588256836,0.9444761276245117
113,1.0812057455294835,0.7775745391845703,0.6360915899276733,0.842719554901123,0.8871190547943115,0.8227813243865967,0.9079547558519392,0.7809837460517883,0.6406672596931458,0.8085694909095764,0.8777936697006226,0.7645295858383179,0.8560116291046143,0.7482694983482361,0.916415810585022,0.8486318588256836,0.9444761276245117
114,1.0912868448785502,0.7779722809791565,0.6366240382194519,0.8430609107017517,0.8872331380844116,0.8232247829437256,1.095735640092037,0.781156063079834,0.6408991813659668,0.8087007403373718,0.8780760765075684,0.764564573764801,0.8560116291046143,0.7482694983482361,0.916415810585022,0.8486318588256836,0.9444761276245117
115,1.0862691844235046,0.7783311605453491,0.637104868888855,0.843352735042572,0.8874262571334839,0.8235609531402588,1.01992899022295,0.7813852429389954,0.6412078142166138,0.8090176582336426,0.877798318862915,0.7652598023414612,0.8560116291046143,0.7482694983482361,0.916415810585022,0.8486318588256836,0.9444761276245117
116,1.0865594824653328,0.7787768244743347,0.6377023458480835,0.843760073184967,0.887409508228302,0.824158787727356,1.01349361682359,0.7815517783164978,0.641431987285614,0.809182345867157,0.8778961896896362,0.76546710729599,0.8560116291046143,0.7482694983482361,0.916415810585022,0.8486318588256836,0.9444761276245117
117,1.0925911329976268,0.7791895270347595,0.6382559537887573,0.8441166281700134,0.8875094056129456,0.8246304988861084,1.141259925825974,0.7817707061767578,0.6417270302772522,0.8094170093536377,0.8779422044754028,0.7658217549324036,0.8560116291046143,0.7482694983482361,0.916415810585022,0.8486318588256836,0.9444761276245117
118,1.0874190475786591,0.7795406579971313,0.6387272477149963,0.8444044589996338,0.8876810669898987,0.824970543384552,1.0317224413285113,0.7820050716400146,0.6420429944992065,0.8097483515739441,0.8776214718818665,0.7665679454803467,0.8560116291046143,0.7482694983482361,0.916415810585022,0.8486318588256836,0.9444761276245117
119,1.0979888604249037,0.7799584865570068,0.6392884850502014,0.844774603843689,0.8877267241477966,0.8254863619804382,1.2252122179588647,0.7820680737495422,0.6421278119087219,0.8098039031028748,0.8776890635490417,0.7666158676147461,0.8560116291046143,0.7482694983482361,0.916415810585022,0.8486318588256836,0.9444761276245117
120,1.09910937479099,0.7802767157554626,0.6397162079811096,0.8450297713279724,0.8879133462905884,0.8257722854614258,1.1991685943182613,0.7823002338409424,0.642440915107727,0.8100919127464294,0.8775550127029419,0.7671723961830139,0.8560116291046143,0.7482694983482361,0.916415810585022,0.8486318588256836,0.9444761276245117
121,1.101124882983866,0.7806079983711243,0.6401617527008057,0.8453487157821655,0.8878006339073181,0.8262852430343628,1.1269384056748586,0.782230794429779,0.6423472762107849,0.8100154399871826,0.8775507211685181,0.76705002784729,0.8560116291046143,0.7482694983482361,0.916415810585022,0.8486318588256836,0.9444761276245117
122,1.107914877620527,0.7808651328086853,0.6405076384544373,0.8455908298492432,0.8877431154251099,0.8266618251800537,1.1772983944826294,0.7824265360832214,0.6426113247871399,0.8102501630783081,0.8774747848510742,0.7674822211265564,0.8560116291046143,0.7482694983482361,0.916415810585022,0.8486318588256836,0.9444761276245117
123,1.0937610470177446,0.7809793949127197,0.640661358833313,0.8456621170043945,0.8879261016845703,0.8266828060150146,0.9391003813062347,0.7824394702911377,0.6426287293434143,0.810263991355896,0.8774773478507996,0.7675033211708069,0.8560116291046143,0.7482694983482361,0.916415810585022,0.8486318588256836,0.9444761276245117
124,1.090944484221782,0.7812480330467224,0.6410229802131653,0.8458924889564514,0.8879945874214172,0.8269859552383423,0.9997504847692599,0.7826006412506104,0.6428461670875549,0.8104488849639893,0.8774527907371521,0.7678214907646179,0.8560116291046143,0.7482694983482361,0.916415810585022,0.8486318588256836,0.9444761276245117
125,1.0800608778443745,0.7815915942192078,0.6414856910705566,0.8461822271347046,0.8881097435951233,0.8273541331291199,0.9329363768752166,0.782792329788208,0.6431050300598145,0.8106407523155212,0.8775535821914673,0.7680712342262268,0.8560116291046143,0.7482694983482361,0.916415810585022,0.8486318588256836,0.9444761276245117
126,1.0868901399639435,0.7819681167602539,0.6419931650161743,0.8465172052383423,0.8881340026855469,0.827828586101532,1.0380116683173322,0.7829511165618896,0.643319308757782,0.8108705282211304,0.877307116985321,0.768604040145874,0.8560116291046143,0.7482694983482361,0.916415810585022,0.8486318588256836,0.9444761276245117
127,1.0878997701437836,0.7822611927986145,0.6423883438110352,0.846761167049408,0.8882482051849365,0.8281309008598328,1.0094982097182261,0.7831459641456604,0.6435825228691101,0.8110602498054504,0.8774336576461792,0.7688338756561279,0.8560116291046143,0.7482694983482361,0.916415810585022,0.8486318588256836,0.9444761276245117
128,1.1015539816580076,0.782643735408783,0.6429044604301453,0.847131073474884,0.8880979418754578,0.828734278678894,1.2002676052398742,0.7832772731781006,0.6437599658966064,0.8111603260040283,0.8776472210884094,0.7688618898391724,0.8560116291046143,0.7482694983482361,0.916415810585022,0.8486318588256836,0.9444761276245117
129,1.0961767293505762,0.7828474044799805,0.6431793570518494,0.8472667336463928,0.8883730173110962,0.8288074135780334,1.1510562419683723,0.7834310531616211,0.6439677476882935,0.8113643527030945,0.8774937987327576,0.7692932486534119,0.8560116291046143,0.7482694983482361,0.916415810585022,0.8486318588256836,0.9444761276245117
130,1.0990529140891856,0.7832317352294922,0.6436983346939087,0.8476263880729675,0.8882884979248047,0.8293664455413818,1.2019620188204676,0.783576488494873,0.6441642045974731,0.811505913734436,0.8775874376296997,0.7694652080535889,0.8560116291046143,0.7482694983482361,0.916415810585022,0.8486318588256836,0.9444761276245117
131,1.0869450355938792,0.7834467887878418,0.6439889669418335,0.8477835655212402,0.8884972929954529,0.8295006155967712,0.9823047403332956,0.783739447593689,0.644384503364563,0.8117506504058838,0.8772903680801392,0.770054817199707,0.8560116291046143,0.7482694983482361,0.916415810585022,0.8486318588256836,0.9444761276245117
132,1.08411741913547,0.7838912606239319,0.6445897817611694,0.8482083678245544,0.8883436918258667,0.830185055732727,1.002158320762746,0.7838865518569946,0.6445834040641785,0.8118918538093567,0.8773938417434692,0.7702199220657349,0.8560116291046143,0.7482694983482361,0.916415810585022,0.8486318588256836,0.9444761276245117
133,1.0890210384481145,0.7841846346855164,0.644986629486084,0.8484537601470947,0.8884453773498535,0.8304949998855591,1.0592449018378356,0.7840954661369324,0.6448659896850586,0.8121185898780823,0.8774181008338928,0.7705754637718201,0.8560116291046143,0.7482694983482361,0.916415810585022,0.8486318588256836,0.9444761276245117
134,1.0863896054455078,0.7844500541687012,0.6453458070755005,0.848665177822113,0.8885990977287292,0.8307323455810547,1.0214206645658668,0.7842151522636414,0.6450279355049133,0.8122389316558838,0.8774762153625488,0.770735502243042,0.8560116291046143,0.7482694983482361,0.916415810585022,0.8486318588256836,0.9444761276245117
135,1.0770989383095033,0.7847936153411865,0.6458110213279724,0.8489472270011902,0.8887481689453125,0.831074059009552,0.9448990677355265,0.7844350337982178,0.6453254818916321,0.8124993443489075,0.8773990273475647,0.7712106108665466,0.8560116291046143,0.7482694983482361,0.916415810585022,0.8486318588256836,0.9444761276245117
136,1.082631591531363,0.7850845456123352,0.6462050676345825,0.8491812348365784,0.8889020085334778,0.8313441276550293,1.003819087153442,0.7845960259437561,0.6455433964729309,0.8126872181892395,0.8773549199104309,0.7715460658073425,0.8560116291046143,0.7482694983482361,0.916415810585022,0.8486318588256836,0.9444761276245117
137,1.0902372730985876,0.7855085134506226,0.6467797160148621,0.8495628833770752,0.8888843059539795,0.8319051265716553,1.1747744913788734,0.7847788333892822,0.6457909345626831,0.8128558397293091,0.8775140643119812,0.7717207074165344,0.8560116291046143,0.7482694983482361,0.916415810585022,0.8486318588256836,0.9444761276245117
138,1.0842254187375646,0.7857943177223206,0.647167444229126,0.8497897386550903,0.8890519738197327,0.8321585059165955,1.0380231741724044,0.7849715352058411,0.6460518836975098,0.8130674362182617,0.8775231838226318,0.7720610499382019,0.8560116291046143,0.7482694983482361,0.916415810585022,0.8486318588256836,0.9444761276245117
139,1.0899398613672289,0.7861336469650269,0.6476279497146606,0.850065290927887,0.8892133831977844,0.8324851989746094,1.1822516863842372,0.7851477861404419,0.6462907195091248,0.8133544921875,0.8770905137062073,0.7728061079978943,0.8560116291046143,0.7482694983482361,0.916415810585022,0.8486318588256836,0.9444761276245117
140,1.0839452760609625,0.7864829301834106,0.6481021046638489,0.8503783345222473,0.8892030715942383,0.8329434990882874,1.0129119595008658,0.7852512001991272,0.6464309692382812,0.8134366273880005,0.8772426843643188,0.7728436589241028,0.8560116291046143,0.7482694983482361,0.916415810585022,0.8486318588256836,0.9444761276245117
141,1.08657641082072,0.786844789981842,0.648593544960022,0.8506913781166077,0.8892573118209839,0.8333728313446045,1.1189879071052014,0.7854392528533936,0.6466858983039856,0.8136767148971558,0.8770918250083923,0.7733324766159058,0.8560116291046143,0.7482694983482361,0.916415810585022,0.8486318588256836,0.9444761276245117
142,1.094492370736448,0.7871729731559753,0.6490397453308105,0.8509580492973328,0.8894088268280029,0.8336912393569946,1.2674924430318306,0.7855762243270874,0.6468715667724609,0.8137997388839722,0.8772252798080444,0.7734489440917969,0.8560116291046143,0.7482694983482361,0.916415810585022,0.8486318588256836,0.9444761276245117
143,1.0750223109783474,0.7874487638473511,0.6494147777557373,0.8511559367179871,0.8896923065185547,0.833850622177124,0.9698799243355869,0.7857855558395386,0.6471555829048157,0.8140750527381897,0.877018392086029,0.774030864238739,0.8560116291046143,0.7482694983482361,0.916415810585022,0.8486318588256836,0.9444761276245117
144,1.101657718129155,0.7878310680389404,0.6499350070953369,0.8515485525131226,0.8893759846687317,0.8345615863800049,1.1760796286994395,0.7857643961906433,0.6471268534660339,0.8140009641647339,0.8772573471069336,0.7737576961517334,0.8560116291046143,0.7482694983482361,0.916415810585022,0.8486318588256836,0.9444761276245117
145,1.108030539292725,0.7878819108009338,0.6500042676925659,0.8515421152114868,0.8896852135658264,0.8344134092330933,1.278703198526048,0.7858623266220093,0.6472595930099487,0.8140948414802551,0.877324640750885,0.7738684415817261,0.8560116291046143,0.7482694983482361,0.916415810585022,0.8486318588256836,0.9444761276245117
146,1.0913855895409368,0.7880612015724182,0.6502483487129211,0.8516693711280823,0.8898770213127136,0.8345116972923279,1.0969448842531742,0.7859958410263062,0.6474408507347107,0.8142136335372925,0.877460241317749,0.7739766240119934,0.8560116291046143,0.7482694983482361,0.916415810585022,0.8486318588256836,0.9444761276245117
147,1.0877842086661529,0.7883890867233276,0.6506949663162231,0.85195392370224,0.8899163603782654,0.834906280040741,1.1246084645193477,0.7861625552177429,0.6476669907569885,0.8144198656082153,0.8773552775382996,0.7743808627128601,0.8560116291046143,0.7482694983482361,0.916415810585022,0.8486318588256836,0.9444761276245117
148,1.0811579027937457,0.7887548208236694,0.651193380355835,0.8522722721099854,0.8899526596069336,0.8353514075279236,1.06619601913377,0.7863067388534546,0.6478627324104309,0.8145760297775269,0.8773695230484009,0.7746272683143616,0.8560116291046143,0.7482694983482361,0.916415810585022,0.8486318588256836,0.9444761276245117
149,1.0827111761292645,0.789148211479187,0.6517298221588135,0.8526105880737305,0.8900146484375,0.8358138203620911,1.1408304343412183,0.7864586710929871,0.6480691432952881,0.8147504925727844,0.8773374557495117,0.7749330997467041,0.8560116291046143,0.7482694983482361,0.916415810585022,0.8486318588256836,0.9444761276245117
150,1.0809981429295212,0.7895268201828003,0.6522464156150818,0.8529253005981445,0.8901386260986328,0.8362141251564026,1.1363677863025297,0.7865952253341675,0.6482545733451843,0.8148905038833618,0.8773875832557678,0.7751302719116211,0.8560116291046143,0.7482694983482361,0.916415810585022,0.8486318588256836,0.9444761276245117
151,1.0765577029661402,0.7899215221405029,0.6527854204177856,0.8532623052597046,0.8902126550674438,0.8366692662239075,1.0608773732551269,0.7867401838302612,0.6484515070915222,0.8150627613067627,0.8773283958435059,0.7754497528076172,0.8560116291046143,0.7482694983482361,0.916415810585022,0.8486318588256836,0.9444761276245117
152,1.085751608826437,0.790294885635376,0.6532954573631287,0.8535685539245605,0.8903567790985107,0.837048351764679,1.2427029583005385,0.7868452668190002,0.6485943794250488,0.8151586651802063,0.8774231672286987,0.7755463719367981,0.8560116291046143,0.7482694983482361,0.916415810585022,0.8486318588256836,0.9444761276245117
153,1.0896749981297362,0.790611982345581,0.6537290215492249,0.8538333773612976,0.8904498219490051,0.8373903036117554,1.2074431030759136,0.7869688272476196,0.6487622857093811,0.8152827024459839,0.8774804472923279,0.7757130265235901,0.8560116291046143,0.7482694983482361,0.916415810585022,0.8486318588256836,0.9444761276245117
154,1.076465213607999,0.7908861637115479,0.6541038751602173,0.8540371656417847,0.890682578086853,0.8375809788703918,1.0406249405486694,0.7871447205543518,0.6490013599395752,0.815502405166626,0.8773573040962219,0.7761507034301758,0.8560116291046143,0.7482694983482361,0.916415810585022,0.8486318588256836,0.9444761276245117
155,1.087760455409204,0.7911722660064697,0.6544954180717468,0.8542876243591309,0.8906946182250977,0.8379385471343994,1.0869150723343566,0.7872305512428284,0.6491180658340454,0.8155805468559265,0.8774350881576538,0.7762290835380554,0.8560116291046143,0.7482694983482361,0.916415810585022,0.8486318588256836,0.9444761276245117
156,1.072097207912582,0.791550874710083,0.6550137996673584,0.8546268343925476,0.8906611204147339,0.8384451866149902,0.9394657787817233,0.787399411201477,0.649347722530365,0.8157981038093567,0.8772844076156616,0.7766809463500977,0.8560116291046143,0.7482694983482361,0.916415810585022,0.8486318588256836,0.9444761276245117
157,1.096797213192121,0.7916121482849121,0.6550977826118469,0.854648232460022,0.8908610939979553,0.8383864164352417,1.1060523745564956,0.787578284740448,0.6495909690856934,0.8159818053245544,0.8773465752601624,0.7769418954849243,0.8560116291046143,0.7482694983482361,0.916415810585022,0.8486318588256836,0.9444761276245117
158,1.0895319776381802,0.7919571995735168,0.6555705070495605,0.8549661636352539,0.8907751441001892,0.8388856649398804,1.1446076555585107,0.7876992225646973,0.649755597114563,0.816100537776947,0.877414882183075,0.777092695236206,0.8560116291046143,0.7482694983482361,0.916415810585022,0.8486318588256836,0.9444761276245117
159,1.0882561799252701,0.792173445224762,0.6558668613433838,0.8551382422447205,0.8908873200416565,0.8390845656394958,1.1037454952455614,0.7878396511077881,0.6499467492103577,0.8162614703178406,0.8773837685585022,0.7773757576942444,0.8560116291046143,0.7482694983482361,0.916415810585022,0.8486318588256836,0.9444761276245117
160,1.092694317241053,0.792382001876831,0.6561528444290161,0.8553071022033691,0.8909772038459778,0.8392888903617859,1.1507882750316352,0.7879871726036072,0.650147557258606,0.8163942098617554,0.8775241374969482,0.7775037288665771,0.8560116291046143,0.7482694983482361,0.916415810585022,0.8486318588256836,0.9444761276245117
161,1.0758704646027415,0.7926144599914551,0.6564716696739197,0.8554834127426147,0.8911502361297607,0.8394666910171509,0.9542178373071571,0.788094699382782,0.6502940058708191,0.8165146708488464,0.8775129914283752,0.7777080535888672,0.8560116291046143,0.7482694983482361,0.916415810585022,0.8486318588256836,0.9444761276245117
162,1.0803095757884373,0.7929661870002747,0.6569544076919556,0.8557791113853455,0.8912331461906433,0.8398579359054565,1.1383161718879693,0.7882301807403564,0.6504784226417542,0.8166480660438538,0.877586841583252,0.7778791785240173,0.8560116291046143,0.7482694983482361,0.916415810585022,0.8486318588256836,0.9444761276245117
163,1.0831232593329458,0.7932785153388977,0.6573832631111145,0.856034517288208,0.8913493752479553,0.840175986289978,1.1619247738433216,0.7883805632591248,0.6506834030151367,0.8168254494667053,0.8775284886360168,0.7782065272331238,0.8560116291046143,0.7482694983482361,0.916415810585022,0.8486318588256836,0.9444761276245117
164,1.0819249198513234,0.7935413122177124,0.6577442288398743,0.8562535643577576,0.8914215564727783,0.8404609560966492,1.0582234772260852,0.7884376645088196,0.6507611274719238,0.8168733716011047,0.8775989413261414,0.7782402038574219,0.8560116291046143,0.7482694983482361,0.916415810585022,0.8486318588256836,0.9444761276245117
165,1.096870960085004,0.7937507033348083,0.6580320000648499,0.8564614057540894,0.8912713527679443,0.8408294916152954,1.0679580926254295,0.7884879112243652,0.6508296132087708,0.8168699145317078,0.8778799176216125,0.7780557870864868,0.8560116291046143,0.7482694983482361,0.916415810585022,0.8486318588256836,0.9444761276245117
166,1.088610261137256,0.7938046455383301,0.6581062078475952,0.8564667701721191,0.8915318846702576,0.8407202959060669,1.0352686185898263,0.7886313199996948,0.651025116443634,0.8170221447944641,0.877905011177063,0.7782889604568481,0.8560116291046143,0.7482694983482361,0.916415810585022,0.8486318588256836,0.9444761276245117
167,1.0878665066470203,0.7941067814826965,0.6585215926170349,0.8567413091659546,0.8914715647697449,0.8411451578140259,1.1309745072047255,0.788593590259552,0.6509736180305481,0.8169956803321838,0.8778331279754639,0.7782912850379944,0.8560116291046143,0.7482694983482361,0.916415810585022,0.8486318588256836,0.9444761276245117
168,1.0862530309467735,0.7943049073219299,0.6587942242622375,0.8568843603134155,0.891661524772644,0.8412672281265259,1.1387430633997695,0.7887288331985474,0.6511579155921936,0.8171663284301758,0.8777264952659607,0.7786383628845215,0.8560116291046143,0.7482694983482361,0.916415810585022,0.8486318588256836,0.9444761276245117
169,1.0872765993777664,0.7945910096168518,0.659187912940979,0.8571321368217468,0.8916786313056946,0.8416185975074768,1.161121343470887,0.7887547016143799,0.6511931419372559,0.817187488079071,0.8777610659599304,0.7786509990692139,0.8560116291046143,0.7482694983482361,0.916415810585022,0.8486318588256836,0.9444761276245117
170,1.0877642586249165,0.7948761582374573,0.6595805883407593,0.8573873043060303,0.8916436433792114,0.8420039415359497,1.1234334102954813,0.7888409495353699,0.6513107419013977,0.8172670006752014,0.8778333067893982,0.7787352204322815,0.8560116291046143,0.7482694983482361,0.916415810585022,0.8486318588256836,0.9444761276245117
171,1.0904515208319125,0.7951090931892395,0.6599012613296509,0.8575571179389954,0.8918550610542297,0.8421552181243896,1.281564885733566,0.7889623641967773,0.6514763832092285,0.8174012899398804,0.8778286576271057,0.7789578437805176,0.8560116291046143,0.7482694983482361,0.916415810585022,0.8486318588256836,0.9444761276245117
172,1.0807301318029159,0.7953946590423584,0.660294771194458,0.8577983975410461,0.8919073939323425,0.8424813151359558,1.094066025324946,0.7890561819076538,0.6516042947769165,0.8174880146980286,0.877906322479248,0.7790502309799194,0.8560116291046143,0.7482694983482361,0.916415810585022,0.8486318588256836,0.9444761276245117
173,1.0733702711609707,0.79567551612854,0.6606820225715637,0.8580166697502136,0.8920773267745972,0.8427213430404663,1.0500084333154498,0.7891682982444763,0.6517572402954102,0.8176689743995667,0.8776270151138306,0.779524028301239,0.8560116291046143,0.7482694983482361,0.916415810585022,0.8486318588256836,0.9444761276245117
174,1.077164862902744,0.7959991693496704,0.6611284613609314,0.8582944273948669,0.8921077847480774,0.8431100845336914,1.0810788168867984,0.7891979813575745,0.6517976522445679,0.8176528215408325,0.8778610825538635,0.7793486714363098,0.8560116291046143,0.7482694983482361,0.916415810585022,0.8486318588256836,0.9444761276245117
175,1.095873795003611,0.7961957454681396,0.6613996624946594,0.858442485332489,0.892255425453186,0.8432583212852478,1.3035403844302316,0.7893257141113281,0.6519719958305359,0.817826509475708,0.8776986598968506,0.7797362804412842,0.8560116291046143,0.7482694983482361,0.916415810585022,0.8486318588256836,0.9444761276245117
176,1.0816951655870322,0.7964443564414978,0.6617428064346313,0.8586469292640686,0.8923336267471313,0.843519389629364,1.0955259625016105,0.7894527316093445,0.6521453261375427,0.817980945110321,0.8776248097419739,0.7800359725952148,0.8560116291046143,0.7482694983482361,0.916415810585022,0.8486318588256836,0.9444761276245117
177,1.0825746211561427,0.7967514395713806,0.662166953086853,0.858903706073761,0.8924016356468201,0.8438611030578613,1.1900952708804748,0.7895501255989075,0.6522783041000366,0.8180700540542603,0.8777096271514893,0.780127763748169,0.8560116291046143,0.7482694983482361,0.916415810585022,0.8486318588256836,0.9444761276245117
178,1.0795279696857747,0.7970117926597595,0.6625266671180725,0.8591004014015198,0.8925929665565491,0.8440600633621216,1.1613027472942696,0.7897124886512756,0.6524999141693115,0.818283200263977,0.8775385022163391,0.7805854082107544,0.8560116291046143,0.7482694983482361,0.916415810585022,0.8486318588256836,0.9444761276245117
179,1.0779554734820946,0.797314465045929,0.6629450917243958,0.8593571186065674,0.8926359415054321,0.8444128036499023,1.1002290249689797,0.7897999286651611,0.6526193022727966,0.8183607459068298,0.8776262998580933,0.7806563973426819,0.8560116291046143,0.7482694983482361,0.916415810585022,0.8486318588256836,0.9444761276245117
180,1.0643324624593367,0.7975963354110718,0.6633349061012268,0.859576404094696,0.8928004503250122,0.844656765460968,0.9494193660908545,0.789914071559906,0.6527751088142395,0.8185045719146729,0.8775339722633362,0.7809504866600037,0.8560116291046143,0.7482694983482361,0.916415810585022,0.8486318588256836,0.9444761276245117
181,1.0792655524785986,0.7979240417480469,0.6637884378433228,0.8598459362983704,0.8928986191749573,0.8450031876564026,1.2074322182062769,0.790023922920227,0.6529252529144287,0.8186116218566895,0.8775976300239563,0.7810850739479065,0.8560116291046143,0.7482694983482361,0.916415810585022,0.8486318588256836,0.9444761276245117
182,1.0837390272427283,0.7982271313667297,0.664207935333252,0.8600949048995972,0.8929908871650696,0.8453224301338196,1.2421203765639919,0.7900828123092651,0.6530056595802307,0.8186706900596619,0.8776233196258545,0.7811654210090637,0.8560116291046143,0.7482694983482361,0.916415810585022,0.8486318588256836,0.9444761276245117
183,1.0752971167263867,0.7985050678253174,0.6645929217338562,0.8603072166442871,0.8931758999824524,0.845547080039978,1.155057314823571,0.790224552154541,0.6531993746757507,0.8188289999961853,0.8776069283485413,0.781434953212738,0.8560116291046143,0.7482694983482361,0.916415810585022,0.8486318588256836,0.9444761276245117
184,1.0778368567570151,0.7988344430923462,0.6650494337081909,0.8605888485908508,0.8932033777236938,0.8459428548812866,1.1529191497297275,0.7902234196662903,0.6531977653503418,0.8187893033027649,0.8777931928634644,0.7812514305114746,0.8560116291046143,0.7482694983482361,0.916415810585022,0.8486318588256836,0.9444761276245117
185,1.07460032719689,0.7990429401397705,0.6653385162353516,0.8607441782951355,0.8933668732643127,0.84609454870224,1.0376531313047168,0.7903761863708496,0.6534066200256348,0.8189874291419983,0.8776423335075378,0.7816716432571411,0.8560116291046143,0.7482694983482361,0.916415810585022,0.8486318588256836,0.9444761276245117
186,1.0727151870784533,0.7993237376213074,0.665727972984314,0.8609835505485535,0.8933929800987244,0.846429705619812,1.0060058153906293,0.7904441356658936,0.6534994840621948,0.8190453052520752,0.8777217864990234,0.7817156910896301,0.8560116291046143,0.7482694983482361,0.916415810585022,0.8486318588256836,0.9444761276245117
187,1.0764544523097102,0.7996222376823425,0.6661421656608582,0.8612319231033325,0.8934586644172668,0.846760094165802,1.128425374513661,0.790561854839325,0.6536603569984436,0.8191676735877991,0.8777512311935425,0.7818973064422607,0.8560116291046143,0.7482694983482361,0.916415810585022,0.8486318588256836,0.9444761276245117
188,1.064902234774171,0.7998047471046448,0.6663955450057983,0.86135333776474,0.8936949372291565,0.846829891204834,0.9189428382547219,0.7906855940818787,0.6538296341896057,0.819304883480072,0.8777417540550232,0.7821276783943176,0.8560116291046143,0.7482694983482361,0.916415810585022,0.8486318588256836,0.9444761276245117
189,1.076569553643815,0.8001260161399841,0.6668416857719421,0.8616335391998291,0.8936811685562134,0.8472420573234558,1.110978362422927,0.7907543778419495,0.653923749923706,0.8193551898002625,0.8778620958328247,0.7821335196495056,0.8560116291046143,0.7482694983482361,0.916415810585022,0.8486318588256836,0.9444761276245117
190,1.0808785408371224,0.8002824187278748,0.6670589447021484,0.8617368936538696,0.8938876986503601,0.8472990989685059,1.1172951220525957,0.7909144759178162,0.6541427373886108,0.8195577263832092,0.8777269721031189,0.7825508117675781,0.8560116291046143,0.7482694983482361,0.916415810585022,0.8486318588256836,0.9444761276245117
191,1.0707844252454752,0.8005749583244324,0.6674655675888062,0.8619838953018188,0.8939260244369507,0.8476399183273315,1.0242299867924558,0.7909713387489319,0.654220461845398,0.8196027874946594,0.8778096437454224,0.7825719118118286,0.8560116291046143,0.7482694983482361,0.916415810585022,0.8486318588256836,0.9444761276245117
192,1.0696806398469956,0.8008420467376709,0.6678369641304016,0.8621900677680969,0.8940860033035278,0.8478667140007019,1.0754918538703768,0.7911071181297302,0.6544061899185181,0.8197723627090454,0.8777045607566833,0.7829163074493408,0.8560116291046143,0.7482694983482361,0.916415810585022,0.8486318588256836,0.9444761276245117
193,1.0645795750108906,0.8010953664779663,0.6681894659996033,0.8623887300491333,0.8942169547080994,0.8480958342552185,0.9539790425968622,0.7911974787712097,0.6545299291610718,0.8198597431182861,0.8777593374252319,0.7830244302749634,0.8560116291046143,0.7482694983482361,0.916415810585022,0.8486318588256836,0.9444761276245117
194,1.0692919358695196,0.801418125629425,0.6686385273933411,0.862665593624115,0.894228458404541,0.8484918475151062,1.0399140456501161,0.7913008332252502,0.6546714305877686,0.8199646472930908,0.8777973651885986,0.7831718921661377,0.8560116291046143,0.7482694983482361,0.916415810585022,0.8486318588256836,0.9444761276245117
195,1.0735774658057047,0.8016517162322998,0.6689638495445251,0.8628446459770203,0.8943749666213989,0.8486855626106262,1.094813783369134,0.7914286851882935,0.6548465490341187,0.8201201558113098,0.8777186274528503,0.7834764122962952,0.8560116291046143,0.7482694983482361,0.916415810585022,0.8486318588256836,0.9444761276245117
196,1.0694601446981749,0.8019441366195679,0.6693712472915649,0.863086462020874,0.8944429159164429,0.8490053415298462,1.0528209799083332,0.7914950251579285,0.6549373865127563,0.8201537132263184,0.8779080510139465,0.7834107279777527,0.8560116291046143,0.7482694983482361,0.916415810585022,0.8486318588256836,0.9444761276245117
197,1.0646470189900095,0.802182674407959,0.6697037220001221,0.8632681965827942,0.8945989012718201,0.8491986393928528,0.9755811582677716,0.7916240692138672,0.6551141142845154,0.8203195333480835,0.8777845501899719,0.783760666847229,0.8560116291046143,0.7482694983482361,0.916415810585022,0.8486318588256836,0.9444761276245117
198,1.0796123157300703,0.8024386167526245,0.6700604557991028,0.8634727001190186,0.8947028517723083,0.8494483828544617,1.2048272617078037,0.7917125225067139,0.6552351713180542,0.8204094767570496,0.8778156042098999,0.783888041973114,0.8560116291046143,0.7482694983482361,0.916415810585022,0.8486318588256836,0.9444761276245117
199,1.0696409399615179,0.8027371168136597,0.6704769134521484,0.8637134432792664,0.8948095440864563,0.8497493863105774,1.115047661775594,0.7918409705162048,0.6554111838340759,0.8205536007881165,0.8777948617935181,0.7841370701789856,0.8560116291046143,0.7482694983482361,0.916415810585022,0.8486318588256836,0.9444761276245117
