,train_loss,train_dice,train_iou,train_acc,train_sens,train_spec,val_loss,val_dice,val_iou,val_acc,val_sens,val_spec,test_dice,test_iou,test_acc,test_sens,test_spec
0,1.3241596780369747,0.7454933524131775,0.5942504405975342,0.8434773683547974,0.7526751160621643,0.8832442164421082,1.1603641994201657,0.7532622218132019,0.6041865348815918,0.8009960055351257,0.7812460064888,0.8135608434677124,0.8135408163070679,0.6856880187988281,0.8792087435722351,0.9000651240348816,0.8705748915672302
1,1.1708452031519745,0.746181070804596,0.5951257944107056,0.8403337597846985,0.7704147100448608,0.8709645867347717,1.1149057524686241,0.7364822626113892,0.5828824043273926,0.7801097631454468,0.7902670502662659,0.7736477851867676,0.8135408163070679,0.6856880187988281,0.8792087435722351,0.9000651240348816,0.8705748915672302
2,1.1377427498857855,0.7475408315658569,0.5968579053878784,0.8357458114624023,0.7987629771232605,0.8519333600997925,1.1473726713646222,0.7363032102584839,0.5826581120491028,0.7709611058235168,0.8223876953125,0.7382438778877258,0.8135408163070679,0.6856880187988281,0.8792087435722351,0.9000651240348816,0.8705748915672302
3,1.1461434429001545,0.7461801767349243,0.5951250791549683,0.830212414264679,0.8194676637649536,0.8349177241325378,1.3097118227000641,0.7364026308059692,0.5827826261520386,0.7679171562194824,0.8337442278862,0.72603839635849,0.8135408163070679,0.6856880187988281,0.8792087435722351,0.9000651240348816,0.8705748915672302
4,1.1297841613868673,0.7457116842269897,0.594529390335083,0.8266212940216064,0.8350656032562256,0.8229254484176636,1.1443457920938291,0.7364473342895508,0.5828386545181274,0.7651928067207336,0.8437256813049316,0.7152307033538818,0.8135408163070679,0.6856880187988281,0.8792087435722351,0.9000651240348816,0.8705748915672302
5,1.1198667103515256,0.7492573261260986,0.5990496277809143,0.8279065489768982,0.8446465730667114,0.8205805420875549,1.1600120992260332,0.7370041608810425,0.5835365056991577,0.7651143670082092,0.8464340567588806,0.7133792638778687,0.8135408163070679,0.6856880187988281,0.8792087435722351,0.9000651240348816,0.8705748915672302
6,1.1149469553297902,0.7547070980072021,0.606047511100769,0.8326820731163025,0.8455742001533508,0.8270402550697327,1.0827013501112628,0.7381938099861145,0.5850294828414917,0.7657619118690491,0.8493049740791321,0.7126123309135437,0.8135408163070679,0.6856880187988281,0.8792087435722351,0.9000651240348816,0.8705748915672302
7,1.115785226687275,0.7542145848274231,0.6054126620292664,0.8307642340660095,0.8528472781181335,0.8210979104042053,0.999492535747053,0.739383339881897,0.5865251421928406,0.7674870491027832,0.8482624292373657,0.7160983085632324,0.8135408163070679,0.6856880187988281,0.8792087435722351,0.9000651240348816,0.8705748915672302
8,1.116284332519266,0.7597663402557373,0.6125990748405457,0.8363154530525208,0.8503932356834412,0.8301557302474976,1.1738969105273835,0.7395579218864441,0.5867449045181274,0.7670420408248901,0.8506563305854797,0.713847279548645,0.8135408163070679,0.6856880187988281,0.8792087435722351,0.9000651240348816,0.8705748915672302
9,1.1011211466402808,0.7606361508369446,0.6137309074401855,0.8357635140419006,0.8576990365982056,0.826171338558197,1.0321373569203427,0.739434003829956,0.5865889191627502,0.766092836856842,0.8535735011100769,0.7104381918907166,0.8135408163070679,0.6856880187988281,0.8792087435722351,0.9000651240348816,0.8705748915672302
10,1.1304793945341922,0.764177143573761,0.6183547377586365,0.8390621542930603,0.8570657968521118,0.8311894536018372,1.4269871007874104,0.7404202818870544,0.5878311991691589,0.767703115940094,0.8520528078079224,0.7140403985977173,0.8135408163070679,0.6856880187988281,0.8792087435722351,0.9000651240348816,0.8705748915672302
11,1.103466317608665,0.7674328088760376,0.6226294636726379,0.8417485356330872,0.8582354784011841,0.8345394730567932,1.1137475389251472,0.7398040294647217,0.5870547890663147,0.7659281492233276,0.8558169603347778,0.7087415456771851,0.8135408163070679,0.6856880187988281,0.8792087435722351,0.9000651240348816,0.8705748915672302
12,1.1043656586821107,0.7669998407363892,0.6220596432685852,0.840391993522644,0.8633508682250977,0.8303505182266235,1.0069389898779062,0.740254282951355,0.5876219272613525,0.766631007194519,0.8552463054656982,0.7102546095848083,0.8135408163070679,0.6856880187988281,0.8792087435722351,0.9000651240348816,0.8705748915672302
13,1.1372870147640666,0.7696431875228882,0.625544548034668,0.8434312343597412,0.8595043420791626,0.8364006280899048,1.3788549522942555,0.7411645650863647,0.5887700915336609,0.7682511806488037,0.8533437252044678,0.7141159176826477,0.8135408163070679,0.6856880187988281,0.8792087435722351,0.9000651240348816,0.8705748915672302
14,1.1001665050461584,0.7713704109191895,0.6278297901153564,0.844680666923523,0.8610857725143433,0.837505578994751,1.0527067165009982,0.7399726510047913,0.5872672200202942,0.7656946778297424,0.8574216365814209,0.7073386311531067,0.8135408163070679,0.6856880187988281,0.8792087435722351,0.9000651240348816,0.8705748915672302
15,1.106436134278916,0.7708876729011536,0.6271904110908508,0.8434669375419617,0.8651987910270691,0.8339583277702332,1.0446797243497876,0.7401671409606934,0.587512195110321,0.7657480239868164,0.8580935001373291,0.7069984674453735,0.8135408163070679,0.6856880187988281,0.8792087435722351,0.9000651240348816,0.8705748915672302
16,1.1210555775473736,0.7724611759185791,0.6292762756347656,0.8449805974960327,0.8645276427268982,0.8364279866218567,1.2644815990704932,0.7408604621887207,0.5883862972259521,0.766816258430481,0.8572677373886108,0.7092716693878174,0.8135408163070679,0.6856880187988281,0.8792087435722351,0.9000651240348816,0.8705748915672302
17,1.1060378804476416,0.7734917402267456,0.630645215511322,0.8456079363822937,0.8658753037452698,0.8367368578910828,1.0950085603482795,0.7404397130012512,0.5878556966781616,0.7656310796737671,0.8597394824028015,0.7057600617408752,0.8135408163070679,0.6856880187988281,0.8792087435722351,0.9000651240348816,0.8705748915672302
18,1.0913525166211058,0.7745909094810486,0.6321079134941101,0.8462231755256653,0.8680614829063416,0.8366675972938538,1.022591932909715,0.7407917380332947,0.588299572467804,0.7661659717559814,0.8593510985374451,0.706882119178772,0.8135408163070679,0.6856880187988281,0.8792087435722351,0.9000651240348816,0.8705748915672302
19,1.0953859975018398,0.7759621143341064,0.63393634557724,0.8472757935523987,0.8688528537750244,0.8378332853317261,1.009658707309989,0.7408222556114197,0.5883381366729736,0.7659574151039124,0.860254168510437,0.7059664726257324,0.8135408163070679,0.6856880187988281,0.8792087435722351,0.9000651240348816,0.8705748915672302
20,1.1079183926680516,0.7758618593215942,0.6338024735450745,0.8467531204223633,0.8710145354270935,0.8361305594444275,1.0809555372331454,0.7410807609558105,0.5886642336845398,0.7662824988365173,0.8602169156074524,0.7065220475196838,0.8135408163070679,0.6856880187988281,0.8792087435722351,0.9000651240348816,0.8705748915672302
21,1.1053900329919653,0.7775520086288452,0.6360613107681274,0.8483259677886963,0.8703975081443787,0.8386602997779846,1.1287461533079859,0.7414683699607849,0.5891535878181458,0.7669961452484131,0.8593255877494812,0.708256721496582,0.8135408163070679,0.6856880187988281,0.8792087435722351,0.9000651240348816,0.8705748915672302
22,1.0952834046714595,0.7787022590637207,0.6376023292541504,0.849198043346405,0.8712063431739807,0.8395605683326721,1.0583046623422532,0.7413420081138611,0.5889939665794373,0.7663867473602295,0.8610050678253174,0.7061912417411804,0.8135408163070679,0.6856880187988281,0.8792087435722351,0.9000651240348816,0.8705748915672302
23,1.110066674791005,0.7793676853179932,0.6384949684143066,0.8495702743530273,0.8723658919334412,0.8395871520042419,1.2397726173351997,0.7415682673454285,0.5892797708511353,0.7672968506813049,0.8586639165878296,0.7091696858406067,0.8135408163070679,0.6856880187988281,0.8792087435722351,0.9000651240348816,0.8705748915672302
24,1.1057680321264276,0.7797213196754456,0.6389698386192322,0.8499106168746948,0.8722295165061951,0.8401368260383606,1.0114439875517902,0.7415411472320557,0.5892454385757446,0.7670666575431824,0.859391450881958,0.7083302140235901,0.8135408163070679,0.6856880187988281,0.8792087435722351,0.9000651240348816,0.8705748915672302
25,1.0951572109478123,0.7804842591285706,0.6399951577186584,0.8503417372703552,0.8735654354095459,0.8401711583137512,1.0888315947495895,0.7419567108154297,0.589770495891571,0.7674581408500671,0.8598106503486633,0.7087040543556213,0.8135408163070679,0.6856880187988281,0.8792087435722351,0.9000651240348816,0.8705748915672302
26,1.090455584889775,0.7816249132156372,0.6415305733680725,0.8513386249542236,0.873635470867157,0.8415752053260803,0.9903519850414827,0.7422110438346863,0.5900918245315552,0.767667829990387,0.8601773977279663,0.7088138461112976,0.8135408163070679,0.6856880187988281,0.8792087435722351,0.9000651240348816,0.8705748915672302
27,1.095702120972785,0.7829092144966125,0.6432627439498901,0.8525033593177795,0.8733343482017517,0.8433817028999329,1.060217447139285,0.7426114082336426,0.5905981659889221,0.7682032585144043,0.8599936962127686,0.7098068594932556,0.8135408163070679,0.6856880187988281,0.8792087435722351,0.9000651240348816,0.8705748915672302
28,1.10822884357365,0.7827745079994202,0.6430809497833252,0.8522014021873474,0.8744434714317322,0.8424619436264038,1.1369467423560025,0.7425414323806763,0.5905097126960754,0.7677781581878662,0.8612554669380188,0.7083085179328918,0.8135408163070679,0.6856880187988281,0.8792087435722351,0.9000651240348816,0.8705748915672302
29,1.0879062662352952,0.7836533784866333,0.6442681550979614,0.8527431488037109,0.8755661249160767,0.8427461385726929,1.0191083103062324,0.7430127859115601,0.5911060571670532,0.7683470249176025,0.8612676858901978,0.7092316150665283,0.8135408163070679,0.6856880187988281,0.8792087435722351,0.9000651240348816,0.8705748915672302
30,1.0983566796571942,0.7849218845367432,0.6459847688674927,0.8538939952850342,0.8752322793006897,0.8445468544960022,1.1400811715243746,0.7433022856712341,0.5914725661277771,0.7686675786972046,0.8613814115524292,0.7096836566925049,0.8135408163070679,0.6856880187988281,0.8792087435722351,0.9000651240348816,0.8705748915672302
31,1.0901843834722442,0.7855989933013916,0.646902322769165,0.8543089628219604,0.8761479258537292,0.8447409272193909,1.033089038781612,0.7434394359588623,0.5916463136672974,0.7686470746994019,0.8620771765708923,0.7092075347900391,0.8135408163070679,0.6856880187988281,0.8792087435722351,0.9000651240348816,0.8705748915672302
32,1.0951124430986452,0.7862146496772766,0.6477377414703369,0.8547338247299194,0.876826286315918,0.8450550436973572,1.1104363048493004,0.7437761425971985,0.5920729637145996,0.7689957022666931,0.8622999787330627,0.7096362113952637,0.8135408163070679,0.6856880187988281,0.8792087435722351,0.9000651240348816,0.8705748915672302
33,1.1023065211898353,0.7870526909828186,0.6488761901855469,0.8554071187973022,0.877240777015686,0.8458435535430908,1.2826867519354042,0.7439290881156921,0.5922667980194092,0.7690363526344299,0.862840473651886,0.7093587517738342,0.8135408163070679,0.6856880187988281,0.8792087435722351,0.9000651240348816,0.8705748915672302
34,1.0977785245525913,0.7874326109886169,0.64939284324646,0.8555471301078796,0.8783698081970215,0.845550000667572,1.1789452014575899,0.7442005276679993,0.5926110148429871,0.7691514492034912,0.8636409044265747,0.7090378403663635,0.8135408163070679,0.6856880187988281,0.8792087435722351,0.9000651240348816,0.8705748915672302
35,1.1042806162572243,0.788079559803009,0.650273323059082,0.855970025062561,0.8790941834449768,0.845839262008667,1.2887292870019942,0.7445554137229919,0.5930611491203308,0.7695391178131104,0.8637996912002563,0.7095712423324585,0.8135408163070679,0.6856880187988281,0.8792087435722351,0.9000651240348816,0.8705748915672302
36,1.0847954388541292,0.7888396382331848,0.6513090133666992,0.8565545082092285,0.8795170783996582,0.8464943766593933,1.0012003311593163,0.7448397278785706,0.5934219360351562,0.7698214054107666,0.8640328645706177,0.709884762763977,0.8135408163070679,0.6856880187988281,0.8792087435722351,0.9000651240348816,0.8705748915672302
37,1.099181871536356,0.7893025875091553,0.6519404053688049,0.8568502068519592,0.8801906704902649,0.8466252684593201,1.2142527420835454,0.7452276945114136,0.5939146876335144,0.7702164649963379,0.8643136024475098,0.7103524208068848,0.8135408163070679,0.6856880187988281,0.8792087435722351,0.9000651240348816,0.8705748915672302
38,1.0884917381125345,0.7898932099342346,0.6527466773986816,0.8572947382926941,0.88066166639328,0.8470595479011536,1.073034273025613,0.7454445362091064,0.5941901803016663,0.7703021764755249,0.8649786710739136,0.7100695967674255,0.8135408163070679,0.6856880187988281,0.8792087435722351,0.9000651240348816,0.8705748915672302
39,1.0905589415522692,0.7904160618782043,0.6534609794616699,0.857653796672821,0.8812393546104431,0.8473231792449951,1.0989034390563641,0.7457274198532104,0.5945497155189514,0.7705345153808594,0.8653932809829712,0.7101860046386719,0.8135408163070679,0.6856880187988281,0.8792087435722351,0.9000651240348816,0.8705748915672302
40,1.0923712665307113,0.790799081325531,0.6539847254753113,0.8578646183013916,0.882059633731842,0.8472685813903809,1.1584176828698336,0.7461594343185425,0.5950990915298462,0.7709284424781799,0.8658789992332458,0.7105215787887573,0.8135408163070679,0.6856880187988281,0.8792087435722351,0.9000651240348816,0.8705748915672302
41,1.0877135675927192,0.791425883769989,0.6548426151275635,0.858448326587677,0.8818709850311279,0.8481920957565308,0.9967969723394019,0.7463985681533813,0.5954034924507141,0.7711085677146912,0.8662921786308289,0.7105533480644226,0.8135408163070679,0.6856880187988281,0.8792087435722351,0.9000651240348816,0.8705748915672302
42,1.0884991611191082,0.7916939854621887,0.6552097797393799,0.8585513830184937,0.8826422691345215,0.8480022549629211,1.042012740209657,0.7467294931411743,0.595824658870697,0.7714298963546753,0.8665900230407715,0.7108896374702454,0.8135408163070679,0.6856880187988281,0.8792087435722351,0.9000651240348816,0.8705748915672302
43,1.0989340021507914,0.792289137840271,0.6560254693031311,0.8590109944343567,0.8829033970832825,0.8485478162765503,1.2271746687866212,0.7470159530639648,0.5961894989013672,0.7716718316078186,0.8669852614402771,0.7110341191291809,0.8135408163070679,0.6856880187988281,0.8792087435722351,0.9000651240348816,0.8705748915672302
44,1.1008763973713867,0.7925310730934143,0.6563572883605957,0.859096109867096,0.8836498856544495,0.8483430743217468,1.2482965172808291,0.7473609447479248,0.5966291427612305,0.7720305919647217,0.867205798625946,0.7114807367324829,0.8135408163070679,0.6856880187988281,0.8792087435722351,0.9000651240348816,0.8705748915672302
45,1.0942132518145935,0.7929288744926453,0.6569030284881592,0.859362781047821,0.8840695023536682,0.8485418558120728,1.1333361142660863,0.7476930618286133,0.5970525145530701,0.7722861170768738,0.8677592277526855,0.711546778678894,0.8135408163070679,0.6856880187988281,0.8792087435722351,0.9000651240348816,0.8705748915672302
46,1.0855576671078502,0.7932325005531311,0.6573200225830078,0.8595237135887146,0.8847166895866394,0.8484901785850525,1.0389459175804476,0.7481159567832947,0.5975920557975769,0.772818922996521,0.8676729798316956,0.7124733924865723,0.8135408163070679,0.6856880187988281,0.8792087435722351,0.9000651240348816,0.8705748915672302
47,1.093930805899272,0.7938487529754639,0.658166766166687,0.8600409030914307,0.8848191499710083,0.8491895794868469,1.1940885646827772,0.7483726143836975,0.5979195833206177,0.7730220556259155,0.8680785298347473,0.7125478386878967,0.8135408163070679,0.6856880187988281,0.8792087435722351,0.9000651240348816,0.8705748915672302
48,1.0859224745225509,0.7942164540290833,0.6586724519729614,0.860241711139679,0.8855634331703186,0.8491529226303101,1.106902823033618,0.7487974166870117,0.5984621047973633,0.7734444737434387,0.868421196937561,0.7130209803581238,0.8135408163070679,0.6856880187988281,0.8792087435722351,0.9000651240348816,0.8705748915672302
49,1.1115560802699311,0.7946344614028931,0.659247636795044,0.8607715368270874,0.8844690918922424,0.850394070148468,1.1354990209500087,0.7488120794296265,0.5984808802604675,0.7737975120544434,0.8671355843544006,0.7144164443016052,0.8135408163070679,0.6856880187988281,0.8792087435722351,0.9000651240348816,0.8705748915672302
50,1.0993158265130143,0.7943957448005676,0.6589191555976868,0.8605024218559265,0.8848364949226379,0.8498454093933105,0.9963289271763575,0.7489615082740784,0.5986718535423279,0.7738495469093323,0.8676254153251648,0.7141900062561035,0.8135408163070679,0.6856880187988281,0.8792087435722351,0.9000651240348816,0.8705748915672302
51,1.1204927004200973,0.7941557765007019,0.6585889458656311,0.8603692650794983,0.8844309449195862,0.8498323559761047,1.1818358448539872,0.7486164569854736,0.5982310175895691,0.7740609049797058,0.8652259707450867,0.7160623073577881,0.8135408163070679,0.6856880187988281,0.8792087435722351,0.9000651240348816,0.8705748915672302
52,1.1391964384904123,0.7940996289253235,0.658511757850647,0.8605373501777649,0.8830521106719971,0.8506777286529541,1.2992037088193285,0.7483991384506226,0.5979534387588501,0.7740790843963623,0.864158034324646,0.7167714238166809,0.8135408163070679,0.6856880187988281,0.8792087435722351,0.9000651240348816,0.8705748915672302
53,1.1078937245375484,0.7938200235366821,0.6581272482872009,0.8602631092071533,0.8832583427429199,0.850192666053772,1.067466006675732,0.7486583590507507,0.5982846021652222,0.7744116187095642,0.8640753626823425,0.7173682451248169,0.8135408163070679,0.6856880187988281,0.8792087435722351,0.9000651240348816,0.8705748915672302
54,1.1113837195570722,0.7941077947616577,0.6585230231285095,0.860496997833252,0.8833490610122681,0.8504896759986877,1.3582436902484387,0.7488966584205627,0.5985890030860901,0.7745766043663025,0.8645377159118652,0.7173439264297485,0.8135408163070679,0.6856880187988281,0.8792087435722351,0.9000651240348816,0.8705748915672302
55,1.0905632996401682,0.7940910458564758,0.6584999561309814,0.8603582978248596,0.8840774893760681,0.8499701619148254,1.014960122583127,0.7490564584732056,0.5987931489944458,0.7746056914329529,0.865161120891571,0.7169949412345886,0.8135408163070679,0.6856880187988281,0.8792087435722351,0.9000651240348816,0.8705748915672302
56,1.0973098731872715,0.7943873405456543,0.6589075922966003,0.8606181144714355,0.8840445280075073,0.8503583669662476,1.1120488394585841,0.749267578125,0.5990630984306335,0.7748129367828369,0.8653374910354614,0.7172218561172485,0.8135408163070679,0.6856880187988281,0.8792087435722351,0.9000651240348816,0.8705748915672302
57,1.0902785839980385,0.7945989370346069,0.6591988205909729,0.8607144951820374,0.8845967650413513,0.8502554297447205,1.1157938906432028,0.7493748068809509,0.5992000699043274,0.7748186588287354,0.8658093214035034,0.7169309854507446,0.8135408163070679,0.6856880187988281,0.8792087435722351,0.9000651240348816,0.8705748915672302
58,1.0897420247753433,0.7949802875518799,0.6597238183021545,0.8609908223152161,0.8849112391471863,0.8505150675773621,1.1300890129894154,0.7496359944343567,0.599534273147583,0.7751109600067139,0.8658896684646606,0.7173581719398499,0.8135408163070679,0.6856880187988281,0.8792087435722351,0.9000651240348816,0.8705748915672302
59,1.091896635700508,0.7953058481216431,0.6601723432540894,0.8612196445465088,0.8852361440658569,0.8507020473480225,1.1539180457800278,0.749773383140564,0.5997100472450256,0.7751562595367432,0.8663491606712341,0.7171398997306824,0.8135408163070679,0.6856880187988281,0.8792087435722351,0.9000651240348816,0.8705748915672302
60,1.0836118637464198,0.7955768704414368,0.6605460047721863,0.8613770008087158,0.8856751918792725,0.850735604763031,1.0147982576045846,0.7501017451286316,0.6001302599906921,0.7755897045135498,0.866194486618042,0.7179475426673889,0.8135408163070679,0.6856880187988281,0.8792087435722351,0.9000651240348816,0.8705748915672302
61,1.08705278560173,0.7959932088851929,0.6611201167106628,0.8617112040519714,0.8857287764549255,0.8511912822723389,1.0236310470718313,0.7502464652061462,0.6003155708312988,0.7756420373916626,0.8666613698005676,0.7177361845970154,0.8135408163070679,0.6856880187988281,0.8792087435722351,0.9000651240348816,0.8705748915672302
62,1.0813384391633147,0.7963594198226929,0.6616255640983582,0.8619695901870728,0.886084794998169,0.8514071106910706,1.033060568212755,0.7504591941833496,0.6005880236625671,0.7758468389511108,0.8668540716171265,0.7179486751556396,0.8135408163070679,0.6856880187988281,0.8792087435722351,0.9000651240348816,0.8705748915672302
63,1.0802396761826045,0.7967446446418762,0.6621575951576233,0.8622360825538635,0.8864623308181763,0.8516247868537903,1.0283066343307312,0.7506452798843384,0.6008263230323792,0.7759934067726135,0.8671485185623169,0.718001127243042,0.8135408163070679,0.6856880187988281,0.8792087435722351,0.9000651240348816,0.8705748915672302
64,1.0807249731446147,0.7970207333564758,0.6625389456748962,0.8624051213264465,0.8869102597236633,0.8516720533370972,1.026657754779971,0.7509023547172546,0.6011557579040527,0.7762784361839294,0.8672356009483337,0.7184121012687683,0.8135408163070679,0.6856880187988281,0.8792087435722351,0.9000651240348816,0.8705748915672302
65,1.101129607941226,0.797417938709259,0.6630881428718567,0.8627746105194092,0.8867506384849548,0.8522740006446838,1.2606209223179858,0.7511202692985535,0.6014351844787598,0.7764824032783508,0.8674553036689758,0.7186061143875122,0.8135408163070679,0.6856880187988281,0.8792087435722351,0.9000651240348816,0.8705748915672302
66,1.080730877661936,0.7977421283721924,0.663536548614502,0.8629847168922424,0.8871707320213318,0.8523920774459839,1.0457012555960086,0.7513214945793152,0.6016932129859924,0.7766348123550415,0.8677975535392761,0.7186377644538879,0.8135408163070679,0.6856880187988281,0.8792087435722351,0.9000651240348816,0.8705748915672302
67,1.081226774361447,0.7979705333709717,0.6638526916503906,0.8631240129470825,0.8875724673271179,0.8524172306060791,1.0297175665637397,0.7515965104103088,0.6020461320877075,0.7769213318824768,0.8679619431495667,0.7190019488334656,0.8135408163070679,0.6856880187988281,0.8792087435722351,0.9000651240348816,0.8705748915672302
68,1.0856902569306788,0.7983183860778809,0.664334237575531,0.8633929491043091,0.8877564072608948,0.8527237176895142,1.0947209411889287,0.7518051862716675,0.6023139357566833,0.7770808339118958,0.8683117032051086,0.7190403938293457,0.8135408163070679,0.6856880187988281,0.8792087435722351,0.9000651240348816,0.8705748915672302
69,1.0932348554861946,0.798703134059906,0.6648673415184021,0.8637053966522217,0.8878886103630066,0.8531158566474915,1.2401497579905216,0.7520368099212646,0.6026113033294678,0.7772970795631409,0.8685469031333923,0.7192445993423462,0.8135408163070679,0.6856880187988281,0.8792087435722351,0.9000651240348816,0.8705748915672302
70,1.0899699159597367,0.7990102767944336,0.6652931571006775,0.8639328479766846,0.8880852460861206,0.8533564805984497,1.1429663048657575,0.7522109746932983,0.6028350591659546,0.777350127696991,0.869151771068573,0.7189465165138245,0.8135408163070679,0.6856880187988281,0.8792087435722351,0.9000651240348816,0.8705748915672302
71,1.0773814841152056,0.7991427183151245,0.6654767990112305,0.8639697432518005,0.8885809779167175,0.8531924486160278,0.9524654292884812,0.7525014281272888,0.6032082438468933,0.7776989340782166,0.869144082069397,0.7195221185684204,0.8135408163070679,0.6856880187988281,0.8792087435722351,0.9000651240348816,0.8705748915672302
72,1.0864680470320143,0.7994763255119324,0.6659396886825562,0.8642591238021851,0.8885588049888611,0.8536186814308167,1.0689753921386713,0.7526183724403381,0.6033585667610168,0.7777134776115417,0.8696332573890686,0.7192347049713135,0.8135408163070679,0.6856880187988281,0.8792087435722351,0.9000651240348816,0.8705748915672302
73,1.0956542207153517,0.7995349764823914,0.666020929813385,0.8642598390579224,0.8888905644416809,0.8534746766090393,1.1664587017824544,0.7529236674308777,0.6037510633468628,0.7781395316123962,0.8693914413452148,0.7200856804847717,0.8135408163070679,0.6856880187988281,0.8792087435722351,0.9000651240348816,0.8705748915672302
74,1.0885430032732533,0.7998425364494324,0.6664479970932007,0.8645354509353638,0.8887999653816223,0.8539108037948608,1.0643265826933486,0.7530059218406677,0.6038568019866943,0.7781190872192383,0.8698559999465942,0.7197566032409668,0.8135408163070679,0.6856880187988281,0.8792087435722351,0.9000651240348816,0.8705748915672302
75,1.0760839815687642,0.8000367283821106,0.6667175889015198,0.8646331429481506,0.8892825245857239,0.853840708732605,1.007882300258647,0.7532389163970947,0.6041566729545593,0.7783671617507935,0.8699734807014465,0.7200877070426941,0.8135408163070679,0.6856880187988281,0.8792087435722351,0.9000651240348816,0.8705748915672302
76,1.081257026880234,0.800383985042572,0.6672001481056213,0.8649623990058899,0.8891001343727112,0.8543948531150818,0.9750700310824849,0.7534722089767456,0.6044568419456482,0.7786217331886292,0.8700655698776245,0.7204457521438599,0.8135408163070679,0.6856880187988281,0.8792087435722351,0.9000651240348816,0.8705748915672302
77,1.0850543610648964,0.8004682660102844,0.6673173308372498,0.8649631142616272,0.8895465731620789,0.8542001843452454,1.0458298718141212,0.7536665797233582,0.6047070622444153,0.7788156270980835,0.870213508605957,0.7206689119338989,0.8135408163070679,0.6856880187988281,0.8792087435722351,0.9000651240348816,0.8705748915672302
78,1.086581296480192,0.8007704019546509,0.6677373051643372,0.865225613117218,0.8894668221473694,0.8546119332313538,1.0334656274906142,0.753868818283081,0.6049675345420837,0.7790436148643494,0.8702647686004639,0.7210092544555664,0.8135408163070679,0.6856880187988281,0.8792087435722351,0.9000651240348816,0.8705748915672302
79,1.0840656072593822,0.8009330034255981,0.6679633855819702,0.865321159362793,0.8897560834884644,0.8546228408813477,1.0580103678032313,0.7539970278739929,0.6051325798034668,0.7791156768798828,0.8705820441246033,0.7209253907203674,0.8135408163070679,0.6856880187988281,0.8792087435722351,0.9000651240348816,0.8705748915672302
80,1.0802719957404054,0.801148533821106,0.6682633757591248,0.8654555082321167,0.8901082277297974,0.8546625375747681,1.0702880812694409,0.7542338967323303,0.6054378151893616,0.7793601155281067,0.8707304000854492,0.7212309241294861,0.8135408163070679,0.6856880187988281,0.8792087435722351,0.9000651240348816,0.8705748915672302
81,1.081987614839359,0.8014253973960876,0.6686486601829529,0.8656780123710632,0.8901167511940002,0.8549776077270508,0.968824778749749,0.754407525062561,0.6056616902351379,0.7794681191444397,0.8711199164390564,0.7211599946022034,0.8135408163070679,0.6856880187988281,0.8792087435722351,0.9000651240348816,0.8705748915672302
82,1.080445186732728,0.801547646522522,0.6688188910484314,0.8657266497612,0.8904778957366943,0.8548893928527832,1.0048548224113607,0.7546544671058655,0.6059799790382385,0.7797571420669556,0.8711389899253845,0.7216205596923828,0.8135408163070679,0.6856880187988281,0.8792087435722351,0.9000651240348816,0.8705748915672302
83,1.0902925769130654,0.8017680644989014,0.6691259741783142,0.8658822178840637,0.8906602263450623,0.8550329804420471,1.1578291596442214,0.7548472881317139,0.6062285900115967,0.7799410820007324,0.8713183999061584,0.7218074202537537,0.8135408163070679,0.6856880187988281,0.8792087435722351,0.9000651240348816,0.8705748915672302
84,1.0825055111776922,0.8020511269569397,0.6695203185081482,0.8660880327224731,0.8908431529998779,0.8552481532096863,1.075700391132108,0.7550028562545776,0.606429398059845,0.7800613045692444,0.871575117111206,0.7218408584594727,0.8135408163070679,0.6856880187988281,0.8792087435722351,0.9000651240348816,0.8705748915672302
85,1.0781139013237981,0.8023024797439575,0.6698707938194275,0.8662571907043457,0.8911336064338684,0.8553643226623535,1.0494826659254417,0.7552204132080078,0.6067101359367371,0.7803065180778503,0.8716280460357666,0.7222084403038025,0.8135408163070679,0.6856880187988281,0.8792087435722351,0.9000651240348816,0.8705748915672302
86,1.077563824529951,0.8026290535926819,0.6703261137008667,0.8665321469306946,0.8911279439926147,0.8557618856430054,0.9832022568103982,0.7554197311401367,0.6069675087928772,0.7804486751556396,0.8720042109489441,0.7222017049789429,0.8135408163070679,0.6856880187988281,0.8792087435722351,0.9000651240348816,0.8705748915672302
87,1.100628144518887,0.802809476852417,0.670577883720398,0.8666407465934753,0.8914185166358948,0.855790913105011,1.3632312685858592,0.7556808590888977,0.6073046922683716,0.780745267868042,0.872058093547821,0.7226527333259583,0.8135408163070679,0.6856880187988281,0.8792087435722351,0.9000651240348816,0.8705748915672302
88,1.0847034745983648,0.8031226396560669,0.6710150837898254,0.8668973445892334,0.8914815187454224,0.856132447719574,1.1377253496544597,0.7558160424232483,0.6074793338775635,0.7808008193969727,0.8724759221076965,0.7224777936935425,0.8135408163070679,0.6856880187988281,0.8792087435722351,0.9000651240348816,0.8705748915672302
89,1.0931634666482648,0.8032703399658203,0.6712212562561035,0.8669811487197876,0.8916985988616943,0.8561569452285767,1.1759621087418919,0.7560615539550781,0.6077966094017029,0.7810829281806946,0.8725136518478394,0.7229152917861938,0.8135408163070679,0.6856880187988281,0.8792087435722351,0.9000651240348816,0.8705748915672302
90,1.0814158855882376,0.8034911751747131,0.6715296506881714,0.8671383857727051,0.8918713331222534,0.8563071489334106,1.0476763142502659,0.7561346888542175,0.6078912019729614,0.7810163497924805,0.8731253743171692,0.7224171161651611,0.8135408163070679,0.6856880187988281,0.8792087435722351,0.9000651240348816,0.8705748915672302
91,1.0867156080240195,0.8036395311355591,0.6717369556427002,0.8672258257865906,0.8921573162078857,0.8563081622123718,1.168712131038788,0.7563944458961487,0.608227014541626,0.7813708186149597,0.8729410171508789,0.723114550113678,0.8135408163070679,0.6856880187988281,0.8792087435722351,0.9000651240348816,0.8705748915672302
92,1.0805215126155998,0.8039188981056213,0.6721273064613342,0.8674644827842712,0.8921247124671936,0.8566654920578003,1.0100556891922865,0.7564272880554199,0.608269453048706,0.7812748551368713,0.8734798431396484,0.7226147651672363,0.8135408163070679,0.6856880187988281,0.8792087435722351,0.9000651240348816,0.8705748915672302
93,1.0858259932074001,0.803935706615448,0.6721509099006653,0.8674255013465881,0.8925014734268188,0.8564448356628418,1.089558707161774,0.7566532492637634,0.6085616946220398,0.781551718711853,0.8734449148178101,0.7230899333953857,0.8135408163070679,0.6856880187988281,0.8792087435722351,0.9000651240348816,0.8705748915672302
94,1.0911334541225697,0.8041815757751465,0.672494649887085,0.8676365613937378,0.8925052881240845,0.8567470908164978,1.2066612007680537,0.7567841410636902,0.6087310910224915,0.7816088199615479,0.8738376498222351,0.7229334712028503,0.8135408163070679,0.6856880187988281,0.8792087435722351,0.9000651240348816,0.8705748915672302
95,1.0801953582200856,0.8042587041854858,0.672602653503418,0.8676446676254272,0.8928744792938232,0.8565970063209534,1.0319590166818413,0.7570186853408813,0.6090347170829773,0.7818692326545715,0.873909056186676,0.7233141660690308,0.8135408163070679,0.6856880187988281,0.8792087435722351,0.9000651240348816,0.8705748915672302
96,1.081046180410721,0.8045409917831421,0.6729975938796997,0.8679385185241699,0.8925008773803711,0.8571832776069641,0.900863126552307,0.7572576403617859,0.6093440651893616,0.7821639180183411,0.8738633990287781,0.7238252758979797,0.8135408163070679,0.6856880187988281,0.8792087435722351,0.9000651240348816,0.8705748915672302
97,1.086691670852616,0.8046646118164062,0.6731705069541931,0.8679994940757751,0.8927685618400574,0.8571532368659973,1.1273396869132077,0.7573306560516357,0.6094386577606201,0.7821448445320129,0.8742871880531311,0.7235245108604431,0.8135408163070679,0.6856880187988281,0.8792087435722351,0.9000651240348816,0.8705748915672302
98,1.0912935342490058,0.8048015832901001,0.6733623147010803,0.8680711984634399,0.8930308222770691,0.8571409583091736,1.2027985821851312,0.7575199604034424,0.6096837520599365,0.7823152542114258,0.8745035529136658,0.7236656546592712,0.8135408163070679,0.6856880187988281,0.8792087435722351,0.9000651240348816,0.8705748915672302
99,1.0868320357113703,0.8050490021705627,0.6737087965011597,0.8682750463485718,0.8930525779724121,0.8574245572090149,1.1379689131376982,0.7576053738594055,0.609794557094574,0.782366931438446,0.8747031092643738,0.7236232161521912,0.8135408163070679,0.6856880187988281,0.8792087435722351,0.9000651240348816,0.8705748915672302
100,1.071465613370574,0.8052441477775574,0.6739821434020996,0.8683955669403076,0.8933498859405518,0.8574677109718323,0.9805043663559112,0.7578005194664001,0.6100473403930664,0.7825747728347778,0.8747968077659607,0.7239037752151489,0.8135408163070679,0.6856880187988281,0.8792087435722351,0.9000651240348816,0.8705748915672302
101,1.08274168688118,0.8054746985435486,0.674305260181427,0.8685882091522217,0.8933765292167664,0.8577333092689514,1.091849816405551,0.7578796148300171,0.6101499199867249,0.782607913017273,0.8750405311584473,0.7238028645515442,0.8135408163070679,0.6856880187988281,0.8792087435722351,0.9000651240348816,0.8705748915672302
102,1.0799241877511998,0.805616557598114,0.6745041608810425,0.8686779141426086,0.893625795841217,0.8577542304992676,1.0990135991875096,0.7580218315124512,0.6103342771530151,0.7827752828598022,0.8750448226928711,0.7240740656852722,0.8135408163070679,0.6856880187988281,0.8792087435722351,0.9000651240348816,0.8705748915672302
103,1.077864632389102,0.8058301210403442,0.6748036742210388,0.8688342571258545,0.8937839269638062,0.8579097390174866,1.0535538743258186,0.7581427097320557,0.6104910373687744,0.782877504825592,0.8752099871635437,0.724136233329773,0.8135408163070679,0.6856880187988281,0.8792087435722351,0.9000651240348816,0.8705748915672302
104,1.078736429993687,0.806084156036377,0.6751598119735718,0.8690428733825684,0.893832266330719,0.8581889867782593,1.0665411364123787,0.7580211162567139,0.610333263874054,0.7826094627380371,0.8757094740867615,0.7233797907829285,0.8135408163070679,0.6856880187988281,0.8792087435722351,0.9000651240348816,0.8705748915672302
105,1.0946971502098872,0.8061846494674683,0.6753008961677551,0.8690884113311768,0.8940473198890686,0.8581593632698059,1.2234699258179837,0.7582195997238159,0.6105906963348389,0.7828801870346069,0.875565767288208,0.723914384841919,0.8135408163070679,0.6856880187988281,0.8792087435722351,0.9000651240348816,0.8705748915672302
106,1.082624650161678,0.8063226342201233,0.6754947304725647,0.869207501411438,0.8940579295158386,0.8583264350891113,1.0302342011219032,0.7582734227180481,0.6106605529785156,0.7828709483146667,0.8758605122566223,0.7237116098403931,0.8135408163070679,0.6856880187988281,0.8792087435722351,0.9000651240348816,0.8705748915672302
107,1.082116467432311,0.806450605392456,0.6756742000579834,0.8692769408226013,0.8943058848381042,0.8583176136016846,1.102038495803151,0.7583950757980347,0.6108183264732361,0.7829800248146057,0.8760018348693848,0.7238001823425293,0.8135408163070679,0.6856880187988281,0.8792087435722351,0.9000651240348816,0.8705748915672302
108,1.0819702145848744,0.8066322207450867,0.6759292483329773,0.8694058060646057,0.8944588303565979,0.858435869216919,1.106701674878685,0.7585413455963135,0.6110081076622009,0.783129096031189,0.8760992288589478,0.7239821553230286,0.8135408163070679,0.6856880187988281,0.8792087435722351,0.9000651240348816,0.8705748915672302
109,1.0870591586947782,0.8068705797195435,0.6762641668319702,0.869599461555481,0.8945025205612183,0.8586951494216919,1.1952976335686518,0.758708119392395,0.6112245321273804,0.7832984924316406,0.876212477684021,0.7241872549057007,0.8135408163070679,0.6856880187988281,0.8792087435722351,0.9000651240348816,0.8705748915672302
110,1.0784700919636525,0.8070969581604004,0.6765821576118469,0.8697751760482788,0.8945728540420532,0.858916699886322,1.041265004540743,0.7588807940483093,0.6114488244056702,0.7834956645965576,0.8762420415878296,0.7244910001754761,0.8135408163070679,0.6856880187988281,0.8792087435722351,0.9000651240348816,0.8705748915672302
111,1.0698926456059143,0.8073982000350952,0.6770056486129761,0.870015025138855,0.8946558833122253,0.8592252731323242,0.994904429588557,0.7590023875236511,0.6116065979003906,0.7835612297058105,0.8765584826469421,0.7243970036506653,0.8135408163070679,0.6856880187988281,0.8792087435722351,0.9000651240348816,0.8705748915672302
112,1.0834131797450064,0.8075181841850281,0.6771743297576904,0.8701054453849792,0.8947308659553528,0.8593224883079529,1.0569405007840644,0.7591619491577148,0.6118138432502747,0.7837364673614502,0.8766137361526489,0.7246485352516174,0.8135408163070679,0.6856880187988281,0.8792087435722351,0.9000651240348816,0.8705748915672302
113,1.0858743527119272,0.8076229095458984,0.6773217916488647,0.870153546333313,0.8950137495994568,0.8592680096626282,1.1879195518517327,0.7592781782150269,0.6119648814201355,0.7838295102119446,0.8767937421798706,0.724686324596405,0.8135408163070679,0.6856880187988281,0.8792087435722351,0.9000651240348816,0.8705748915672302
114,1.0836887089062484,0.8078007698059082,0.6775720119476318,0.8702850341796875,0.8951573371887207,0.8593945503234863,1.1749828175357617,0.759451150894165,0.6121895909309387,0.7840248942375183,0.8768304586410522,0.7249826788902283,0.8135408163070679,0.6856880187988281,0.8792087435722351,0.9000651240348816,0.8705748915672302
115,1.0877798225263886,0.8079763054847717,0.677819013595581,0.8704190254211426,0.8952188491821289,0.8595598340034485,1.1612445368189181,0.7596198916435242,0.6124090552330017,0.7841598391532898,0.8770932555198669,0.7250362038612366,0.8135408163070679,0.6856880187988281,0.8792087435722351,0.9000651240348816,0.8705748915672302
116,1.0780425246662761,0.8082270622253418,0.6781719923019409,0.8706135153770447,0.8953094482421875,0.8597997426986694,1.1030575070071649,0.7597972750663757,0.6126396059989929,0.7843770384788513,0.8770623803138733,0.7254112958908081,0.8135408163070679,0.6856880187988281,0.8792087435722351,0.9000651240348816,0.8705748915672302
117,1.0691477194587111,0.8084571957588196,0.6784961819648743,0.8708030581474304,0.895355224609375,0.8600527048110962,0.9505297331571114,0.7599278092384338,0.6128093600273132,0.7844899296760559,0.8772302865982056,0.7254891395568848,0.8135408163070679,0.6856880187988281,0.8792087435722351,0.9000651240348816,0.8705748915672302
118,1.084965507024437,0.8086614012718201,0.6787839531898499,0.870962917804718,0.895409345626831,0.8602585196495056,1.1438196155324292,0.7600910663604736,0.6130217909812927,0.7846978902816772,0.8771689534187317,0.725868284702301,0.8135408163070679,0.6856880187988281,0.8792087435722351,0.9000651240348816,0.8705748915672302
119,1.087602522805751,0.8086726069450378,0.6787996292114258,0.870938241481781,0.8955988883972168,0.8601392507553101,1.0727529871699217,0.7602495551109314,0.613227903842926,0.7848660349845886,0.8772459626197815,0.7260944843292236,0.8135408163070679,0.6856880187988281,0.8792087435722351,0.9000651240348816,0.8705748915672302
120,1.0905712327590922,0.808883786201477,0.6790972948074341,0.8711563944816589,0.8953010439872742,0.8605832457542419,1.0711474865818822,0.7604624629020691,0.6135050058364868,0.7851449251174927,0.8771329522132874,0.7266227602958679,0.8135408163070679,0.6856880187988281,0.8792087435722351,0.9000651240348816,0.8705748915672302
121,1.075756780396199,0.8090879917144775,0.6793851852416992,0.8713378310203552,0.895213782787323,0.8608822226524353,0.9443449491365304,0.7604705691337585,0.6135155558586121,0.785072386264801,0.8774681091308594,0.7262908816337585,0.8135408163070679,0.6856880187988281,0.8792087435722351,0.9000651240348816,0.8705748915672302
122,1.0787915401928363,0.8091022372245789,0.6794052124023438,0.8713069558143616,0.8955269455909729,0.8607008457183838,1.0315027577312104,0.7605944871902466,0.6136768460273743,0.7851759195327759,0.8776421546936035,0.7263494729995728,0.8135408163070679,0.6856880187988281,0.8792087435722351,0.9000651240348816,0.8705748915672302
123,1.0883296004577632,0.8092767000198364,0.6796514391899109,0.8714494109153748,0.8955433964729309,0.860898494720459,1.1819481632762248,0.7607090473175049,0.6138260960578918,0.785325288772583,0.8775843977928162,0.726630687713623,0.8135408163070679,0.6856880187988281,0.8792087435722351,0.9000651240348816,0.8705748915672302
124,1.0858500759538101,0.8095088601112366,0.6799788475036621,0.8716399073600769,0.8955647945404053,0.8611630201339722,1.213339205471513,0.7608003616333008,0.613944947719574,0.7853789925575256,0.8778047561645508,0.7265784740447998,0.8135408163070679,0.6856880187988281,0.8792087435722351,0.9000651240348816,0.8705748915672302
125,1.089662981455854,0.809525728225708,0.680002748966217,0.8716150522232056,0.8958348631858826,0.8610090017318726,1.2014543248062108,0.7609224319458008,0.6141039729118347,0.7854917049407959,0.8779326677322388,0.7266814112663269,0.8135408163070679,0.6856880187988281,0.8792087435722351,0.9000651240348816,0.8705748915672302
126,1.0788752082366504,0.8097047805786133,0.6802554130554199,0.8717677593231201,0.8958054184913635,0.8612414002418518,1.023789209879555,0.7609885334968567,0.6141900420188904,0.7855351567268372,0.8780736327171326,0.726662814617157,0.8135408163070679,0.6856880187988281,0.8792087435722351,0.9000651240348816,0.8705748915672302
127,1.074954066460883,0.809869110584259,0.6804872751235962,0.8718843460083008,0.895965039730072,0.8613394498825073,1.0682239662555024,0.7610915303230286,0.6143242716789246,0.7856382131576538,0.8781493306159973,0.7267832159996033,0.8135408163070679,0.6856880187988281,0.8792087435722351,0.9000651240348816,0.8705748915672302
128,1.0890237456905123,0.8101019263267517,0.6808162331581116,0.8720802068710327,0.8959446549415588,0.8616299629211426,1.2448994355165122,0.7612324357032776,0.6145078539848328,0.7857944369316101,0.8781896233558655,0.7270132899284363,0.8135408163070679,0.6856880187988281,0.8792087435722351,0.9000651240348816,0.8705748915672302
129,1.085890655551392,0.8102423548698425,0.6810145974159241,0.8721738457679749,0.8960981369018555,0.8616973757743835,1.1847830150654555,0.7613648176193237,0.6146805286407471,0.7859427332878113,0.8782211542129517,0.7272357940673828,0.8135408163070679,0.6856880187988281,0.8792087435722351,0.9000651240348816,0.8705748915672302
130,1.0776090891047263,0.8103391528129578,0.6811514496803284,0.8722334504127502,0.8962427377700806,0.8617196083068848,1.0324152349193048,0.7615110874176025,0.6148712635040283,0.786094069480896,0.8783077001571655,0.7274282574653625,0.8135408163070679,0.6856880187988281,0.8792087435722351,0.9000651240348816,0.8705748915672302
131,1.0729406135401671,0.8105765581130981,0.6814870238304138,0.8724246025085449,0.8962571024894714,0.861987829208374,1.0017355330946098,0.7616713643074036,0.6150801777839661,0.7862746715545654,0.8783407211303711,0.7277028560638428,0.8135408163070679,0.6856880187988281,0.8792087435722351,0.9000651240348816,0.8705748915672302
132,1.0699249224609564,0.8107824921607971,0.6817781329154968,0.8725802302360535,0.8963661789894104,0.8621637225151062,0.9989418660248577,0.7618160843849182,0.615268886089325,0.786410391330719,0.8784829378128052,0.7278345227241516,0.8135408163070679,0.6856880187988281,0.8792087435722351,0.9000651240348816,0.8705748915672302
133,1.068367461845841,0.8110484480857849,0.6821542978286743,0.8727843761444092,0.896467387676239,0.8624127507209778,1.019816109381388,0.7619783282279968,0.6154805421829224,0.786590039730072,0.8785295486450195,0.7280986905097961,0.8135408163070679,0.6856880187988281,0.8792087435722351,0.9000651240348816,0.8705748915672302
134,1.0819565767610566,0.8113589286804199,0.6825937032699585,0.8730472922325134,0.8964154124259949,0.8628132939338684,1.2125993731684799,0.7619389891624451,0.6154292225837708,0.7864425182342529,0.8789460062980652,0.7275924682617188,0.8135408163070679,0.6856880187988281,0.8792087435722351,0.9000651240348816,0.8705748915672302
135,1.0733258325504125,0.8115271925926208,0.682831883430481,0.8731772303581238,0.8964825868606567,0.8629706501960754,0.9985241584963664,0.7620766758918762,0.6156089901924133,0.7866175174713135,0.8788928985595703,0.7279125452041626,0.8135408163070679,0.6856880187988281,0.8792087435722351,0.9000651240348816,0.8705748915672302
136,1.0766077774567069,0.8116800785064697,0.68304842710495,0.8732883334159851,0.8966015577316284,0.8630784749984741,1.0952228840273754,0.7621914148330688,0.6157587170600891,0.7866990566253662,0.8791132569313049,0.7279057502746582,0.8135408163070679,0.6856880187988281,0.8792087435722351,0.9000651240348816,0.8705748915672302
137,1.06983272911839,0.8119431138038635,0.6834210753440857,0.8735037446022034,0.8966426253318787,0.8633705973625183,1.0622162571963576,0.7623596787452698,0.615978479385376,0.7868818044662476,0.8791764974594116,0.7281644940376282,0.8135408163070679,0.6856880187988281,0.8792087435722351,0.9000651240348816,0.8705748915672302
138,1.0741533034274942,0.8122101426124573,0.6837995052337646,0.8737141489982605,0.896721363067627,0.863638699054718,1.1349182579057704,0.7624685168266296,0.616120457649231,0.7869508862495422,0.8794195652008057,0.728122889995575,0.8135408163070679,0.6856880187988281,0.8792087435722351,0.9000651240348816,0.8705748915672302
139,1.0753058178015833,0.8124172687530518,0.684093177318573,0.8738643527030945,0.8968783020973206,0.863785982131958,1.1437367958158222,0.7626374363899231,0.6163411736488342,0.7871459722518921,0.8794340491294861,0.7284328937530518,0.8135408163070679,0.6856880187988281,0.8792087435722351,0.9000651240348816,0.8705748915672302
140,1.0646688478454749,0.8126347064971924,0.6844015717506409,0.8740320205688477,0.8969905376434326,0.8639784455299377,0.9931942513069612,0.7627772092819214,0.616523802280426,0.7872889041900635,0.8795229196548462,0.7286102175712585,0.8135408163070679,0.6856880187988281,0.8792087435722351,0.9000651240348816,0.8705748915672302
141,1.0699165150007988,0.8128841519355774,0.6847554445266724,0.8742324113845825,0.897033154964447,0.8642478585243225,1.0457555156899427,0.7629196643829346,0.6167098879814148,0.7874044179916382,0.8797375559806824,0.7286626696586609,0.8135408163070679,0.6856880187988281,0.8792087435722351,0.9000651240348816,0.8705748915672302
142,1.0724906896345905,0.8130883574485779,0.6850453615188599,0.874398946762085,0.8970300555229187,0.8644883632659912,0.9887384916814674,0.7630360126495361,0.6168619394302368,0.7875062227249146,0.8798819780349731,0.7287374138832092,0.8135408163070679,0.6856880187988281,0.8792087435722351,0.9000651240348816,0.8705748915672302
143,1.0679968307353964,0.8132432103157043,0.685265302658081,0.8745060563087463,0.8971666693687439,0.8645824790000916,0.9726593737028144,0.7631296515464783,0.6169843077659607,0.7875924706459045,0.8799802660942078,0.728816032409668,0.8135408163070679,0.6856880187988281,0.8792087435722351,0.9000651240348816,0.8705748915672302
144,1.070565068158722,0.813434362411499,0.6855367422103882,0.8746435642242432,0.8973138928413391,0.8647156357765198,1.0744038771890088,0.763248085975647,0.6171392202377319,0.7877189517021179,0.8800331354141235,0.72898930311203,0.8135408163070679,0.6856880187988281,0.8792087435722351,0.9000651240348816,0.8705748915672302
145,1.0764081449922083,0.8136386275291443,0.6858269572257996,0.8748074769973755,0.897368848323822,0.8649277091026306,1.144838925194465,0.7633763551712036,0.6173069477081299,0.7878575921058655,0.8800828456878662,0.7291845083236694,0.8135408163070679,0.6856880187988281,0.8792087435722351,0.9000651240348816,0.8705748915672302
146,1.0762562224818115,0.8138172626495361,0.6860809326171875,0.8749380707740784,0.8974719047546387,0.8650699257850647,1.1105146921375497,0.7635024189949036,0.6174718141555786,0.7879778146743774,0.8801983594894409,0.7293077707290649,0.8135408163070679,0.6856880187988281,0.8792087435722351,0.9000651240348816,0.8705748915672302
147,1.0756357962392493,0.8140226006507874,0.6863728761672974,0.8751001358032227,0.8975265622138977,0.8652791380882263,1.1229254890102254,0.7634714245796204,0.6174312233924866,0.7878770232200623,0.8804657459259033,0.7289726734161377,0.8135408163070679,0.6856880187988281,0.8792087435722351,0.9000651240348816,0.8705748915672302
148,1.07367869205945,0.8141838312149048,0.6866021156311035,0.8752115368843079,0.8976669907569885,0.8653776049613953,1.078179511667912,0.7636150121688843,0.6176190376281738,0.7880430817604065,0.8804762363433838,0.7292376756668091,0.8135408163070679,0.6856880187988281,0.8792087435722351,0.9000651240348816,0.8705748915672302
149,1.0762662619884213,0.8144368529319763,0.6869620084762573,0.8754202723503113,0.8976842761039734,0.865670382976532,1.1853118951617119,0.7637490034103394,0.6177945137023926,0.7881495952606201,0.8806880116462708,0.7292771935462952,0.8135408163070679,0.6856880187988281,0.8792087435722351,0.9000651240348816,0.8705748915672302
150,1.0865670721953853,0.8146480321884155,0.6872625350952148,0.875605583190918,0.897627592086792,0.8659621477127075,1.2645882875713226,0.7638847827911377,0.6179721355438232,0.7882962226867676,0.8807404637336731,0.7294838428497314,0.8135408163070679,0.6856880187988281,0.8792087435722351,0.9000651240348816,0.8705748915672302
151,1.0682443564855475,0.8147001266479492,0.6873366832733154,0.8756141066551208,0.8978874087333679,0.8658607602119446,0.9955918753216384,0.7639856934547424,0.6181042194366455,0.7883783578872681,0.8808919191360474,0.7295218706130981,0.8135408163070679,0.6856880187988281,0.8792087435722351,0.9000651240348816,0.8705748915672302
152,1.0776565569678105,0.8148978352546692,0.6876182556152344,0.8757803440093994,0.8978707790374756,0.8661072254180908,1.1181424989270123,0.7641173005104065,0.6182765960693359,0.7885259389877319,0.8809205889701843,0.7297450304031372,0.8135408163070679,0.6856880187988281,0.8792087435722351,0.9000651240348816,0.8705748915672302
153,1.070687197099258,0.8150822520256042,0.68788081407547,0.8759090900421143,0.8980113863945007,0.8662302494049072,1.0669321582212778,0.7642250657081604,0.6184176206588745,0.7886364459991455,0.8809865713119507,0.7298838496208191,0.8135408163070679,0.6856880187988281,0.8792087435722351,0.9000651240348816,0.8705748915672302
154,1.0643207503720535,0.815351128578186,0.6882639527320862,0.8761329054832458,0.8979882001876831,0.8665623068809509,0.9848113635025381,0.7642763257026672,0.6184847950935364,0.7886451482772827,0.881200909614563,0.7297617793083191,0.8135408163070679,0.6856880187988281,0.8792087435722351,0.9000651240348816,0.8705748915672302
155,1.0805478810002376,0.8155370354652405,0.6885289549827576,0.8762678503990173,0.898114800453186,0.8667008280754089,1.2439423919278512,0.7644221782684326,0.618675947189331,0.7888088822364807,0.8812316656112671,0.7300102114677429,0.8135408163070679,0.6856880187988281,0.8792087435722351,0.9000651240348816,0.8705748915672302
156,1.0688645069225828,0.8156556487083435,0.6886980533599854,0.8763516545295715,0.8982369899749756,0.8667680025100708,1.0063986003388643,0.7645432353019714,0.618834376335144,0.7889496684074402,0.8812361359596252,0.7302377223968506,0.8135408163070679,0.6856880187988281,0.8792087435722351,0.9000651240348816,0.8705748915672302
157,1.0676127456400413,0.8159170150756836,0.6890707612037659,0.8765718936920166,0.8982231020927429,0.8670912981033325,1.0744102731914453,0.764703094959259,0.6190438866615295,0.7891285419464111,0.8812718987464905,0.7305076122283936,0.8135408163070679,0.6856880187988281,0.8792087435722351,0.9000651240348816,0.8705748915672302
158,1.0697213373594465,0.816051721572876,0.6892630457878113,0.8766635060310364,0.8983548879623413,0.8671653270721436,1.0201847574073541,0.7647914290428162,0.6191596984863281,0.7892369031906128,0.8812512159347534,0.7306981086730957,0.8135408163070679,0.6856880187988281,0.8792087435722351,0.9000651240348816,0.8705748915672302
159,1.0713706256881164,0.8162129521369934,0.68949294090271,0.8768110871315002,0.8982596397399902,0.8674193024635315,0.9432514935347198,0.7648442983627319,0.6192291378974915,0.7893088459968567,0.8812100291252136,0.7308419346809387,0.8135408163070679,0.6856880187988281,0.8792087435722351,0.9000651240348816,0.8705748915672302
160,1.0689702847877904,0.8163166642189026,0.6896410584449768,0.8768813610076904,0.8983743786811829,0.8674701452255249,0.9943900328727986,0.7649376392364502,0.6193514466285706,0.7893838286399841,0.8813539743423462,0.7308729887008667,0.8135408163070679,0.6856880187988281,0.8792087435722351,0.9000651240348816,0.8705748915672302
161,1.0707155991966475,0.8164350986480713,0.6898100972175598,0.8769532442092896,0.8985431790351868,0.8674994707107544,1.0510278113759721,0.7650011777877808,0.6194347739219666,0.7894625663757324,0.8813357949256897,0.7310134172439575,0.8135408163070679,0.6856880187988281,0.8792087435722351,0.9000651240348816,0.8705748915672302
162,1.0635718654407922,0.8166307210922241,0.6900894045829773,0.8771077990531921,0.898600161075592,0.8676968812942505,0.9888135621431792,0.7650613784790039,0.6195136308670044,0.7895175218582153,0.8814005255699158,0.7310621738433838,0.8135408163070679,0.6856880187988281,0.8792087435722351,0.9000651240348816,0.8705748915672302
163,1.0780076551217135,0.8168318271636963,0.6903768181800842,0.8772857189178467,0.8985256552696228,0.8679856657981873,1.1349987475907728,0.7651483416557312,0.6196275949478149,0.7896081805229187,0.8814470767974854,0.7311809062957764,0.8135408163070679,0.6856880187988281,0.8792087435722351,0.9000651240348816,0.8705748915672302
164,1.0648320138047314,0.8170243501663208,0.6906518340110779,0.8774194121360779,0.8986863493919373,0.868107259273529,1.0346421777006936,0.7652103900909424,0.6197091937065125,0.7896646857261658,0.8815149664878845,0.7312302589416504,0.8135408163070679,0.6856880187988281,0.8792087435722351,0.9000651240348816,0.8705748915672302
165,1.0596112813516587,0.8172239065170288,0.6909371018409729,0.8775586485862732,0.8988358974456787,0.8682416081428528,0.9556458036643323,0.7653159499168396,0.6198475956916809,0.7898078560829163,0.8814327120780945,0.7315167784690857,0.8135408163070679,0.6856880187988281,0.8792087435722351,0.9000651240348816,0.8705748915672302
166,1.069673815937429,0.8174625039100647,0.6912782788276672,0.8777539730072021,0.8988243341445923,0.8685272932052612,1.0678339592910817,0.765380322933197,0.6199320554733276,0.7898420095443726,0.8816056251525879,0.7314625978469849,0.8135408163070679,0.6856880187988281,0.8792087435722351,0.9000651240348816,0.8705748915672302
167,1.0710304666658312,0.8176165223121643,0.6914985775947571,0.8778584003448486,0.8989643454551697,0.8686157464981079,1.0936205105409407,0.7654716372489929,0.620051920413971,0.7899460792541504,0.8816174864768982,0.7316251993179321,0.8135408163070679,0.6856880187988281,0.8792087435722351,0.9000651240348816,0.8705748915672302
168,1.0608474760204791,0.8178194165229797,0.691788911819458,0.878008246421814,0.8990707993507385,0.8687845468521118,0.9776416435632915,0.7655248045921326,0.6201215982437134,0.7899914383888245,0.8816877603530884,0.7316548824310303,0.8135408163070679,0.6856880187988281,0.8792087435722351,0.9000651240348816,0.8705748915672302
169,1.0641349555883148,0.8180163502693176,0.6920708417892456,0.8781653046607971,0.8991072177886963,0.8689944744110107,0.994739307539507,0.7656084299087524,0.6202313899993896,0.7900541424751282,0.8818354606628418,0.7316634654998779,0.8135408163070679,0.6856880187988281,0.8792087435722351,0.9000651240348816,0.8705748915672302
170,1.0677776289076713,0.8182117342948914,0.6923505067825317,0.8783078193664551,0.8992212414741516,0.8691492676734924,1.0882020692529557,0.7656951546669006,0.6203452944755554,0.790118932723999,0.8819900155067444,0.731671154499054,0.8135408163070679,0.6856880187988281,0.8792087435722351,0.9000651240348816,0.8705748915672302
171,1.070886405760732,0.8184001445770264,0.6926203370094299,0.878443717956543,0.8993414640426636,0.8692919015884399,1.1363933088514204,0.7658044099807739,0.6204886436462402,0.7902496457099915,0.881977379322052,0.7318930625915527,0.8135408163070679,0.6856880187988281,0.8792087435722351,0.9000651240348816,0.8705748915672302
172,1.0710297468977674,0.8185914754867554,0.692894458770752,0.8785862922668457,0.8994535803794861,0.8694478273391724,1.1754299044867964,0.765819787979126,0.6205089092254639,0.790196418762207,0.8822768926620483,0.7316153645515442,0.8135408163070679,0.6856880187988281,0.8792087435722351,0.9000651240348816,0.8705748915672302
173,1.069943962454921,0.8187504410743713,0.693122386932373,0.8787072896957397,0.8995316028594971,0.8695878386497498,1.0854775445855696,0.7659319043159485,0.6206560730934143,0.7903353571891785,0.8822439908981323,0.7318636775016785,0.8135408163070679,0.6856880187988281,0.8792087435722351,0.9000651240348816,0.8705748915672302
174,1.067166988316169,0.818954348564148,0.6934146881103516,0.8788627982139587,0.8996103405952454,0.8697769045829773,1.0983710120148875,0.7660209536552429,0.6207730174064636,0.790409505367279,0.8823698163032532,0.7319050431251526,0.8135408163070679,0.6856880187988281,0.8792087435722351,0.9000651240348816,0.8705748915672302
175,1.0681559547122383,0.8191242218017578,0.6936582922935486,0.8789828419685364,0.8997382521629333,0.8698932528495789,1.0969193675026836,0.7661048769950867,0.6208833456039429,0.7904714941978455,0.882522463798523,0.7319093346595764,0.8135408163070679,0.6856880187988281,0.8792087435722351,0.9000651240348816,0.8705748915672302
176,1.0604029937412673,0.8193223476409912,0.6939424872398376,0.8791239261627197,0.899894654750824,0.8700277209281921,1.048499336430202,0.7662110924720764,0.6210228204727173,0.7905784249305725,0.8825949430465698,0.7320382595062256,0.8135408163070679,0.6856880187988281,0.8792087435722351,0.9000651240348816,0.8705748915672302
177,1.0605781503350553,0.8195077180862427,0.6942083835601807,0.8792703747749329,0.8999446034431458,0.8702166080474854,0.9689962445397327,0.7663218379020691,0.6211683750152588,0.7906864285469055,0.8826856017112732,0.732157289981842,0.8135408163070679,0.6856880187988281,0.8792087435722351,0.9000651240348816,0.8705748915672302
178,1.0665848350663918,0.8196878433227539,0.6944669485092163,0.8794068694114685,0.9000144004821777,0.8703823089599609,1.0584051182026766,0.7664411664009094,0.6213251352310181,0.7908035516738892,0.8827796578407288,0.7322890758514404,0.8135408163070679,0.6856880187988281,0.8792087435722351,0.9000651240348816,0.8705748915672302
179,1.0542582299516396,0.8198885917663574,0.6947552561759949,0.8795570135116577,0.9001128077507019,0.8705549240112305,0.912085323808651,0.7665163278579712,0.6214240193367004,0.79086834192276,0.8828773498535156,0.7323327660560608,0.8135408163070679,0.6856880187988281,0.8792087435722351,0.9000651240348816,0.8705748915672302
180,1.0638402594359178,0.8200984001159668,0.6950566172599792,0.8797246217727661,0.9001557230949402,0.870777428150177,1.061709803973741,0.7666360139846802,0.6215813159942627,0.7909718751907349,0.8830302953720093,0.7324049472808838,0.8135408163070679,0.6856880187988281,0.8792087435722351,0.9000651240348816,0.8705748915672302
181,1.0543124523253775,0.8202632665634155,0.6952934861183167,0.879841148853302,0.9003084301948547,0.8708783984184265,0.9497403974923122,0.766779899597168,0.6217705011367798,0.7911754846572876,0.8828803896903992,0.7328333854675293,0.8135408163070679,0.6856880187988281,0.8792087435722351,0.9000651240348816,0.8705748915672302
182,1.0791725721279615,0.8204511404037476,0.6955634951591492,0.8800179958343506,0.9001241326332092,0.8712132573127747,1.0705241647844077,0.7667756080627441,0.6217648983001709,0.7911843657493591,0.8828214406967163,0.7328855395317078,0.8135408163070679,0.6856880187988281,0.8792087435722351,0.9000651240348816,0.8705748915672302
183,1.0896080795373848,0.8204470872879028,0.695557713508606,0.880023181438446,0.9000693559646606,0.8712449669837952,1.0849626052557089,0.7668288946151733,0.6218349933624268,0.7913464903831482,0.8823991417884827,0.7334194183349609,0.8135408163070679,0.6856880187988281,0.8792087435722351,0.9000651240348816,0.8705748915672302
184,1.077010557325116,0.8205766677856445,0.6957440376281738,0.8801372647285461,0.9000057578086853,0.8714367747306824,1.0630818834204765,0.7668347358703613,0.6218425035476685,0.7913191914558411,0.8825427889823914,0.7332834601402283,0.8135408163070679,0.6856880187988281,0.8792087435722351,0.9000651240348816,0.8705748915672302
185,1.078804033404151,0.8206896185874939,0.695906400680542,0.8802226781845093,0.9000582695007324,0.8715366125106812,1.1769640116791433,0.7668934464454651,0.6219199299812317,0.7913660407066345,0.8826354146003723,0.733301043510437,0.8135408163070679,0.6856880187988281,0.8792087435722351,0.9000651240348816,0.8705748915672302
186,1.0680058062600397,0.820726752281189,0.6959598064422607,0.8802292346954346,0.9002319574356079,0.8714698553085327,0.996149543321105,0.7669763565063477,0.6220288276672363,0.7914568781852722,0.882659912109375,0.7334342002868652,0.8135408163070679,0.6856880187988281,0.8792087435722351,0.9000651240348816,0.8705748915672302
187,1.0592256721820212,0.8209423422813416,0.6962698101997375,0.8804049491882324,0.9002341628074646,0.871721625328064,0.9656972533632698,0.7670221924781799,0.6220892667770386,0.7914928793907166,0.8827340602874756,0.7334458827972412,0.8135408163070679,0.6856880187988281,0.8792087435722351,0.9000651240348816,0.8705748915672302
188,1.0606665545883256,0.8210748434066772,0.6964605450630188,0.8804988265037537,0.9003490805625916,0.8718065023422241,0.9750635938601222,0.767101526260376,0.6221935749053955,0.7915746569633484,0.8827797174453735,0.733550488948822,0.8135408163070679,0.6856880187988281,0.8792087435722351,0.9000651240348816,0.8705748915672302
189,1.0677376230072326,0.8212655782699585,0.6967350244522095,0.8806454539299011,0.9004062414169312,0.8719922304153442,1.110932254021041,0.7671976089477539,0.6223199367523193,0.7916821241378784,0.8827987313270569,0.7337144017219543,0.8135408163070679,0.6856880187988281,0.8792087435722351,0.9000651240348816,0.8705748915672302
190,1.0674005121854413,0.8213908076286316,0.696915328502655,0.8807324171066284,0.9005113840103149,0.8720711469650269,1.0520234999189944,0.7672896385192871,0.6224411725997925,0.7917724251747131,0.8828715085983276,0.7338157296180725,0.8135408163070679,0.6856880187988281,0.8792087435722351,0.9000651240348816,0.8705748915672302
191,1.0623806191268126,0.8216151595115662,0.6972384452819824,0.8809137940406799,0.900528609752655,0.872324526309967,1.0638409146638916,0.7673812508583069,0.6225617527961731,0.7918685078620911,0.8829169273376465,0.7339441776275635,0.8135408163070679,0.6856880187988281,0.8792087435722351,0.9000651240348816,0.8705748915672302
192,1.056458425923294,0.8217771053314209,0.6974716186523438,0.8810287714004517,0.9006665349006653,0.8724296689033508,0.9883216831475989,0.7674914598464966,0.6227068305015564,0.7919796705245972,0.8829905390739441,0.7340792417526245,0.8135408163070679,0.6856880187988281,0.8792087435722351,0.9000651240348816,0.8705748915672302
193,1.0585417071632799,0.8220038414001465,0.6977983713150024,0.88121098279953,0.9006887674331665,0.8726819753646851,1.0115218139246958,0.7675601840019226,0.6227973103523254,0.792026698589325,0.8831309676170349,0.7340667247772217,0.8135408163070679,0.6856880187988281,0.8792087435722351,0.9000651240348816,0.8705748915672302
194,1.0671496025078775,0.8221331834793091,0.6979847550392151,0.8812874555587769,0.9008681178092957,0.872713029384613,1.0926628454324718,0.7676853537559509,0.6229621767997742,0.7921869158744812,0.8830699324607849,0.734367847442627,0.8135408163070679,0.6856880187988281,0.8792087435722351,0.9000651240348816,0.8705748915672302
195,1.0730219214425922,0.8223692774772644,0.6983253359794617,0.8814851641654968,0.9008119106292725,0.8730217218399048,1.1737014453497692,0.7677182555198669,0.6230055093765259,0.7921653985977173,0.8833244442939758,0.73417067527771,0.8135408163070679,0.6856880187988281,0.8792087435722351,0.9000651240348816,0.8705748915672302
196,1.0819200746858737,0.8223434090614319,0.6982879638671875,0.8814336061477661,0.901041567325592,0.8728469014167786,1.2045234052555385,0.7678389549255371,0.6231644153594971,0.7922989726066589,0.8833542466163635,0.7343702912330627,0.8135408163070679,0.6856880187988281,0.8792087435722351,0.9000651240348816,0.8705748915672302
197,1.061551318939708,0.8225426077842712,0.6985751986503601,0.8815970420837402,0.9010106921195984,0.8730952739715576,0.9541939555408565,0.767914891242981,0.623264491558075,0.792370617389679,0.8834261894226074,0.7344416379928589,0.8135408163070679,0.6856880187988281,0.8792087435722351,0.9000651240348816,0.8705748915672302
198,1.073098094707781,0.8226620554924011,0.6987475752830505,0.8816878795623779,0.901077151298523,0.8731969594955444,1.1536558055034383,0.7680059671401978,0.6233844757080078,0.7924706935882568,0.883451521396637,0.7345893383026123,0.8135408163070679,0.6856880187988281,0.8792087435722351,0.9000651240348816,0.8705748915672302
199,1.0669495005534095,0.8228558301925659,0.6990271210670471,0.8818355202674866,0.9011450409889221,0.8733795285224915,1.1422273258064282,0.7680613994598389,0.6234575510025024,0.7925007939338684,0.8835984468460083,0.7345449924468994,0.8135408163070679,0.6856880187988281,0.8792087435722351,0.9000651240348816,0.8705748915672302
