,train_loss,train_dice,train_iou,train_acc,train_sens,train_spec,val_loss,val_dice,val_iou,val_acc,val_sens,val_spec,test_dice,test_iou,test_acc,test_sens,test_spec
0,0.15684990666432394,0.18540671467781067,0.10217535495758057,0.6447784304618835,0.13275352120399475,0.8689656853675842,0.13637024966735264,0.0,0.0,0.6111747622489929,0.0,1.0,0.8101593255996704,0.6808972954750061,0.896899402141571,0.7514241337776184,0.9571214914321899
1,0.13055069915792247,0.14629997313022614,0.07892322540283203,0.6776300072669983,0.09076353907585144,0.9343687295913696,0.12454145049066762,0.3709121644496918,0.22768089175224304,0.6911948919296265,0.23413147032260895,0.9819755554199219,0.8101593255996704,0.6808972954750061,0.896899402141571,0.7514241337776184,0.9571214914321899
2,0.11794613456579921,0.3696318566799164,0.2267168015241623,0.7374261021614075,0.252860426902771,0.949525773525238,0.10283098523002743,0.5143980979919434,0.34625566005706787,0.7277689576148987,0.37082770466804504,0.9548525810241699,0.8101593255996704,0.6808972954750061,0.896899402141571,0.7514241337776184,0.9571214914321899
3,0.1158660345220139,0.48657235503196716,0.32150354981422424,0.7701892852783203,0.3576820194721222,0.9507454633712769,0.13750196496349787,0.5825743675231934,0.4110087454319,0.7494691014289856,0.44962361454963684,0.9402287602424622,0.8101593255996704,0.6808972954750061,0.896899402141571,0.7514241337776184,0.9571214914321899
4,0.11199222012106506,0.5448147058486938,0.3743954300880432,0.7899971604347229,0.4129675626754761,0.9549310803413391,0.12018714914587159,0.6132966876029968,0.44226956367492676,0.7610329985618591,0.4873557984828949,0.9351446032524109,0.8101593255996704,0.6808972954750061,0.896899402141571,0.7514241337776184,0.9571214914321899
5,0.11086942237884356,0.5805248618125916,0.40897151827812195,0.8029991984367371,0.4475868046283722,0.9586492776870728,0.11687896833189675,0.638210117816925,0.4686553180217743,0.7698457837104797,0.5220856666564941,0.9274690747261047,0.8101593255996704,0.6808972954750061,0.896899402141571,0.7514241337776184,0.9571214914321899
6,0.10941293722651488,0.6112947463989258,0.4401903748512268,0.8135143518447876,0.48131754994392395,0.9590641260147095,0.09773767911239647,0.6563281416893005,0.48845863342285156,0.7761918902397156,0.5496274828910828,0.9203305840492249,0.8101593255996704,0.6808972954750061,0.896899402141571,0.7514241337776184,0.9571214914321899
7,0.11034529479789823,0.6347496509552002,0.46493279933929443,0.8215228319168091,0.5089796185493469,0.9584842920303345,0.1066694649062631,0.669135332107544,0.50278240442276,0.7810417413711548,0.5694302320480347,0.9156674742698669,0.8101593255996704,0.6808972954750061,0.896899402141571,0.7514241337776184,0.9571214914321899
8,0.109327986249674,0.6512320637702942,0.4828347861766815,0.8278680443763733,0.5272670984268188,0.9596555233001709,0.10816214138279648,0.6786590814590454,0.5136139392852783,0.7844942808151245,0.5852750539779663,0.9112361669540405,0.8101593255996704,0.6808972954750061,0.896899402141571,0.7514241337776184,0.9571214914321899
9,0.10812992184342524,0.665059506893158,0.49819415807724,0.8332298994064331,0.5433216094970703,0.9602975845336914,0.08872977088114908,0.686761200428009,0.5229523181915283,0.787400484085083,0.5993880033493042,0.9070128202438354,0.8101593255996704,0.6808972954750061,0.896899402141571,0.7514241337776184,0.9571214914321899
10,0.108701793803629,0.6771305799484253,0.511864960193634,0.8378415107727051,0.5581551194190979,0.9603785872459412,0.09866070640525806,0.6929810643196106,0.5301997661590576,0.7898585796356201,0.6099349856376648,0.9043247103691101,0.8101593255996704,0.6808972954750061,0.896899402141571,0.7514241337776184,0.9571214914321899
11,0.10808610162223667,0.6872348785400391,0.5235017538070679,0.8417559862136841,0.570565938949585,0.9606013894081116,0.09675784383216333,0.6985321640968323,0.5367264151573181,0.7917248606681824,0.6205809712409973,0.9006054401397705,0.8101593255996704,0.6808972954750061,0.896899402141571,0.7514241337776184,0.9571214914321899
12,0.10781680933741174,0.696235179901123,0.5340189933776855,0.8453035950660706,0.5818050503730774,0.9607832431793213,0.09988745920409021,0.7029315829277039,0.5419387221336365,0.7933139204978943,0.6289027333259583,0.8979111313819885,0.8101593255996704,0.6808972954750061,0.896899402141571,0.7514241337776184,0.9571214914321899
13,0.10794935656061287,0.703340470790863,0.5424249172210693,0.8482660055160522,0.590280294418335,0.9613335728645325,0.10607122141221093,0.7063326239585876,0.545992374420166,0.7944046258926392,0.635890543460846,0.8952502012252808,0.8101593255996704,0.6808972954750061,0.896899402141571,0.7514241337776184,0.9571214914321899
14,0.10729691345888369,0.7107681035995483,0.5513112545013428,0.8512219190597534,0.59995436668396,0.9613344669342041,0.09950852088568599,0.7093281149864197,0.5495805144309998,0.7955079078674316,0.6417062282562256,0.8933554887771606,0.8101593255996704,0.6808972954750061,0.896899402141571,0.7514241337776184,0.9571214914321899
15,0.10797835097591155,0.7166619300842285,0.5584357380867004,0.8537364602088928,0.6072064638137817,0.9617394208908081,0.11218300471229777,0.7125027179718018,0.5534013509750366,0.7968196868896484,0.6475152969360352,0.8918060660362244,0.8101593255996704,0.6808972954750061,0.896899402141571,0.7514241337776184,0.9571214914321899
16,0.10609857604612538,0.7231413722038269,0.566344141960144,0.8564342260360718,0.6155603528022766,0.9619370698928833,0.09970308251280148,0.7150583267211914,0.5564908385276794,0.7982184886932373,0.6511519551277161,0.8917812705039978,0.8101593255996704,0.6808972954750061,0.896899402141571,0.7514241337776184,0.9571214914321899
17,0.107521285123013,0.7270972728729248,0.5712119936943054,0.858261227607727,0.6199797987937927,0.9626113772392273,0.10713332133202333,0.7179538607597351,0.5600062012672424,0.7994398474693298,0.6565027236938477,0.8903754949569702,0.8101593255996704,0.6808972954750061,0.896899402141571,0.7514241337776184,0.9571214914321899
18,0.10753897158926944,0.7310047149658203,0.5760499835014343,0.8599668741226196,0.6247735023498535,0.9629606008529663,0.10605293364444113,0.7203086614608765,0.56287682056427,0.8002278208732605,0.6615919470787048,0.8884270191192627,0.8101593255996704,0.6808972954750061,0.896899402141571,0.7514241337776184,0.9571214914321899
19,0.10915408088141508,0.7342544794082642,0.580096423625946,0.8612404465675354,0.629346489906311,0.9628127813339233,0.11386028013228527,0.7218358516693115,0.564744234085083,0.8014716506004333,0.6624839305877686,0.8898946642875671,0.8101593255996704,0.6808972954750061,0.896899402141571,0.7514241337776184,0.9571214914321899
20,0.10975575381240284,0.7365825176239014,0.5830080509185791,0.8623825907707214,0.6317375898361206,0.9633945226669312,0.132886883522499,0.7241438627243042,0.5675748586654663,0.8026559948921204,0.6661648750305176,0.8894906640052795,0.8101593255996704,0.6808972954750061,0.896899402141571,0.7514241337776184,0.9571214914321899
21,0.10777725725662206,0.7395849823951721,0.5867789387702942,0.8636885285377502,0.635468602180481,0.9636538624763489,0.11373645720579162,0.7262895107269287,0.5702155232429504,0.8038992285728455,0.6691341996192932,0.8896358013153076,0.8101593255996704,0.6808972954750061,0.896899402141571,0.7514241337776184,0.9571214914321899
22,0.10702076322804153,0.7429252862930298,0.5909953117370605,0.8650696873664856,0.6400743126869202,0.9636240601539612,0.1044780478620636,0.7284574508666992,0.5728926658630371,0.804959237575531,0.6728328466415405,0.8890172243118286,0.8101593255996704,0.6808972954750061,0.896899402141571,0.7514241337776184,0.9571214914321899
23,0.10509625912763323,0.7463985085487366,0.5954033136367798,0.8665797710418701,0.6445047855377197,0.9638708829879761,0.09336652538941155,0.7296414971351624,0.5743587017059326,0.8057483434677124,0.6741394400596619,0.8894770741462708,0.8101593255996704,0.6808972954750061,0.896899402141571,0.7514241337776184,0.9571214914321899
24,0.10790571485821432,0.7481292486190796,0.5976090431213379,0.8674327731132507,0.6462903022766113,0.9643130898475647,0.1108862364804047,0.7311023473739624,0.5761712789535522,0.8058281540870667,0.6788800954818726,0.8865915536880493,0.8101593255996704,0.6808972954750061,0.896899402141571,0.7514241337776184,0.9571214914321899
25,0.10775719400201782,0.7502514719963074,0.600321888923645,0.8682438731193542,0.6494728326797485,0.9641190767288208,0.10012485396428282,0.7318795919418335,0.5771373510360718,0.8065348863601685,0.6790912747383118,0.8876134753227234,0.8101593255996704,0.6808972954750061,0.896899402141571,0.7514241337776184,0.9571214914321899
26,0.10787344471087706,0.7514851093292236,0.6019032597541809,0.8688958883285522,0.6505334377288818,0.9645923376083374,0.10950239029916815,0.7329985499382019,0.5785301923751831,0.8072071671485901,0.6806063055992126,0.8877497911453247,0.8101593255996704,0.6808972954750061,0.896899402141571,0.7514241337776184,0.9571214914321899
27,0.10720539332089037,0.7535801529884338,0.6045958399772644,0.8698059320449829,0.6534081697463989,0.9646244049072266,0.10567622547717222,0.7344140410423279,0.5802956223487854,0.8078450560569763,0.683286726474762,0.8870881795883179,0.8101593255996704,0.6808972954750061,0.896899402141571,0.7514241337776184,0.9571214914321899
28,0.10805530515410497,0.7562164664268494,0.6079968214035034,0.8708218336105347,0.6575812697410583,0.9642633199691772,0.11955400492012914,0.7356619238853455,0.5818554162979126,0.8085877299308777,0.685020923614502,0.8872000575065613,0.8101593255996704,0.6808972954750061,0.896899402141571,0.7514241337776184,0.9571214914321899
29,0.10709967379129509,0.7579420208930969,0.6102308630943298,0.8716397881507874,0.6595365405082703,0.9645911455154419,0.11779655879977395,0.7367285490036011,0.5831910371780396,0.8092265725135803,0.686494767665863,0.8873077630996704,0.8101593255996704,0.6808972954750061,0.896899402141571,0.7514241337776184,0.9571214914321899
30,0.10643893121042722,0.7597585916519165,0.6125892400741577,0.8724708557128906,0.6618101000785828,0.9647887945175171,0.10493702862945317,0.7377292513847351,0.5844460725784302,0.8098491430282593,0.687798023223877,0.8874973058700562,0.8101593255996704,0.6808972954750061,0.896899402141571,0.7514241337776184,0.9571214914321899
31,0.10727912327688446,0.7606124877929688,0.6137003302574158,0.8729943037033081,0.6622124314308167,0.9653603434562683,0.11222075888138303,0.7384459972381592,0.5853463411331177,0.8105310201644897,0.6878775358200073,0.8885623216629028,0.8101593255996704,0.6808972954750061,0.896899402141571,0.7514241337776184,0.9571214914321899
32,0.10831970270665134,0.761551558971405,0.6149239540100098,0.8734252452850342,0.6634193658828735,0.9654439687728882,0.10805915590071183,0.7397017478942871,0.5869259238243103,0.8112294673919678,0.6898190975189209,0.8884698748588562,0.8101593255996704,0.6808972954750061,0.896899402141571,0.7514241337776184,0.9571214914321899
33,0.10672037789500012,0.7629007697105408,0.616685152053833,0.8740605115890503,0.6649850010871887,0.9656789302825928,0.10992599951994178,0.740628182888031,0.5880933403968811,0.8117324709892273,0.6913027763366699,0.8883491158485413,0.8101593255996704,0.6808972954750061,0.896899402141571,0.7514241337776184,0.9571214914321899
34,0.10460661865329501,0.7642509341239929,0.6184514760971069,0.8747256994247437,0.6664966940879822,0.9659615755081177,0.07892757151197995,0.7416815757751465,0.5894227623939514,0.812292218208313,0.6930426359176636,0.8881579041481018,0.8101593255996704,0.6808972954750061,0.896899402141571,0.7514241337776184,0.9571214914321899
35,0.10565694839350387,0.7661734223365784,0.6209733486175537,0.8755040764808655,0.6694366335868835,0.9658015966415405,0.09539646521353234,0.742551326751709,0.5905221700668335,0.8129497170448303,0.6937607526779175,0.888776957988739,0.8101593255996704,0.6808972954750061,0.896899402141571,0.7514241337776184,0.9571214914321899
36,0.10695475855648555,0.7665473222732544,0.6214646697044373,0.8757838606834412,0.6692864894866943,0.9662778973579407,0.10277828085773262,0.7433719038963318,0.5915607810020447,0.8135502934455872,0.6945110559463501,0.8892822265625,0.8101593255996704,0.6808972954750061,0.896899402141571,0.7514241337776184,0.9571214914321899
37,0.10757415610835787,0.767930269241333,0.6232848167419434,0.8763411641120911,0.6714152693748474,0.9661558270454407,0.11422253169920799,0.7443955540657043,0.5928583741188049,0.8139705657958984,0.6966789364814758,0.8885906338691711,0.8101593255996704,0.6808972954750061,0.896899402141571,0.7514241337776184,0.9571214914321899
38,0.1067631965298716,0.7695997357368469,0.6254872679710388,0.8770462870597839,0.6738914847373962,0.9660836458206177,0.11910243741997262,0.7451683878898621,0.5938394665718079,0.8145266175270081,0.6974264979362488,0.8890249133110046,0.8101593255996704,0.6808972954750061,0.896899402141571,0.7514241337776184,0.9571214914321899
39,0.10506914970457296,0.7704613208770752,0.6266263127326965,0.877510666847229,0.6746399402618408,0.9664197564125061,0.08778451283311481,0.7459061145782471,0.5947769284248352,0.8149559497833252,0.6985228061676025,0.8890299201011658,0.8101593255996704,0.6808972954750061,0.896899402141571,0.7514241337776184,0.9571214914321899
40,0.10524986887084259,0.7719985842704773,0.628662645816803,0.8782286047935486,0.6766353249549866,0.966562807559967,0.10856801079109699,0.7466908097267151,0.5957754850387573,0.8152806758880615,0.7001930475234985,0.8884986639022827,0.8101593255996704,0.6808972954750061,0.896899402141571,0.7514241337776184,0.9571214914321899
41,0.10537986478421525,0.7734567523002625,0.6305989623069763,0.8788772821426392,0.6786242127418518,0.9666277170181274,0.10828433889966926,0.7474438548088074,0.5967347621917725,0.8157166838645935,0.7013294696807861,0.8884891271591187,0.8101593255996704,0.6808972954750061,0.896899402141571,0.7514241337776184,0.9571214914321899
42,0.10489334899101416,0.7747383117675781,0.6323044300079346,0.8794621825218201,0.6802796721458435,0.966749906539917,0.10179697271194699,0.7482469081878662,0.5977592468261719,0.8161450624465942,0.7026855945587158,0.8883271813392639,0.8101593255996704,0.6808972954750061,0.896899402141571,0.7514241337776184,0.9571214914321899
43,0.10580458079480984,0.7758781909942627,0.633824348449707,0.8799827098846436,0.6818081736564636,0.9668251276016235,0.1057001405665485,0.7489321231842041,0.5986343026161194,0.8166782855987549,0.7032030820846558,0.8888704180717468,0.8101593255996704,0.6808972954750061,0.896899402141571,0.7514241337776184,0.9571214914321899
44,0.10692494144732276,0.77696692943573,0.6352787017822266,0.8804961442947388,0.683153510093689,0.9669756293296814,0.12975188424914152,0.7496287226676941,0.5995249152183533,0.8171008229255676,0.7041886448860168,0.888934850692749,0.8101593255996704,0.6808972954750061,0.896899402141571,0.7514241337776184,0.9571214914321899
45,0.10666587906305237,0.7778221964836121,0.6364231705665588,0.8809229731559753,0.684076726436615,0.967186689376831,0.1229972105192447,0.7501593232154846,0.6002039313316345,0.8173933625221252,0.7050542235374451,0.8888627886772156,0.8101593255996704,0.6808972954750061,0.896899402141571,0.7514241337776184,0.9571214914321899
46,0.10709563075792876,0.77843177318573,0.6372396945953369,0.8812482953071594,0.6845951676368713,0.9674319624900818,0.12351382331043217,0.75075763463974,0.6009703278541565,0.817823052406311,0.7056459784507751,0.8891893625259399,0.8101593255996704,0.6808972954750061,0.896899402141571,0.7514241337776184,0.9571214914321899
47,0.10637694880769612,0.7792701125144958,0.6383640766143799,0.8816087245941162,0.6858100891113281,0.9674246907234192,0.10686941306578646,0.7513641119003296,0.601747989654541,0.8182160258293152,0.7064116597175598,0.8893451690673828,0.8101593255996704,0.6808972954750061,0.896899402141571,0.7514241337776184,0.9571214914321899
48,0.10739489755449595,0.779658854007721,0.6388859748840332,0.881799578666687,0.6861976385116577,0.9675395488739014,0.11119845227102335,0.7517451047897339,0.6022368669509888,0.818538248538971,0.7065998315811157,0.8897526860237122,0.8101593255996704,0.6808972954750061,0.896899402141571,0.7514241337776184,0.9571214914321899
49,0.10667826477633263,0.7801259756088257,0.6395134925842285,0.8820629119873047,0.686591625213623,0.967735230922699,0.10918507133503957,0.7523305416107178,0.6029886603355408,0.8188685178756714,0.7075314521789551,0.8897003531455994,0.8101593255996704,0.6808972954750061,0.896899402141571,0.7514241337776184,0.9571214914321899
50,0.10833640714709608,0.7808893918991089,0.6405402421951294,0.8823525309562683,0.6879916787147522,0.9675334095954895,0.12029059652796607,0.7524236440658569,0.603108286857605,0.8190738558769226,0.7070826888084412,0.8903218507766724,0.8101593255996704,0.6808972954750061,0.896899402141571,0.7514241337776184,0.9571214914321899
51,0.10821547405537499,0.7804664373397827,0.6399712562561035,0.8822360038757324,0.6869630813598633,0.9678186178207397,0.09826969330857513,0.7524979710578918,0.6032037734985352,0.819159746170044,0.7070290446281433,0.890496551990509,0.8101593255996704,0.6808972954750061,0.896899402141571,0.7514241337776184,0.9571214914321899
52,0.10849549077182291,0.7804761528968811,0.6399842500686646,0.8822663426399231,0.6868180632591248,0.9679269194602966,0.11073246589243022,0.7527211904525757,0.6034907698631287,0.8192847371101379,0.7073880434036255,0.8904727101325989,0.8101593255996704,0.6808972954750061,0.896899402141571,0.7514241337776184,0.9571214914321899
53,0.10664582190560375,0.7811480164527893,0.6408883333206177,0.8825514912605286,0.6878511309623718,0.9678841829299927,0.10533940801995101,0.7528628706932068,0.6036728620529175,0.8192850351333618,0.70792555809021,0.8901312351226807,0.8101593255996704,0.6808972954750061,0.896899402141571,0.7514241337776184,0.9571214914321899
54,0.10648671914747775,0.7820088267326355,0.6420480608940125,0.8829194903373718,0.6892186403274536,0.9678040146827698,0.11036183070226754,0.7531813383102417,0.6040825247764587,0.8194196224212646,0.7086109519004822,0.8899152874946594,0.8101593255996704,0.6808972954750061,0.896899402141571,0.7514241337776184,0.9571214914321899
55,0.10669316249897658,0.7825357913970947,0.6427587270736694,0.8831729888916016,0.689839243888855,0.9678998589515686,0.11280712203993849,0.7534952163696289,0.604486346244812,0.8196176886558533,0.709030032157898,0.8899727463722229,0.8101593255996704,0.6808972954750061,0.896899402141571,0.7514241337776184,0.9571214914321899
56,0.10663119591435227,0.7832833528518677,0.6437681317329407,0.8835099339485168,0.6908470988273621,0.9679489731788635,0.12296916763156653,0.7538527250289917,0.6049467921257019,0.8197729587554932,0.7097853422164917,0.8897464275360107,0.8101593255996704,0.6808972954750061,0.896899402141571,0.7514241337776184,0.9571214914321899
57,0.10629829957558176,0.783924400806427,0.6446345448493958,0.8838241696357727,0.6916229724884033,0.9680555462837219,0.11568182824292872,0.7541728615760803,0.6053591370582581,0.8200217485427856,0.7100300192832947,0.889997661113739,0.8101593255996704,0.6808972954750061,0.896899402141571,0.7514241337776184,0.9571214914321899
58,0.1065597980642115,0.7845198512077332,0.6454402208328247,0.884110152721405,0.692349910736084,0.9681487083435059,0.12054114444355545,0.754625141620636,0.6059422492980957,0.8202708959579468,0.710780143737793,0.8899281024932861,0.8101593255996704,0.6808972954750061,0.896899402141571,0.7514241337776184,0.9571214914321899
59,0.10563816297110222,0.7850463390350342,0.6461532115936279,0.8843875527381897,0.6929057836532593,0.9682942628860474,0.10580250693141167,0.7549777626991272,0.6063969731330872,0.8205145001411438,0.7111701369285583,0.8900786638259888,0.8101593255996704,0.6808972954750061,0.896899402141571,0.7514241337776184,0.9571214914321899
60,0.1038161295529313,0.7856642603874207,0.646990954875946,0.8846966028213501,0.6936037540435791,0.9684306383132935,0.08273629582488785,0.7554187774658203,0.6069661378860474,0.8207306265830994,0.7120102643966675,0.8898977637290955,0.8101593255996704,0.6808972954750061,0.896899402141571,0.7514241337776184,0.9571214914321899
61,0.10632770797392935,0.78632652759552,0.6478897333145142,0.8849784135818481,0.6946714520454407,0.9683624505996704,0.10786681795537809,0.7558583617210388,0.6075339913368225,0.8210995197296143,0.7122388482093811,0.8903559446334839,0.8101593255996704,0.6808972954750061,0.896899402141571,0.7514241337776184,0.9571214914321899
62,0.10543646337690585,0.7865826487541199,0.6482375264167786,0.8851284980773926,0.6947820782661438,0.968536913394928,0.09585209936786623,0.7563554048538208,0.6081764698028564,0.8214614391326904,0.7127163410186768,0.8906443119049072,0.8101593255996704,0.6808972954750061,0.896899402141571,0.7514241337776184,0.9571214914321899
63,0.10578987118980432,0.7872885465621948,0.6491969227790833,0.8854420781135559,0.6958207488059998,0.9685307741165161,0.11154661834605388,0.7568796873092651,0.6088547706604004,0.8217266798019409,0.7136867642402649,0.8904609680175781,0.8101593255996704,0.6808972954750061,0.896899402141571,0.7514241337776184,0.9571214914321899
64,0.10541945535037815,0.7878046631813049,0.6498991250991821,0.8856821656227112,0.6964995265007019,0.9685800075531006,0.10075682283566471,0.7572492957115173,0.6093332171440125,0.821943998336792,0.7142505049705505,0.8904579281806946,0.8101593255996704,0.6808972954750061,0.896899402141571,0.7514241337776184,0.9571214914321899
65,0.10608668730729268,0.7881943583488464,0.6504296064376831,0.8858727812767029,0.6969543695449829,0.9686561226844788,0.10676656265412555,0.7572441697120667,0.6093266010284424,0.8220331072807312,0.7138732075691223,0.8908437490463257,0.8101593255996704,0.6808972954750061,0.896899402141571,0.7514241337776184,0.9571214914321899
66,0.1046702321298142,0.7885115146636963,0.6508616805076599,0.8860570192337036,0.6971781849861145,0.968818724155426,0.08817577940104923,0.7576048970222473,0.6097938418388367,0.822238564491272,0.7144503593444824,0.8908126950263977,0.8101593255996704,0.6808972954750061,0.896899402141571,0.7514241337776184,0.9571214914321899
67,0.10517341450900015,0.7891125679016113,0.6516811847686768,0.8863213658332825,0.6981001496315002,0.9687907099723816,0.09623196883678983,0.7580272555351257,0.6103412508964539,0.8223682045936584,0.7155739068984985,0.8903100490570068,0.8101593255996704,0.6808972954750061,0.896899402141571,0.7514241337776184,0.9571214914321899
68,0.10559217704663781,0.7898424863815308,0.6526774764060974,0.8866428732872009,0.6991961598396301,0.968771755695343,0.11517190226741214,0.758348286151886,0.6107577085494995,0.822659432888031,0.7156532406806946,0.8907359838485718,0.8101593255996704,0.6808972954750061,0.896899402141571,0.7514241337776184,0.9571214914321899
69,0.10439323183185073,0.7902342081069946,0.6532124876976013,0.8868666291236877,0.6994718313217163,0.9689717292785645,0.09703932248963622,0.7587391138076782,0.6112648248672485,0.8229143619537354,0.7161508798599243,0.8908364176750183,0.8101593255996704,0.6808972954750061,0.896899402141571,0.7514241337776184,0.9571214914321899
70,0.10554559007742784,0.7908779978752136,0.6540928483009338,0.88714200258255,0.7005029320716858,0.9689134955406189,0.1075642124810544,0.7591298818588257,0.6117722988128662,0.8231800198554993,0.716605544090271,0.8909819722175598,0.8101593255996704,0.6808972954750061,0.896899402141571,0.7514241337776184,0.9571214914321899
71,0.10450087484019788,0.7912784218788147,0.654640793800354,0.8873394727706909,0.70094233751297,0.9690102338790894,0.09346108585780608,0.759530782699585,0.6122930645942688,0.8234903812408447,0.7169184684753418,0.8912907242774963,0.8101593255996704,0.6808972954750061,0.896899402141571,0.7514241337776184,0.9571214914321899
72,0.10510562579954187,0.7918671369552612,0.6554470658302307,0.8876204490661621,0.7017190456390381,0.9690696001052856,0.11014856886433476,0.7599444389343262,0.6128309369087219,0.8237001895904541,0.7176907658576965,0.891142725944519,0.8101593255996704,0.6808972954750061,0.896899402141571,0.7514241337776184,0.9571214914321899
73,0.1049172414698853,0.7925504446029663,0.6563838720321655,0.8879256248474121,0.7027361989021301,0.9690608978271484,0.10828522045324591,0.7603131532669067,0.6133107542991638,0.8239584565162659,0.7180907726287842,0.8913106322288513,0.8101593255996704,0.6808972954750061,0.896899402141571,0.7514241337776184,0.9571214914321899
74,0.10516804034178841,0.7927582263946533,0.6566690802574158,0.8880488276481628,0.7028184533119202,0.9692076444625854,0.09918266302094955,0.7606315612792969,0.6137251853942871,0.8242016434669495,0.7183528542518616,0.8915419578552246,0.8101593255996704,0.6808972954750061,0.896899402141571,0.7514241337776184,0.9571214914321899
75,0.10540660352665429,0.7932645678520203,0.6573641300201416,0.8882846832275391,0.7034810185432434,0.9692603945732117,0.11552834310473444,0.7609344124794006,0.6141196489334106,0.8243603110313416,0.7188998460769653,0.8914535641670227,0.8101593255996704,0.6808972954750061,0.896899402141571,0.7514241337776184,0.9571214914321899
76,0.10550442565953173,0.7936567664146423,0.6579029560089111,0.8884814381599426,0.703929603099823,0.9693459272384644,0.1114769941108659,0.7612424492835999,0.6145209074020386,0.8246212005615234,0.7190491557121277,0.8917853832244873,0.8101593255996704,0.6808972954750061,0.896899402141571,0.7514241337776184,0.9571214914321899
77,0.10483335160889086,0.7941170930862427,0.6585358381271362,0.8887014985084534,0.7045161128044128,0.9694061279296875,0.10553142840222703,0.7616321444511414,0.6150290966033936,0.824863076210022,0.7195996046066284,0.8918310403823853,0.8101593255996704,0.6808972954750061,0.896899402141571,0.7514241337776184,0.9571214914321899
78,0.10364413206773432,0.7946029305458069,0.6592043042182922,0.8889240622520447,0.7051722407341003,0.9694435000419617,0.08625121089492638,0.7619656920433044,0.6154640316963196,0.8251141309738159,0.7198899984359741,0.892056941986084,0.8101593255996704,0.6808972954750061,0.896899402141571,0.7514241337776184,0.9571214914321899
79,0.10518718800892547,0.7948046922683716,0.6594820022583008,0.8890343308448792,0.705329418182373,0.9695355296134949,0.09566307315417354,0.7623003125190735,0.6159008741378784,0.8253198862075806,0.720371663570404,0.8920871615409851,0.8101593255996704,0.6808972954750061,0.896899402141571,0.7514241337776184,0.9571214914321899
80,0.10480212190125396,0.7953073978424072,0.6601744890213013,0.8892630338668823,0.7060387134552002,0.9695556163787842,0.1065633794425713,0.7626194357872009,0.616317629814148,0.8255212903022766,0.7208096385002136,0.8921381235122681,0.8101593255996704,0.6808972954750061,0.896899402141571,0.7514241337776184,0.9571214914321899
81,0.10633262865414696,0.795390784740448,0.660289466381073,0.8893231153488159,0.7060108780860901,0.9696552753448486,0.10669626949764717,0.7627817988395691,0.6165297031402588,0.8257092237472534,0.7206799387931824,0.8925279974937439,0.8101593255996704,0.6808972954750061,0.896899402141571,0.7514241337776184,0.9571214914321899
82,0.10496125258373054,0.7956929206848145,0.6607059836387634,0.8894785046577454,0.7063411474227905,0.9697322845458984,0.09824020057575439,0.7630565762519836,0.6168888807296753,0.8258150219917297,0.7213374376296997,0.8922828435897827,0.8101593255996704,0.6808972954750061,0.896899402141571,0.7514241337776184,0.9571214914321899
83,0.10492511874819412,0.7958865761756897,0.660973072052002,0.8895838260650635,0.7065157890319824,0.9698061943054199,0.08862698448759111,0.7633283138275146,0.6172440648078918,0.8259922862052917,0.7216874957084656,0.8923501372337341,0.8101593255996704,0.6808972954750061,0.896899402141571,0.7514241337776184,0.9571214914321899
84,0.10599971076540773,0.7961940765380859,0.661397397518158,0.8897318243980408,0.7069123387336731,0.9698442816734314,0.11356828982611807,0.7636719346046448,0.6176935434341431,0.8261561393737793,0.7223808169364929,0.892177402973175,0.8101593255996704,0.6808972954750061,0.896899402141571,0.7514241337776184,0.9571214914321899
85,0.10561637041323535,0.7966288924217224,0.6619977355003357,0.8899218440055847,0.7075900435447693,0.9698204398155212,0.11050500049233888,0.7639650702476501,0.6180772185325623,0.8263750076293945,0.7226448655128479,0.892367422580719,0.8101593255996704,0.6808972954750061,0.896899402141571,0.7514241337776184,0.9571214914321899
86,0.10483718223099299,0.7971565127372742,0.6627267003059387,0.8901355862617493,0.7085115909576416,0.9697257280349731,0.09934120773068049,0.764238178730011,0.6184348464012146,0.8265580534934998,0.7229777574539185,0.8924551606178284,0.8101593255996704,0.6808972954750061,0.896899402141571,0.7514241337776184,0.9571214914321899
87,0.10710820186168887,0.7971636652946472,0.6627366542816162,0.8901810050010681,0.7082606554031372,0.9698993563652039,0.12426032840109419,0.7643831372261047,0.6186248064041138,0.8267518877983093,0.7227510809898376,0.8929165601730347,0.8101593255996704,0.6808972954750061,0.896899402141571,0.7514241337776184,0.9571214914321899
88,0.10397272193749413,0.7974137663841248,0.6630823016166687,0.8903222680091858,0.7084141373634338,0.9700402021408081,0.09564404312225092,0.7646727561950684,0.6190042495727539,0.8268839120864868,0.7233633399009705,0.8927429914474487,0.8101593255996704,0.6808972954750061,0.896899402141571,0.7514241337776184,0.9571214914321899
89,0.10520209044919886,0.7979565858840942,0.6638333201408386,0.8905447125434875,0.7093738913536072,0.9699371457099915,0.1047538448026102,0.7649624347686768,0.6193839907646179,0.8270783424377441,0.7237155437469482,0.8928369879722595,0.8101593255996704,0.6808972954750061,0.896899402141571,0.7514241337776184,0.9571214914321899
90,0.10557007530192075,0.7980614900588989,0.663978636264801,0.8906151652336121,0.7093759179115295,0.9700380563735962,0.10164451345604567,0.7652063369750977,0.6197038292884827,0.8272492289543152,0.7239818572998047,0.8929471969604492,0.8101593255996704,0.6808972954750061,0.896899402141571,0.7514241337776184,0.9571214914321899
91,0.10616860814770049,0.7982757687568665,0.6642754077911377,0.890718400478363,0.7096545696258545,0.9700637459754944,0.10801001413935589,0.7652264833450317,0.6197303533554077,0.8272785544395447,0.7239406108856201,0.8930214047431946,0.8101593255996704,0.6808972954750061,0.896899402141571,0.7514241337776184,0.9571214914321899
92,0.10570976302254308,0.7984582185745239,0.6645280718803406,0.8908072710037231,0.7098996639251709,0.9700812101364136,0.09790076622015732,0.7651881575584412,0.6196799278259277,0.8272913694381714,0.723732054233551,0.8931751251220703,0.8101593255996704,0.6808972954750061,0.896899402141571,0.7514241337776184,0.9571214914321899
93,0.10591418244122142,0.7987871766090393,0.6649838089942932,0.8909587264060974,0.710389256477356,0.9700807929039001,0.11339672775337155,0.7653630971908569,0.619909405708313,0.8274003863334656,0.7239801287651062,0.893195629119873,0.8101593255996704,0.6808972954750061,0.896899402141571,0.7514241337776184,0.9571214914321899
94,0.10542967976871707,0.7991544604301453,0.6654930710792542,0.8911275863647461,0.7109289765357971,0.9700846672058105,0.1107016360954475,0.7655933499336243,0.6202116012573242,0.8274499773979187,0.7247009873390198,0.8928181529045105,0.8101593255996704,0.6808972954750061,0.896899402141571,0.7514241337776184,0.9571214914321899
95,0.10428966742280305,0.7996163964271545,0.6661339998245239,0.8913260698318481,0.7116959691047668,0.9700314998626709,0.09360390768548758,0.7658131122589111,0.6205000877380371,0.827633798122406,0.7248163223266602,0.8930454850196838,0.8101593255996704,0.6808972954750061,0.896899402141571,0.7514241337776184,0.9571214914321899
96,0.10505563837575782,0.7996633648872375,0.6661992073059082,0.8913847804069519,0.711523711681366,0.9701907634735107,0.10010374554119064,0.766035258769989,0.6207919120788574,0.827846348285675,0.7248201370239258,0.8933908939361572,0.8101593255996704,0.6808972954750061,0.896899402141571,0.7514241337776184,0.9571214914321899
97,0.10501752098490341,0.7998856902122498,0.6665080189704895,0.8914995789527893,0.7117338180541992,0.9702679514884949,0.10658276794198246,0.7663538455963135,0.6212104558944702,0.8280351758003235,0.7253137826919556,0.8933858275413513,0.8101593255996704,0.6808972954750061,0.896899402141571,0.7514241337776184,0.9571214914321899
98,0.10531197706947415,0.8003093004226685,0.6670963168144226,0.8916609287261963,0.7125399112701416,0.9701498746871948,0.10285352606522713,0.7666072845458984,0.6215435266494751,0.8282140493392944,0.7255861163139343,0.8935051560401917,0.8101593255996704,0.6808972954750061,0.896899402141571,0.7514241337776184,0.9571214914321899
99,0.1038216500236315,0.8005878925323486,0.6674836277961731,0.891806960105896,0.7128133773803711,0.970241367816925,0.09681620046828471,0.7668120265007019,0.6218128204345703,0.8283136487007141,0.7259958386421204,0.8934075832366943,0.8101593255996704,0.6808972954750061,0.896899402141571,0.7514241337776184,0.9571214914321899
100,0.10377024468375819,0.8010216355323792,0.6680867671966553,0.8919959664344788,0.713495671749115,0.9702157974243164,0.09303500261263152,0.7670366168022156,0.6221082210540771,0.82842618227005,0.7264321446418762,0.8933141827583313,0.8101593255996704,0.6808972954750061,0.896899402141571,0.7514241337776184,0.9571214914321899
101,0.10423508214622816,0.8013510704040527,0.6685452461242676,0.8921517729759216,0.7139188647270203,0.9702579975128174,0.10128396266911521,0.7672758102416992,0.622422993183136,0.8286028504371643,0.726656436920166,0.8934605717658997,0.8101593255996704,0.6808972954750061,0.896899402141571,0.7514241337776184,0.9571214914321899
102,0.10506928931286733,0.8016172051429749,0.6689158082008362,0.8922882080078125,0.7142094969749451,0.970326840877533,0.11389485880508207,0.7675448656082153,0.6227770447731018,0.8287766575813293,0.727014422416687,0.8935171365737915,0.8101593255996704,0.6808972954750061,0.896899402141571,0.7514241337776184,0.9571214914321899
103,0.104146591569301,0.8020697832107544,0.669546365737915,0.8924863338470459,0.7149496078491211,0.9702842831611633,0.0980800549034593,0.7677859663963318,0.6230946779251099,0.8289388418197632,0.7273088097572327,0.8935951590538025,0.8101593255996704,0.6808972954750061,0.896899402141571,0.7514241337776184,0.9571214914321899
104,0.1054067893429494,0.8021628856658936,0.6696760654449463,0.8925542831420898,0.7149007320404053,0.9704058766365051,0.1116818898076389,0.7679824233055115,0.6233534216880798,0.8291230201721191,0.7273266315460205,0.8938851952552795,0.8101593255996704,0.6808972954750061,0.896899402141571,0.7514241337776184,0.9571214914321899
105,0.10573273048661906,0.8024523854255676,0.6700797080993652,0.8926824331283569,0.7153388261795044,0.9704003930091858,0.11673720433838682,0.7682393789291382,0.6236920356750488,0.8292437195777893,0.7278619408607483,0.8937422037124634,0.8101593255996704,0.6808972954750061,0.896899402141571,0.7514241337776184,0.9571214914321899
106,0.1055164102889708,0.8025961518287659,0.6702802777290344,0.8927643895149231,0.7154485583305359,0.9704689979553223,0.11035708147075134,0.7684025764465332,0.623907208442688,0.8293889164924622,0.7279101610183716,0.893949031829834,0.8101593255996704,0.6808972954750061,0.896899402141571,0.7514241337776184,0.9571214914321899
107,0.10519036960255834,0.8026782870292664,0.670394778251648,0.8928224444389343,0.7154152393341064,0.9705698490142822,0.10526453922862657,0.7686265707015991,0.6242026686668396,0.8295325040817261,0.7282140851020813,0.8939906358718872,0.8101593255996704,0.6808972954750061,0.896899402141571,0.7514241337776184,0.9571214914321899
108,0.1037828139100052,0.803047239780426,0.6709097623825073,0.8929900527000427,0.715949535369873,0.9705788493156433,0.09998416865516657,0.7688746452331543,0.6245299577713013,0.8296603560447693,0.7286840081214905,0.8939008712768555,0.8101593255996704,0.6808972954750061,0.896899402141571,0.7514241337776184,0.9571214914321899
109,0.10451200316964478,0.8032888174057007,0.6712470054626465,0.8930988907814026,0.7163052558898926,0.9705810546875,0.09431717209664717,0.7690578103065491,0.6247716546058655,0.8297854065895081,0.7289000153541565,0.8939681053161621,0.8101593255996704,0.6808972954750061,0.896899402141571,0.7514241337776184,0.9571214914321899
110,0.10530626625134454,0.8036035299301147,0.671686589717865,0.8932356834411621,0.7168092727661133,0.9705579280853271,0.11314523423421291,0.7692358493804932,0.6250066757202148,0.8298349976539612,0.7294188737869263,0.8937190175056458,0.8101593255996704,0.6808972954750061,0.896899402141571,0.7514241337776184,0.9571214914321899
111,0.10442345803819172,0.8040428757667542,0.6723008155822754,0.8934343457221985,0.7175008654594421,0.9705360531806946,0.10963463161416676,0.7693648338317871,0.6251770853996277,0.8299630880355835,0.7293999791145325,0.8939405679702759,0.8101593255996704,0.6808972954750061,0.896899402141571,0.7514241337776184,0.9571214914321899
112,0.10397312769171095,0.8041546940803528,0.672457218170166,0.8935104608535767,0.7174813151359558,0.9706566333770752,0.0954735092527734,0.7695125341415405,0.6253721117973328,0.8300736546516418,0.7295325994491577,0.8940371870994568,0.8101593255996704,0.6808972954750061,0.896899402141571,0.7514241337776184,0.9571214914321899
113,0.10558471580445666,0.8044451475143433,0.6728634834289551,0.8936353325843811,0.7179909944534302,0.9706085920333862,0.10848989504032577,0.7697241306304932,0.6256516575813293,0.8302335143089294,0.7297167181968689,0.8941816091537476,0.8101593255996704,0.6808972954750061,0.896899402141571,0.7514241337776184,0.9571214914321899
114,0.10535969472841564,0.804492712020874,0.6729299426078796,0.893682062625885,0.7179105281829834,0.9707082509994507,0.10462746428317096,0.7699040174484253,0.6258894205093384,0.8304265141487122,0.729627251625061,0.8945543169975281,0.8101593255996704,0.6808972954750061,0.896899402141571,0.7514241337776184,0.9571214914321899
115,0.10526428045873226,0.8047010898590088,0.6732216477394104,0.893788754940033,0.7181534171104431,0.9707534313201904,0.11198991189612975,0.7701797485351562,0.6262539625167847,0.8305845260620117,0.7300834059715271,0.8945226073265076,0.8101593255996704,0.6808972954750061,0.896899402141571,0.7514241337776184,0.9571214914321899
116,0.10446558097656575,0.8050966262817383,0.6737754940986633,0.8939637541770935,0.7187849879264832,0.9707273244857788,0.11132487064231905,0.770405113697052,0.6265519857406616,0.830752432346344,0.7302892208099365,0.8946664929389954,0.8101593255996704,0.6808972954750061,0.896899402141571,0.7514241337776184,0.9571214914321899
117,0.10388345459406438,0.8052713871002197,0.6740203499794006,0.8940623998641968,0.7189226150512695,0.9708079695701599,0.09609469023002279,0.7705551981925964,0.6267505288124084,0.8308831453323364,0.7303449511528015,0.8948448896408081,0.8101593255996704,0.6808972954750061,0.896899402141571,0.7514241337776184,0.9571214914321899
118,0.10334317083714437,0.805608332157135,0.6744925379753113,0.8942345976829529,0.7193180918693542,0.9708794355392456,0.10438235445648514,0.7707650661468506,0.6270282864570618,0.8309552073478699,0.7309011816978455,0.8946088552474976,0.8101593255996704,0.6808972954750061,0.896899402141571,0.7514241337776184,0.9571214914321899
119,0.10484243600875594,0.8059898018836975,0.67502760887146,0.8944076299667358,0.7199225425720215,0.9708590507507324,0.11464789013369367,0.7709431052207947,0.6272639632225037,0.8311232328414917,0.7309108972549438,0.8948776125907898,0.8101593255996704,0.6808972954750061,0.896899402141571,0.7514241337776184,0.9571214914321899
120,0.1048886083757491,0.8060603737831116,0.6751266121864319,0.8944637775421143,0.719870388507843,0.9709616899490356,0.1037387172280179,0.7711819410324097,0.6275802254676819,0.8313034176826477,0.731119692325592,0.8950395584106445,0.8101593255996704,0.6808972954750061,0.896899402141571,0.7514241337776184,0.9571214914321899
121,0.10429132202711758,0.8063408136367798,0.675520122051239,0.8945852518081665,0.7203115820884705,0.9709464311599731,0.10155897040752004,0.7714343070983887,0.6279144883155823,0.8314170241355896,0.7316728830337524,0.8948736786842346,0.8101593255996704,0.6808972954750061,0.896899402141571,0.7514241337776184,0.9571214914321899
122,0.10357082411971474,0.8067008852958679,0.6760258078575134,0.8947542309761047,0.720812976360321,0.970970630645752,0.1068968958543412,0.7715654373168945,0.6280882954597473,0.8315333127975464,0.7317125201225281,0.8950385451316833,0.8101593255996704,0.6808972954750061,0.896899402141571,0.7514241337776184,0.9571214914321899
123,0.10481327239451077,0.8068916201591492,0.676293671131134,0.8948590755462646,0.7209880948066711,0.9710429906845093,0.11451994330151498,0.7717402577400208,0.6283200979232788,0.8315979838371277,0.7321580052375793,0.8948609828948975,0.8101593255996704,0.6808972954750061,0.896899402141571,0.7514241337776184,0.9571214914321899
124,0.10476916041692584,0.8071834444999695,0.6767038106918335,0.8949961066246033,0.72142493724823,0.971044659614563,0.11179937282498954,0.7719286680221558,0.6285698413848877,0.8317229747772217,0.7323976159095764,0.8949130773544312,0.8101593255996704,0.6808972954750061,0.896899402141571,0.7514241337776184,0.9571214914321899
125,0.10332481845911158,0.8074090480804443,0.6770209074020386,0.8951109051704407,0.721703827381134,0.9710842967033386,0.08801095307006553,0.7721158862113953,0.628818154335022,0.8318358659744263,0.7326849102973938,0.8949150443077087,0.8101593255996704,0.6808972954750061,0.896899402141571,0.7514241337776184,0.9571214914321899
126,0.10482761671584259,0.807746946811676,0.6774961352348328,0.8952602744102478,0.7222468256950378,0.9710608124732971,0.1166362473354366,0.7723022103309631,0.6290654540061951,0.8319423198699951,0.7329972386360168,0.8948906064033508,0.8101593255996704,0.6808972954750061,0.896899402141571,0.7514241337776184,0.9571214914321899
127,0.10537835281852018,0.8079057931900024,0.6777197122573853,0.8953465223312378,0.7223974466323853,0.9711180329322815,0.11826959788576323,0.7724853157997131,0.6293084025382996,0.8320547342300415,0.7332706451416016,0.8949004411697388,0.8101593255996704,0.6808972954750061,0.896899402141571,0.7514241337776184,0.9571214914321899
128,0.10251493895174753,0.8081961274147034,0.6781283617019653,0.8954774737358093,0.722851037979126,0.9711066484451294,0.07154686011530487,0.7726395130157471,0.6295130848884583,0.8321682810783386,0.7334178686141968,0.8949926495552063,0.8101593255996704,0.6808972954750061,0.896899402141571,0.7514241337776184,0.9571214914321899
129,0.10487538924419647,0.8082542419433594,0.6782101988792419,0.8955226540565491,0.7228091955184937,0.9711899161338806,0.10335796227768575,0.7727951407432556,0.6297197341918945,0.8323060274124146,0.7334656715393066,0.8951876163482666,0.8101593255996704,0.6808972954750061,0.896899402141571,0.7514241337776184,0.9571214914321899
130,0.10511611014936617,0.8084926009178162,0.6785460710525513,0.8956372737884521,0.7231132388114929,0.9712239503860474,0.12403377451930783,0.7729862332344055,0.6299735903739929,0.8323623538017273,0.7340181469917297,0.8949282169342041,0.8101593255996704,0.6808972954750061,0.896899402141571,0.7514241337776184,0.9571214914321899
131,0.10619414197430897,0.8087226152420044,0.6788701415061951,0.8957268595695496,0.723549485206604,0.9711642861366272,0.12106434846253523,0.77312833070755,0.6301624178886414,0.8324860334396362,0.7340707182884216,0.8950972557067871,0.8101593255996704,0.6808972954750061,0.896899402141571,0.7514241337776184,0.9571214914321899
132,0.10254041199922596,0.8089519739151001,0.6791934967041016,0.8958467245101929,0.72380131483078,0.9712247252464294,0.08375196677905934,0.7732952237129211,0.6303841471672058,0.832557737827301,0.7344551086425781,0.8949699997901917,0.8101593255996704,0.6808972954750061,0.896899402141571,0.7514241337776184,0.9571214914321899
133,0.10501268794740015,0.8092665672302246,0.6796370148658752,0.8959876894950867,0.724308431148529,0.9712032675743103,0.11986557568258197,0.7734577059745789,0.630600094795227,0.8326169848442078,0.7348759770393372,0.8947992920875549,0.8101593255996704,0.6808972954750061,0.896899402141571,0.7514241337776184,0.9571214914321899
134,0.1035364960787815,0.8094362020492554,0.6798762679100037,0.8960757255554199,0.7244877815246582,0.9712518453598022,0.0934517441839028,0.7735596895217896,0.6307356953620911,0.8326956629753113,0.7349583506584167,0.8948755860328674,0.8101593255996704,0.6808972954750061,0.896899402141571,0.7514241337776184,0.9571214914321899
135,0.10349631765562653,0.8096894025802612,0.6802336573600769,0.8961952328681946,0.7248355150222778,0.9712725877761841,0.09888219342856569,0.7737457752227783,0.6309831738471985,0.8327980637550354,0.735289990901947,0.8948318958282471,0.8101593255996704,0.6808972954750061,0.896899402141571,0.7514241337776184,0.9571214914321899
136,0.10281112551817687,0.8099629282951355,0.6806200742721558,0.8963266015052795,0.7251872420310974,0.9713102579116821,0.09686687987849321,0.7739819884300232,0.6312974095344543,0.8329264521598816,0.7357174158096313,0.8947702050209045,0.8101593255996704,0.6808972954750061,0.896899402141571,0.7514241337776184,0.9571214914321899
137,0.10287696882744916,0.8102836012840271,0.6810728907585144,0.8964728713035583,0.7256839275360107,0.9713017344474792,0.09206061164694744,0.7741587162017822,0.6315325498580933,0.8330553770065308,0.7358928322792053,0.8948695659637451,0.8101593255996704,0.6808972954750061,0.896899402141571,0.7514241337776184,0.9571214914321899
138,0.1034125524650014,0.8105071187019348,0.681388795375824,0.8965862989425659,0.7259424924850464,0.9713517427444458,0.09979559548816996,0.7743473052978516,0.631783664226532,0.8331471681594849,0.736282467842102,0.8947718739509583,0.8101593255996704,0.6808972954750061,0.896899402141571,0.7514241337776184,0.9571214914321899
139,0.1042175017160225,0.8107267022132874,0.6816991567611694,0.8966920375823975,0.7262371778488159,0.9713746905326843,0.10992088630839225,0.7745477557182312,0.6320505142211914,0.8332667946815491,0.7365994453430176,0.8947658538818359,0.8101593255996704,0.6808972954750061,0.896899402141571,0.7514241337776184,0.9571214914321899
140,0.10491046231216539,0.8109707832336426,0.6820443868637085,0.8968073725700378,0.7265767455101013,0.9713925719261169,0.12253738102063509,0.7747572660446167,0.632329523563385,0.8333913087844849,0.7369327545166016,0.8947576284408569,0.8101593255996704,0.6808972954750061,0.896899402141571,0.7514241337776184,0.9571214914321899
141,0.10260412441894733,0.8113136291503906,0.6825295686721802,0.8969679474830627,0.7270553708076477,0.9714162349700928,0.10289516040734042,0.774922788143158,0.6325501799583435,0.8334970474243164,0.7371647357940674,0.8947829604148865,0.8101593255996704,0.6808972954750061,0.896899402141571,0.7514241337776184,0.9571214914321899
142,0.10341201900066531,0.811552107334137,0.6828672885894775,0.8970866203308105,0.7273644208908081,0.9714494943618774,0.1012665705595165,0.7750961780548096,0.6327812075614929,0.8336194157600403,0.7373555302619934,0.8948618173599243,0.8101593255996704,0.6808972954750061,0.896899402141571,0.7514241337776184,0.9571214914321899
143,0.10395774807302162,0.8118416666984558,0.6832773685455322,0.8972182869911194,0.7278040051460266,0.9714473485946655,0.11197855795402036,0.7752853035926819,0.6330333352088928,0.8337412476539612,0.7376156449317932,0.8948956727981567,0.8101593255996704,0.6808972954750061,0.896899402141571,0.7514241337776184,0.9571214914321899
144,0.10553397413542995,0.8118274807929993,0.6832572221755981,0.8972240090370178,0.7276700735092163,0.9715179800987244,0.11005396375647553,0.7753665447235107,0.6331417560577393,0.8338156938552856,0.7376295924186707,0.8950085639953613,0.8101593255996704,0.6808972954750061,0.896899402141571,0.7514241337776184,0.9571214914321899
145,0.10411987013913603,0.8119512796401978,0.6834326982498169,0.8972853422164917,0.7278323173522949,0.9715341925621033,0.09378385518575695,0.7755318284034729,0.6333621144294739,0.8339158296585083,0.7378848195075989,0.8950101137161255,0.8101593255996704,0.6808972954750061,0.896899402141571,0.7514241337776184,0.9571214914321899
146,0.10406987015401631,0.812231719493866,0.6838300824165344,0.8974145650863647,0.7282471656799316,0.9715390801429749,0.11549549939347009,0.7757418155670166,0.633642315864563,0.8340379595756531,0.7382326126098633,0.8949886560440063,0.8101593255996704,0.6808972954750061,0.896899402141571,0.7514241337776184,0.9571214914321899
147,0.10423033135181865,0.8124086856842041,0.6840810179710388,0.897499680519104,0.7284792065620422,0.9715612530708313,0.10764670223337047,0.7757971882820129,0.6337161660194397,0.8340981006622314,0.7381999492645264,0.8951078057289124,0.8101593255996704,0.6808972954750061,0.896899402141571,0.7514241337776184,0.9571214914321899
148,0.10446008093517001,0.8126175403594971,0.6843771934509277,0.8975977897644043,0.7287818789482117,0.9715694189071655,0.11204199626734206,0.7759131193161011,0.6338709592819214,0.8341600298881531,0.7384165525436401,0.8950713872909546,0.8101593255996704,0.6808972954750061,0.896899402141571,0.7514241337776184,0.9571214914321899
149,0.10373748244047692,0.8127953410148621,0.684629499912262,0.8976929783821106,0.7289577722549438,0.9716289043426514,0.10867194784325518,0.7760749459266663,0.6340870261192322,0.8342452645301819,0.7387247085571289,0.8950148224830627,0.8101593255996704,0.6808972954750061,0.896899402141571,0.7514241337776184,0.9571214914321899
150,0.10442577704845721,0.8129414319992065,0.6848368048667908,0.8977667093276978,0.7291395664215088,0.9716542959213257,0.1055840113045204,0.7762294411659241,0.634293258190155,0.8343411087989807,0.7389540076255798,0.8950257301330566,0.8101593255996704,0.6808972954750061,0.896899402141571,0.7514241337776184,0.9571214914321899
151,0.10397785622261252,0.813234269618988,0.6852526068687439,0.8978964686393738,0.7296266555786133,0.971626341342926,0.10961472917185015,0.7764031291007996,0.6345251798629761,0.8344680070877075,0.7391265630722046,0.8951236009597778,0.8101593255996704,0.6808972954750061,0.896899402141571,0.7514241337776184,0.9571214914321899
152,0.10443582602296987,0.8132647275924683,0.685295820236206,0.897930383682251,0.7295447587966919,0.9717088937759399,0.10100034745747745,0.7765243649482727,0.6346871852874756,0.8346015810966492,0.7390462756156921,0.8953932523727417,0.8101593255996704,0.6808972954750061,0.896899402141571,0.7514241337776184,0.9571214914321899
153,0.10380836079748083,0.8134133219718933,0.6855069398880005,0.8980119824409485,0.729690670967102,0.9717602133750916,0.10413680821365168,0.7767300009727478,0.6349620819091797,0.8346884846687317,0.7395346760749817,0.8952246904373169,0.8101593255996704,0.6808972954750061,0.896899402141571,0.7514241337776184,0.9571214914321899
154,0.10346906372695189,0.8137430548667908,0.6859754323959351,0.8981525301933289,0.7302801609039307,0.9717025756835938,0.10149163104519962,0.7769022583961487,0.6351922154426575,0.834796130657196,0.7397873997688293,0.8952400088310242,0.8101593255996704,0.6808972954750061,0.896899402141571,0.7514241337776184,0.9571214914321899
155,0.10373248626427728,0.8139163255691528,0.6862217783927917,0.8982455134391785,0.7304649949073792,0.971752941608429,0.10695190084076045,0.7770371437072754,0.6353726387023926,0.8348575830459595,0.740088164806366,0.8951492309570312,0.8101593255996704,0.6808972954750061,0.896899402141571,0.7514241337776184,0.9571214914321899
156,0.10519033631248469,0.8141517639160156,0.6865563988685608,0.8983446955680847,0.7308891415596008,0.9717097282409668,0.1187212000688453,0.777149498462677,0.6355229616165161,0.8349021077156067,0.7403690218925476,0.8950433135032654,0.8101593255996704,0.6808972954750061,0.896899402141571,0.7514241337776184,0.9571214914321899
157,0.10271668125419191,0.8143826127052307,0.6868848204612732,0.8984567523002625,0.7311983704566956,0.971735417842865,0.09704371209807391,0.7772842049598694,0.6357030272483826,0.8349652886390686,0.7406613230705261,0.8949608206748962,0.8101593255996704,0.6808972954750061,0.896899402141571,0.7514241337776184,0.9571214914321899
158,0.10242060022801343,0.81459641456604,0.6871891021728516,0.8985511064529419,0.7315437197685242,0.9717212319374084,0.07827857840728689,0.7774109840393066,0.6358727216720581,0.8350471258163452,0.7408365607261658,0.8949832916259766,0.8101593255996704,0.6808972954750061,0.896899402141571,0.7514241337776184,0.9571214914321899
159,0.10657054739451068,0.8147095441818237,0.6873500943183899,0.8985928297042847,0.7317718863487244,0.9716839790344238,0.11732308616575551,0.776752769947052,0.6349924206733704,0.8347198367118835,0.7394909262657166,0.8953039050102234,0.8101593255996704,0.6808972954750061,0.896899402141571,0.7514241337776184,0.9571214914321899
160,0.11578863105297472,0.8137179613113403,0.6859396696090698,0.8981584906578064,0.7300829887390137,0.9718024134635925,0.11653972591454359,0.7760499119758606,0.6340535283088684,0.8343783617019653,0.7380249500274658,0.8956777453422546,0.8101593255996704,0.6808972954750061,0.896899402141571,0.7514241337776184,0.9571214914321899
161,0.1160801045567227,0.8128872513771057,0.6847599148750305,0.8977853655815125,0.7287772297859192,0.9718354344367981,0.12101484698132166,0.7754279375076294,0.6332236528396606,0.8340745568275452,0.7367403507232666,0.8959978818893433,0.8101593255996704,0.6808972954750061,0.896899402141571,0.7514241337776184,0.9571214914321899
162,0.11312216662251698,0.8121694326400757,0.6837418079376221,0.8974714279174805,0.7275916934013367,0.9719014763832092,0.10231527465442725,0.774942934513092,0.6325770020484924,0.8338438272476196,0.7357141375541687,0.8962732553482056,0.8101593255996704,0.6808972954750061,0.896899402141571,0.7514241337776184,0.9571214914321899
163,0.11100783982234522,0.8117095232009888,0.6830901503562927,0.8972651362419128,0.7268534898757935,0.971929669380188,0.10654930819431987,0.7746527194976807,0.6321904063224792,0.8336828947067261,0.7352030277252197,0.8963351249694824,0.8101593255996704,0.6808972954750061,0.896899402141571,0.7514241337776184,0.9571214914321899
164,0.10932317706916157,0.8115382194519043,0.6828474998474121,0.8971797823905945,0.7266307473182678,0.9719062447547913,0.11747874761861979,0.7744330763816833,0.6318978071212769,0.8335540890693665,0.7348473072052002,0.896350622177124,0.8101593255996704,0.6808972954750061,0.896899402141571,0.7514241337776184,0.9571214914321899
165,0.10733343320147776,0.8115381002426147,0.682847261428833,0.8971766829490662,0.7266432046890259,0.9718976020812988,0.12080658602021022,0.7743744850158691,0.6318197846412659,0.8334903120994568,0.734882652759552,0.896223783493042,0.8101593255996704,0.6808972954750061,0.896899402141571,0.7514241337776184,0.9571214914321899
166,0.10650445834275997,0.8115828633308411,0.6829107403755188,0.8971905708312988,0.7267394065856934,0.9718782305717468,0.11361038410347646,0.7742208242416382,0.6316152811050415,0.833414614200592,0.7345704436302185,0.8962985873222351,0.8101593255996704,0.6808972954750061,0.896899402141571,0.7514241337776184,0.9571214914321899
167,0.1091075175992505,0.8113042712211609,0.6825163960456848,0.8970701098442078,0.7262626886367798,0.9719145894050598,0.10955138940372355,0.7738339304924011,0.6311004161834717,0.833195149898529,0.7339130640029907,0.8963576555252075,0.8101593255996704,0.6808972954750061,0.896899402141571,0.7514241337776184,0.9571214914321899
168,0.1079553325395206,0.8110917806625366,0.6822156310081482,0.8969749808311462,0.7259064316749573,0.9719367623329163,0.10048967728382699,0.7735795378684998,0.6307620406150818,0.8330474495887756,0.7334961891174316,0.8963813781738281,0.8101593255996704,0.6808972954750061,0.896899402141571,0.7514241337776184,0.9571214914321899
169,0.10783796637918258,0.8110370635986328,0.682138204574585,0.8969458341598511,0.725848913192749,0.9719205498695374,0.1162299436753495,0.773385226726532,0.6305038332939148,0.8329235911369324,0.7332271337509155,0.8963497877120972,0.8101593255996704,0.6808972954750061,0.896899402141571,0.7514241337776184,0.9571214914321899
170,0.10752863272663543,0.8110170364379883,0.6821098923683167,0.8969337344169617,0.7258312106132507,0.971912145614624,0.11983813923976186,0.7732253074645996,0.630291223526001,0.8328282237052917,0.732976496219635,0.8963531851768494,0.8101593255996704,0.6808972954750061,0.896899402141571,0.7514241337776184,0.9571214914321899
171,0.10611201833931488,0.8110398054122925,0.6821420788764954,0.8969401121139526,0.7258782982826233,0.9719030261039734,0.10499257027666914,0.7731177806854248,0.6301482915878296,0.8327563405036926,0.732841968536377,0.896321177482605,0.8101593255996704,0.6808972954750061,0.896899402141571,0.7514241337776184,0.9571214914321899
172,0.10488540286699251,0.8111341595649719,0.6822755336761475,0.8969812393188477,0.72603839635849,0.9718916416168213,0.09631973435931215,0.7731082439422607,0.6301355957984924,0.8327456116676331,0.7328493595123291,0.8962988257408142,0.8101593255996704,0.6808972954750061,0.896899402141571,0.7514241337776184,0.9571214914321899
173,0.10447977559857302,0.8112782835960388,0.6824796199798584,0.8970462679862976,0.7262660264968872,0.9718850255012512,0.10040376035363952,0.7731484770774841,0.6301891803741455,0.8327562808990479,0.732970654964447,0.8962392807006836,0.8101593255996704,0.6808972954750061,0.896899402141571,0.7514241337776184,0.9571214914321899
174,0.10383765062772674,0.8114520907402039,0.6827255487442017,0.8971254825592041,0.7265331149101257,0.971881628036499,0.09492226970063182,0.7732346057891846,0.6303036212921143,0.8327711224555969,0.7332658171653748,0.8960756659507751,0.8101593255996704,0.6808972954750061,0.896899402141571,0.7514241337776184,0.9571214914321899
175,0.10459053811333231,0.8116476535797119,0.6830025315284729,0.8972078561782837,0.7268785834312439,0.9718489646911621,0.1065673393259097,0.7733061909675598,0.630398690700531,0.8328471779823303,0.7332316637039185,0.8962218165397644,0.8101593255996704,0.6808972954750061,0.896899402141571,0.7514241337776184,0.9571214914321899
176,0.10449388399072362,0.8116456270217896,0.6829997301101685,0.8972144722938538,0.7268149852752686,0.971887469291687,0.08712217329386443,0.7734096050262451,0.6305361390113831,0.8329428434371948,0.7332442402839661,0.8963704705238342,0.8101593255996704,0.6808972954750061,0.896899402141571,0.7514241337776184,0.9571214914321899
177,0.10481851457542526,0.8117319345474243,0.6831219792366028,0.897262692451477,0.7269046306610107,0.971914529800415,0.10390846576446239,0.7735127210617065,0.6306732296943665,0.8329575657844543,0.733611524105072,0.8961607813835144,0.8101593255996704,0.6808972954750061,0.896899402141571,0.7514241337776184,0.9571214914321899
178,0.1043948465303107,0.8119518160820007,0.6834333539009094,0.8973535299301147,0.7273253202438354,0.9718582630157471,0.10071864809202061,0.7735664248466492,0.6307446360588074,0.8329287767410278,0.7339627742767334,0.8958902955055237,0.8101593255996704,0.6808972954750061,0.896899402141571,0.7514241337776184,0.9571214914321899
179,0.10399973774100409,0.8121504783630371,0.6837149858474731,0.8974443078041077,0.7276410460472107,0.9718486666679382,0.10239584779894903,0.7736296653747559,0.6308287978172302,0.8329689502716064,0.7340515851974487,0.8958994746208191,0.8101593255996704,0.6808972954750061,0.896899402141571,0.7514241337776184,0.9571214914321899
180,0.10312089164134376,0.8123401999473572,0.6839838027954102,0.8975359201431274,0.727904736995697,0.9718635678291321,0.0953684749640359,0.773715078830719,0.6309423446655273,0.8330150842666626,0.73420649766922,0.8958764672279358,0.8101593255996704,0.6808972954750061,0.896899402141571,0.7514241337776184,0.9571214914321899
181,0.10410015849083641,0.8125590682029724,0.6842942833900452,0.8976367712020874,0.7282245755195618,0.9718697667121887,0.11751141278550341,0.7738187313079834,0.6310802102088928,0.833063542842865,0.7344279885292053,0.895814836025238,0.8101593255996704,0.6808972954750061,0.896899402141571,0.7514241337776184,0.9571214914321899
182,0.10387588470634163,0.812759518623352,0.6845787167549133,0.8977293372154236,0.7285262942314148,0.9718704223632812,0.10733977625847708,0.7739251255989075,0.6312218308448792,0.8331341743469238,0.7345642447471619,0.8958435654640198,0.8101593255996704,0.6808972954750061,0.896899402141571,0.7514241337776184,0.9571214914321899
183,0.10431291411242266,0.8129159808158875,0.6848007440567017,0.8978070020675659,0.7287245392799377,0.9718949198722839,0.1114917026353636,0.7740026712417603,0.6313248872756958,0.8331658244132996,0.7347500920295715,0.8957772850990295,0.8101593255996704,0.6808972954750061,0.896899402141571,0.7514241337776184,0.9571214914321899
184,0.10372986544220733,0.8131639957427979,0.6851527094841003,0.8979182243347168,0.729123592376709,0.9718794822692871,0.10868222180522623,0.7741175889968872,0.6314777731895447,0.8332172632217407,0.7350065112113953,0.8956982493400574,0.8101593255996704,0.6808972954750061,0.896899402141571,0.7514241337776184,0.9571214914321899
185,0.10421841893786704,0.8133383393287659,0.6854003667831421,0.8980067372322083,0.7293310761451721,0.9719154238700867,0.1191269437166403,0.7742303609848022,0.6316280364990234,0.8332892060279846,0.7351637482643127,0.8957159519195557,0.8101593255996704,0.6808972954750061,0.896899402141571,0.7514241337776184,0.9571214914321899
186,0.10256491706570395,0.8135335445404053,0.6856776475906372,0.8981029987335205,0.7295926213264465,0.9719375371932983,0.09239708837400856,0.7743529081344604,0.6317911148071289,0.8333341479301453,0.7354808449745178,0.8955878019332886,0.8101593255996704,0.6808972954750061,0.896899402141571,0.7514241337776184,0.9571214914321899
187,0.1037609954125125,0.8137627243995667,0.6860033273696899,0.8982062339782715,0.7299621105194092,0.9719232320785522,0.10908123549528731,0.7744260430335999,0.6318884491920471,0.8334047198295593,0.7354770302772522,0.8957056403160095,0.8101593255996704,0.6808972954750061,0.896899402141571,0.7514241337776184,0.9571214914321899
188,0.10421193728499413,0.8138291239738464,0.6860978007316589,0.8982500433921814,0.7299855947494507,0.9719733595848083,0.10122790682497278,0.7745082974433899,0.6319980025291443,0.8334582448005676,0.7355872392654419,0.8957231044769287,0.8101593255996704,0.6808972954750061,0.896899402141571,0.7514241337776184,0.9571214914321899
189,0.10362462552947643,0.8140587210655212,0.686424195766449,0.8983542919158936,0.7303338646888733,0.9719722270965576,0.1138465388067969,0.7746403813362122,0.6321738958358765,0.833513081073761,0.7359015941619873,0.8956127762794495,0.8101593255996704,0.6808972954750061,0.896899402141571,0.7514241337776184,0.9571214914321899
190,0.1037094263994216,0.8143101334571838,0.6867817640304565,0.8984662890434265,0.7307305932044983,0.9719611406326294,0.11661638542027958,0.7747716903686523,0.6323488354682922,0.8335834741592407,0.7361440658569336,0.895573616027832,0.8101593255996704,0.6808972954750061,0.896899402141571,0.7514241337776184,0.9571214914321899
191,0.10254093871986716,0.8145196437835693,0.6870798468589783,0.8985680341720581,0.7310234308242798,0.9719774127006531,0.09456995677277004,0.7749060988426208,0.6325278878211975,0.8336595892906189,0.7363740801811218,0.8955520987510681,0.8101593255996704,0.6808972954750061,0.896899402141571,0.7514241337776184,0.9571214914321899
192,0.10389695386523672,0.8147252798080444,0.687372624874115,0.8986583948135376,0.7313787341117859,0.9719500541687012,0.10378926593484246,0.7749772667884827,0.6326227784156799,0.833721935749054,0.7363986372947693,0.8956384658813477,0.8101593255996704,0.6808972954750061,0.896899402141571,0.7514241337776184,0.9571214914321899
193,0.10351074788836671,0.8148154616355896,0.6875010132789612,0.8987080454826355,0.7314468622207642,0.971993088722229,0.09778324387220436,0.7750741243362427,0.6327518820762634,0.8337802886962891,0.7365493178367615,0.895638108253479,0.8101593255996704,0.6808972954750061,0.896899402141571,0.7514241337776184,0.9571214914321899
194,0.10356353368824184,0.8150421977043152,0.6878237724304199,0.8988109230995178,0.7318063378334045,0.9719830751419067,0.10843317947724967,0.7752019762992859,0.6329222917556763,0.8338300585746765,0.7368691563606262,0.8955159783363342,0.8101593255996704,0.6808972954750061,0.896899402141571,0.7514241337776184,0.9571214914321899
195,0.10368452457555755,0.8152955174446106,0.6881847381591797,0.8989223837852478,0.7322444319725037,0.9719494581222534,0.1099696839226996,0.7753041386604309,0.633058488368988,0.8339131474494934,0.7369328737258911,0.8956112861633301,0.8101593255996704,0.6808972954750061,0.896899402141571,0.7514241337776184,0.9571214914321899
196,0.10445094268213018,0.8153454661369324,0.6882558465003967,0.8989569544792175,0.732230544090271,0.9720061421394348,0.10963798780211158,0.7753748297691345,0.6331528425216675,0.8339699506759644,0.7369799613952637,0.8956742286682129,0.8101593255996704,0.6808972954750061,0.896899402141571,0.7514241337776184,0.9571214914321899
197,0.10416689425052922,0.8154932856559753,0.6884666085243225,0.8990259766578674,0.7324510216712952,0.9720085859298706,0.10677360549141304,0.7755201458930969,0.6333466172218323,0.8340451717376709,0.7372608184814453,0.8956186771392822,0.8101593255996704,0.6808972954750061,0.896899402141571,0.7514241337776184,0.9571214914321899
198,0.1027980542537791,0.8156386613845825,0.6886738538742065,0.8990962505340576,0.7326383590698242,0.9720290899276733,0.09226066915830934,0.7756282687187195,0.6334908604621887,0.8341368436813354,0.7373114228248596,0.8957365155220032,0.8101593255996704,0.6808972954750061,0.896899402141571,0.7514241337776184,0.9571214914321899
199,0.1038756490643539,0.8157957196235657,0.6888978481292725,0.8991717100143433,0.7328542470932007,0.9720432758331299,0.10998314938110465,0.775752067565918,0.6336560249328613,0.8341820240020752,0.7376351356506348,0.8956044912338257,0.8101593255996704,0.6808972954750061,0.896899402141571,0.7514241337776184,0.9571214914321899
