,train_loss,train_dice,train_iou,train_acc,train_sens,train_spec,val_loss,val_dice,val_iou,val_acc,val_sens,val_spec,test_dice,test_iou,test_acc,test_sens,test_spec
0,0.7313457686486824,1.668305048951879e-05,8.341595275851432e-06,0.6951290369033813,8.346256436198018e-06,0.9997551441192627,0.6841517182969304,0.0,0.0,0.6111747622489929,0.0,1.0,0.7973854541778564,0.6630432605743408,0.8925113677978516,0.7224422693252563,0.9629145264625549
1,0.6707467998903629,0.07818207144737244,0.04068130999803543,0.7072650790214539,0.040721483528614044,0.999566912651062,0.6658785438121297,0.34924349188804626,0.21156571805477142,0.6856309771537781,0.21695271134376526,0.9838008880615234,0.7973854541778564,0.6630432605743408,0.8925113677978516,0.7224422693252563,0.9629145264625549
2,0.6565934519546884,0.32566726207733154,0.1945056915283203,0.751996636390686,0.196692556142807,0.9950783252716064,0.6591501280643743,0.498797744512558,0.3322655260562897,0.7238455414772034,0.3534102141857147,0.9595139622688293,0.7973854541778564,0.6630432605743408,0.8925113677978516,0.7224422693252563,0.9629145264625549
3,0.6462150046218436,0.46734410524368286,0.304924339056015,0.7815257906913757,0.3149210512638092,0.9856574535369873,0.6218000138638766,0.5732786059379578,0.40181535482406616,0.745893120765686,0.43898865580558777,0.9411435723304749,0.7973854541778564,0.6630432605743408,0.8925113677978516,0.7224422693252563,0.9629145264625549
4,0.6355437951494525,0.5345114469528198,0.36473262310028076,0.7987041473388672,0.37965521216392517,0.9820946455001831,0.6149311141902303,0.6116738319396973,0.44058364629745483,0.7581247687339783,0.48992565274238586,0.9287512302398682,0.7973854541778564,0.6630432605743408,0.8925113677978516,0.7224422693252563,0.9629145264625549
5,0.6314114969439639,0.5790696144104004,0.40752848982810974,0.8114449977874756,0.42602455615997314,0.9801355004310608,0.6547646172334631,0.6374577879905701,0.4678444564342499,0.7672244310379028,0.5263150930404663,0.9204893112182617,0.7973854541778564,0.6630432605743408,0.8925113677978516,0.7224422693252563,0.9629145264625549
6,0.6317575836198995,0.6136714220046997,0.4426594078540802,0.8212642073631287,0.46624356508255005,0.9766769409179688,0.660748653297152,0.6559085249900818,0.4879939556121826,0.7732990980148315,0.5556972026824951,0.9117358922958374,0.7973854541778564,0.6630432605743408,0.8925113677978516,0.7224422693252563,0.9629145264625549
7,0.6302852736977816,0.6344810724258423,0.4646446406841278,0.8277860283851624,0.4907017648220062,0.9754358530044556,0.6297456827401007,0.6656932830810547,0.498905748128891,0.7779958844184875,0.5684675574302673,0.9112963676452637,0.7973854541778564,0.6630432605743408,0.8925113677978516,0.7224422693252563,0.9629145264625549
8,0.6326156259735096,0.6496394872665405,0.48108598589897156,0.8329022526741028,0.5087270140647888,0.9748430252075195,0.6680503016217261,0.6759483218193054,0.5105150938034058,0.7811470627784729,0.5870392918586731,0.9046371579170227,0.7973854541778564,0.6630432605743408,0.8925113677978516,0.7224422693252563,0.9629145264625549
9,0.6301492422184107,0.6637277007102966,0.49670088291168213,0.8375626802444458,0.5265571475028992,0.9736902117729187,0.6439675163293174,0.6817269921302795,0.5171364545822144,0.7839046716690063,0.5952120423316956,0.9039496183395386,0.7973854541778564,0.6630432605743408,0.8925113677978516,0.7224422693252563,0.9629145264625549
10,0.6284918377566187,0.6737595200538635,0.508022129535675,0.8410063982009888,0.5390208959579468,0.9732742309570312,0.6215776272152468,0.6881095170974731,0.5245174765586853,0.7866029143333435,0.6054238677024841,0.9018677473068237,0.7973854541778564,0.6630432605743408,0.8925113677978516,0.7224422693252563,0.9629145264625549
11,0.6260602035355233,0.6837857365608215,0.5195094347000122,0.8445078730583191,0.5520778894424438,0.9725504517555237,0.6016442523406346,0.6941262483596802,0.5315415859222412,0.7883369326591492,0.617670476436615,0.8969138264656067,0.7973854541778564,0.6630432605743408,0.8925113677978516,0.7224422693252563,0.9629145264625549
12,0.6282877446738995,0.6933785080909729,0.5306651592254639,0.8477981090545654,0.56514972448349,0.9715484380722046,0.6527007076731948,0.698519766330719,0.5367118120193481,0.7902986407279968,0.6247938275337219,0.895591676235199,0.7973854541778564,0.6630432605743408,0.8925113677978516,0.7224422693252563,0.9629145264625549
13,0.6252901386354479,0.6995576024055481,0.5379382371902466,0.8500741124153137,0.5732335448265076,0.9712750315666199,0.5820903411692102,0.7022848129272461,0.5411702394485474,0.7919158935546875,0.631199836730957,0.8941622972488403,0.7973854541778564,0.6630432605743408,0.8925113677978516,0.7224422693252563,0.9629145264625549
14,0.6257796223444164,0.7065879702568054,0.5462976694107056,0.852588951587677,0.5830174088478088,0.9705799221992493,0.6162564217235189,0.7061155438423157,0.5457330942153931,0.7930431365966797,0.6394321918487549,0.8907694220542908,0.7973854541778564,0.6630432605743408,0.8925113677978516,0.7224422693252563,0.9629145264625549
15,0.6256804565825896,0.7129786014556885,0.5539757013320923,0.8548392057418823,0.592332661151886,0.9697031378746033,0.6073517293494228,0.7084901928901672,0.5485751628875732,0.7943511009216309,0.6427212953567505,0.8908169269561768,0.7973854541778564,0.6630432605743408,0.8925113677978516,0.7224422693252563,0.9629145264625549
16,0.6250859677142245,0.718083918094635,0.5601644515991211,0.856818675994873,0.5991490483283997,0.9695516228675842,0.62433257784467,0.7114647030830383,0.5521500110626221,0.7949978709220886,0.650022566318512,0.8872301578521729,0.7973854541778564,0.6630432605743408,0.8925113677978516,0.7224422693252563,0.9629145264625549
17,0.6236070233244436,0.7233812212944031,0.5666383504867554,0.858798623085022,0.6066002249717712,0.9691433310508728,0.6156119941002458,0.7131238579750061,0.5541510581970215,0.7955107092857361,0.6536672115325928,0.8857504725456238,0.7973854541778564,0.6630432605743408,0.8925113677978516,0.7224422693252563,0.9629145264625549
18,0.6301933249852589,0.726340115070343,0.5702778697013855,0.8597951531410217,0.6111823916435242,0.96860671043396,0.6368927444824306,0.7139403820037842,0.5551378726959229,0.7964780330657959,0.6531791090965271,0.8876438140869141,0.7973854541778564,0.6630432605743408,0.8925113677978516,0.7224422693252563,0.9629145264625549
19,0.6310584357055615,0.7271889448165894,0.5713250637054443,0.8602676391601562,0.6117509007453918,0.969032347202301,0.6349596223864851,0.7153042554855347,0.5567888021469116,0.7971643209457397,0.6553446650505066,0.8873889446258545,0.7973854541778564,0.6630432605743408,0.8925113677978516,0.7224422693252563,0.9629145264625549
20,0.6293328332201196,0.7292828559875488,0.5739143490791321,0.8611462712287903,0.6144384145736694,0.969102144241333,0.6420447386036945,0.7171537280082703,0.559033215045929,0.7981321811676025,0.6581796407699585,0.8871689438819885,0.7973854541778564,0.6630432605743408,0.8925113677978516,0.7224422693252563,0.9629145264625549
21,0.6297222291465185,0.7315107583999634,0.5766786932945251,0.8620036840438843,0.6175544857978821,0.968980610370636,0.6522053392438392,0.7188518643379211,0.5610997080802917,0.7990530729293823,0.6606951951980591,0.8870753645896912,0.7973854541778564,0.6630432605743408,0.8925113677978516,0.7224422693252563,0.9629145264625549
22,0.6269546579392793,0.7338231205940247,0.5795581340789795,0.862921953201294,0.6207708120346069,0.968883216381073,0.6216450377689955,0.7203820943832397,0.5629665851593018,0.7997632026672363,0.6633723974227905,0.8865341544151306,0.7973854541778564,0.6630432605743408,0.8925113677978516,0.7224422693252563,0.9629145264625549
23,0.6259251356463897,0.7358066439628601,0.5820364356040955,0.8637779355049133,0.6231831908226013,0.9690636396408081,0.6266209278412658,0.7217994332313538,0.5646997094154358,0.8005543351173401,0.6654243469238281,0.8865231275558472,0.7973854541778564,0.6630432605743408,0.8925113677978516,0.7224422693252563,0.9629145264625549
24,0.6305953865085873,0.7380050420761108,0.5847923755645752,0.8645603060722351,0.6266404390335083,0.9686825275421143,0.6684666786603275,0.7234042286872864,0.5666666626930237,0.8011822700500488,0.6686614155769348,0.8854910731315613,0.7973854541778564,0.6630432605743408,0.8925113677978516,0.7224422693252563,0.9629145264625549
25,0.6249688598333218,0.7400141954421997,0.5873194336891174,0.8653764128684998,0.6292638778686523,0.9687367081642151,0.6247058610702271,0.7244086861610413,0.5679003596305847,0.8018625378608704,0.6697310209274292,0.8859237432479858,0.7973854541778564,0.6630432605743408,0.8925113677978516,0.7224422693252563,0.9629145264625549
26,0.6281944810418243,0.7413030862808228,0.5889448523521423,0.865960419178009,0.630751371383667,0.9689253568649292,0.6506673700709302,0.725529670715332,0.5692793130874634,0.8025004863739014,0.6713383197784424,0.8859449625015259,0.7973854541778564,0.6630432605743408,0.8925113677978516,0.7224422693252563,0.9629145264625549
27,0.6241005428039692,0.7430997490882874,0.5912162065505981,0.8666905760765076,0.6332579851150513,0.9688723683357239,0.597628720039727,0.726692259311676,0.5707122087478638,0.8031466007232666,0.6730652451515198,0.8859034180641174,0.7973854541778564,0.6630432605743408,0.8925113677978516,0.7224422693252563,0.9629145264625549
28,0.6266853944891085,0.7451366782188416,0.5937990546226501,0.867492139339447,0.6362783908843994,0.9686892628669739,0.6472698252162568,0.7279898524284363,0.5723145604133606,0.8037457466125488,0.6754214763641357,0.885384738445282,0.7973854541778564,0.6630432605743408,0.8925113677978516,0.7224422693252563,0.9629145264625549
29,0.6231285890559097,0.7465344071388245,0.595576286315918,0.8680869936943054,0.6380415558815002,0.968788206577301,0.594022256301618,0.7288884520530701,0.5734260082244873,0.8043689131736755,0.6763423681259155,0.8858184814453125,0.7973854541778564,0.6630432605743408,0.8925113677978516,0.7224422693252563,0.9629145264625549
30,0.6269806259421321,0.7481468915939331,0.597631573677063,0.8687314987182617,0.6403456926345825,0.9687116742134094,0.6553117900634049,0.7301077246665955,0.5749367475509644,0.8047502040863037,0.6792078018188477,0.8846194744110107,0.7973854541778564,0.6630432605743408,0.8925113677978516,0.7224422693252563,0.9629145264625549
31,0.6245293681089419,0.7498632073402405,0.5998249053955078,0.8693910241127014,0.6428689956665039,0.9685779809951782,0.6285065202968902,0.7311298847198486,0.5762054324150085,0.8052666783332825,0.6809384226799011,0.8843634724617004,0.7973854541778564,0.6630432605743408,0.8925113677978516,0.7224422693252563,0.9629145264625549
32,0.624195049188804,0.7515672445297241,0.602008581161499,0.8700741529464722,0.6453555226325989,0.9684715867042542,0.6277325653925412,0.732164740562439,0.5774920582771301,0.8057924509048462,0.6826890110969543,0.8841099739074707,0.7973854541778564,0.6630432605743408,0.8925113677978516,0.7224422693252563,0.9629145264625549
33,0.6246113470535504,0.7528953552246094,0.6037147641181946,0.8706417083740234,0.6471214294433594,0.9685167074203491,0.6326730830660157,0.7331984043121338,0.5787791609764099,0.8062745928764343,0.6845972537994385,0.8836848735809326,0.7973854541778564,0.6630432605743408,0.8925113677978516,0.7224422693252563,0.9629145264625549
34,0.6236146563043906,0.7543658018112183,0.6056078672409058,0.8712719082832336,0.6491160988807678,0.968543529510498,0.6312416231464444,0.7342729568481445,0.5801195502281189,0.806713879108429,0.6868123412132263,0.8829944729804993,0.7973854541778564,0.6630432605743408,0.8925113677978516,0.7224422693252563,0.9629145264625549
35,0.6214640443199603,0.756533145904541,0.6084063053131104,0.8720722198486328,0.6526819467544556,0.968135416507721,0.6029067511405382,0.7352317571640015,0.5813173055648804,0.8071816563606262,0.6885291337966919,0.8826674818992615,0.7973854541778564,0.6630432605743408,0.8925113677978516,0.7224422693252563,0.9629145264625549
36,0.6267432285177024,0.7573086023330688,0.6094099879264832,0.872458815574646,0.6534568667411804,0.9683520197868347,0.6634935194367355,0.7359620928764343,0.5822311043739319,0.8076121807098389,0.6895763874053955,0.8827057480812073,0.7973854541778564,0.6630432605743408,0.8925113677978516,0.7224422693252563,0.9629145264625549
37,0.620948185271922,0.7592349648475647,0.6119087934494019,0.8731866478919983,0.6565902233123779,0.9680270552635193,0.5995528202555505,0.7367756962776184,0.5832500457763672,0.8079699277877808,0.6911846995353699,0.8822678923606873,0.7973854541778564,0.6630432605743408,0.8925113677978516,0.7224422693252563,0.9629145264625549
38,0.6239446686968408,0.7601343393325806,0.6130779385566711,0.8736240267753601,0.6575859189033508,0.9682139158248901,0.6364487681446844,0.7373713254928589,0.5839969515800476,0.808463990688324,0.6915282011032104,0.8828577995300293,0.7973854541778564,0.6630432605743408,0.8925113677978516,0.7224422693252563,0.9629145264625549
39,0.6230249878025996,0.7609546184539795,0.6141459345817566,0.8740264773368835,0.6584187746047974,0.9684345722198486,0.6280401156403554,0.7381083369255066,0.5849220752716064,0.8089585900306702,0.6923753023147583,0.8831279873847961,0.7973854541778564,0.6630432605743408,0.8925113677978516,0.7224422693252563,0.9629145264625549
40,0.6193459538424847,0.7621644735336304,0.6157234907150269,0.8745212554931641,0.6601988077163696,0.968370258808136,0.5685801617918349,0.7390315532684326,0.5860824584960938,0.8093205094337463,0.6943756937980652,0.8824476003646851,0.7973854541778564,0.6630432605743408,0.8925113677978516,0.7224422693252563,0.9629145264625549
41,0.622753621968148,0.7631640434265137,0.6170293688774109,0.8749092221260071,0.661839485168457,0.9682021737098694,0.5859518936415891,0.7395566701889038,0.5867433547973633,0.8097954392433167,0.694536030292511,0.8831226229667664,0.7973854541778564,0.6630432605743408,0.8925113677978516,0.7224422693252563,0.9629145264625549
42,0.6211623032510425,0.7642198204994202,0.6184107065200806,0.8753987550735474,0.6631468534469604,0.9683275818824768,0.6192549021666025,0.7402932047843933,0.5876710414886475,0.8099870681762695,0.6964969635009766,0.8821886777877808,0.7973854541778564,0.6630432605743408,0.8925113677978516,0.7224422693252563,0.9629145264625549
43,0.6224722415131013,0.7658808827400208,0.6205890774726868,0.8760412931442261,0.6658775210380554,0.9680508971214294,0.6421812826649538,0.7409500479698181,0.5884993672370911,0.8103684782981873,0.6974795460700989,0.8821877241134644,0.7973854541778564,0.6630432605743408,0.8925113677978516,0.7224422693252563,0.9629145264625549
44,0.6208116677764051,0.7669330835342407,0.6219720244407654,0.876517117023468,0.6671923995018005,0.9681671261787415,0.6295512556631632,0.7416564226150513,0.5893909931182861,0.8108643889427185,0.6982226967811584,0.8825262784957886,0.7973854541778564,0.6630432605743408,0.8925113677978516,0.7224422693252563,0.9629145264625549
45,0.6215784943107097,0.7680984735488892,0.6235063076019287,0.8770229816436768,0.6688199639320374,0.9681804776191711,0.6365139117736138,0.7424150109291077,0.5903497934341431,0.811192512512207,0.6997791528701782,0.8820729851722717,0.7973854541778564,0.6630432605743408,0.8925113677978516,0.7224422693252563,0.9629145264625549
46,0.6191941618380871,0.76900714635849,0.6247047781944275,0.8774643540382385,0.6698525547981262,0.968359112739563,0.6057636869286918,0.7430626749992371,0.5911691784858704,0.8117159008979797,0.7002086043357849,0.8826560378074646,0.7973854541778564,0.6630432605743408,0.8925113677978516,0.7224422693252563,0.9629145264625549
47,0.6172394810697468,0.7699611186981201,0.6259648203849792,0.8779363036155701,0.6708953976631165,0.9685763716697693,0.5925395782609839,0.7439677715301514,0.5923157334327698,0.8120494484901428,0.7022935152053833,0.8818753361701965,0.7973854541778564,0.6630432605743408,0.8925113677978516,0.7224422693252563,0.9629145264625549
48,0.6249688931229003,0.7710091471672058,0.6273514032363892,0.8782755732536316,0.6729708909988403,0.9681625962257385,0.6183636820256881,0.7446514964103699,0.5931830406188965,0.8125439882278442,0.7029663920402527,0.8822565674781799,0.7973854541778564,0.6630432605743408,0.8925113677978516,0.7224422693252563,0.9629145264625549
49,0.6204555344523822,0.7718273997306824,0.6284356713294983,0.8786729574203491,0.6738957166671753,0.9683287739753723,0.6301162195494344,0.7453125715255737,0.5940225720405579,0.8128975629806519,0.7040866017341614,0.882122278213501,0.7973854541778564,0.6630432605743408,0.8925113677978516,0.7224422693252563,0.9629145264625549
50,0.6198150494130726,0.7729997634887695,0.6299915909767151,0.8791506290435791,0.675704300403595,0.9682294130325317,0.6188266614204432,0.7459172010421753,0.594791054725647,0.8132625222206116,0.7049566507339478,0.8821659684181213,0.7973854541778564,0.6630432605743408,0.8925113677978516,0.7224422693252563,0.9629145264625549
51,0.6219578453935038,0.7734382152557373,0.630574107170105,0.8793877363204956,0.6760251522064209,0.9684376120567322,0.6288174932999104,0.7465366125106812,0.5955791473388672,0.8137674331665039,0.7053539752960205,0.8827393054962158,0.7973854541778564,0.6630432605743408,0.8925113677978516,0.7224422693252563,0.9629145264625549
52,0.6267657705054426,0.7743943333625793,0.6318462491035461,0.8797495365142822,0.6777142882347107,0.9682137370109558,0.6807372340711176,0.7471885681152344,0.5964094996452332,0.8139706254005432,0.7070185542106628,0.8820127248764038,0.7973854541778564,0.6630432605743408,0.8925113677978516,0.7224422693252563,0.9629145264625549
53,0.6197787513204015,0.774925708770752,0.6325540542602539,0.8800179958343506,0.678257167339325,0.9683631658554077,0.5980942579403127,0.7473312616348267,0.5965913534164429,0.8143323659896851,0.7061769962310791,0.8831400275230408,0.7973854541778564,0.6630432605743408,0.8925113677978516,0.7224422693252563,0.9629145264625549
54,0.6187002548613745,0.775416910648346,0.6332089304924011,0.8802874684333801,0.6786668300628662,0.9685669541358948,0.5880423598923361,0.7477787733078003,0.5971618890762329,0.8143957257270813,0.7076116800308228,0.8823310732841492,0.7973854541778564,0.6630432605743408,0.8925113677978516,0.7224422693252563,0.9629145264625549
55,0.6196880142160939,0.7765443325042725,0.6347139477729797,0.8807215094566345,0.6806250810623169,0.9683301448822021,0.6002414225559307,0.7482517957687378,0.5977653861045837,0.814727246761322,0.7081224322319031,0.8825485706329346,0.7973854541778564,0.6630432605743408,0.8925113677978516,0.7224422693252563,0.9629145264625549
56,0.6195556988140913,0.7772586941719055,0.6356689929962158,0.8810787200927734,0.6814057230949402,0.9684988260269165,0.6325313247345776,0.7487980723381042,0.5984630584716797,0.8151750564575195,0.7084645628929138,0.8830634951591492,0.7973854541778564,0.6630432605743408,0.8925113677978516,0.7224422693252563,0.9629145264625549
57,0.6190258052338508,0.7780395746231079,0.6367142200469971,0.8814321756362915,0.6824579238891602,0.9685459136962891,0.6130018064667269,0.7493746876716614,0.5992000102996826,0.815528392791748,0.709282398223877,0.8831213712692261,0.7973854541778564,0.6630432605743408,0.8925113677978516,0.7224422693252563,0.9629145264625549
58,0.6189965880157858,0.778854250907898,0.6378061175346375,0.8818107843399048,0.683452844619751,0.9686632752418518,0.6413759877341425,0.7499198317527771,0.5998973846435547,0.8158802390098572,0.7099888920783997,0.8832475543022156,0.7973854541778564,0.6630432605743408,0.8925113677978516,0.7224422693252563,0.9629145264625549
59,0.6201343324677273,0.7795005440711975,0.6386734247207642,0.8821055889129639,0.6842869520187378,0.9687268137931824,0.6276615958425036,0.7504861354827881,0.6006225347518921,0.8162398934364319,0.710746705532074,0.8833538889884949,0.7973854541778564,0.6630432605743408,0.8925113677978516,0.7224422693252563,0.9629145264625549
60,0.6192282702934244,0.7803904414176941,0.6398690938949585,0.8825078010559082,0.6855279803276062,0.9687561988830566,0.6381269182007928,0.7510972619056702,0.601405680179596,0.8166210055351257,0.7115927934646606,0.8834392428398132,0.7973854541778564,0.6630432605743408,0.8925113677978516,0.7224422693252563,0.9629145264625549
61,0.6202677064340691,0.7811034917831421,0.6408283710479736,0.882826566696167,0.6864942312240601,0.9687963724136353,0.6410089518063624,0.7517056465148926,0.6021862030029297,0.8169847130775452,0.7124983668327332,0.8834582567214966,0.7973854541778564,0.6630432605743408,0.8925113677978516,0.7224422693252563,0.9629145264625549
62,0.6163184381984825,0.78178870677948,0.6417513489723206,0.8831550478935242,0.687348484992981,0.9688898921012878,0.5855426919921274,0.7520992755889893,0.6026915907859802,0.81732577085495,0.7126729488372803,0.8839051723480225,0.7973854541778564,0.6630432605743408,0.8925113677978516,0.7224422693252563,0.9629145264625549
63,0.6179553565732496,0.7824889421463013,0.6426954865455627,0.8834947943687439,0.688226580619812,0.9689841270446777,0.6118515887580598,0.7524404525756836,0.6031299233436584,0.8176161646842957,0.7128439545631409,0.884271502494812,0.7973854541778564,0.6630432605743408,0.8925113677978516,0.7224422693252563,0.9629145264625549
64,0.620850748953216,0.7825658321380615,0.6427992582321167,0.8835511207580566,0.6881875991821289,0.9690852761268616,0.5746394015565506,0.7521451711654663,0.6027504801750183,0.8174734115600586,0.7122719287872314,0.8844019770622253,0.7973854541778564,0.6630432605743408,0.8925113677978516,0.7224422693252563,0.9629145264625549
65,0.6241137557988317,0.7829345464706421,0.643297016620636,0.8836861252784729,0.6888525485992432,0.9689934849739075,0.6286053003550964,0.7521988153457642,0.6028194427490234,0.8175733089447021,0.7120872735977173,0.884682834148407,0.7973854541778564,0.6630432605743408,0.8925113677978516,0.7224422693252563,0.9629145264625549
66,0.6183018357579287,0.7832872867584229,0.6437734961509705,0.8838565945625305,0.689259946346283,0.9690626263618469,0.5747517743325572,0.7524327039718628,0.6031198501586914,0.817697286605835,0.712496817111969,0.8846251368522644,0.7973854541778564,0.6630432605743408,0.8925113677978516,0.7224422693252563,0.9629145264625549
67,0.6220919841846982,0.7838906645774841,0.6445890069007874,0.8841158151626587,0.6901727914810181,0.9690356254577637,0.6515586455598017,0.7526531219482422,0.6034032702445984,0.817674994468689,0.7134284973144531,0.883995771408081,0.7973854541778564,0.6630432605743408,0.8925113677978516,0.7224422693252563,0.9629145264625549
68,0.6184759029734457,0.7843993306159973,0.6452771425247192,0.8843566179275513,0.6908181309700012,0.9690980911254883,0.604947433594038,0.7529221177101135,0.6037489771842957,0.8178687691688538,0.7137004733085632,0.8841400146484375,0.7973854541778564,0.6630432605743408,0.8925113677978516,0.7224422693252563,0.9629145264625549
69,0.6210348440665611,0.7850128412246704,0.6461079120635986,0.8846198916435242,0.6917647123336792,0.9690601229667664,0.6390514884694303,0.7531875967979431,0.6040905117988586,0.8180181980133057,0.7141339182853699,0.8841086626052856,0.7973854541778564,0.6630432605743408,0.8925113677978516,0.7224422693252563,0.9629145264625549
70,0.6208124439974785,0.7854515314102173,0.6467025279998779,0.884846031665802,0.6922388076782227,0.9691721796989441,0.6465026381407327,0.7534592151641846,0.6044400930404663,0.8182294964790344,0.7143482565879822,0.8843179941177368,0.7973854541778564,0.6630432605743408,0.8925113677978516,0.7224422693252563,0.9629145264625549
71,0.6189309905873583,0.7861151695251465,0.6476027369499207,0.8851293921470642,0.6932722926139832,0.9691255688667297,0.6183779569674317,0.7538661956787109,0.604964017868042,0.8184558153152466,0.7150241732597351,0.8842583894729614,0.7973854541778564,0.6630432605743408,0.8925113677978516,0.7224422693252563,0.9629145264625549
72,0.6175644212022151,0.786572277545929,0.6482234001159668,0.8853663206100464,0.6937305927276611,0.9692649245262146,0.615273835986361,0.7542744874954224,0.6054901480674744,0.8187419772148132,0.7154709696769714,0.8844422698020935,0.7973854541778564,0.6630432605743408,0.8925113677978516,0.7224422693252563,0.9629145264625549
73,0.615762620474006,0.7871919870376587,0.6490655541419983,0.8856393098831177,0.6946444511413574,0.9692567586898804,0.5785217034764001,0.7546516060829163,0.6059763431549072,0.81883305311203,0.716568648815155,0.8838930130004883,0.7973854541778564,0.6630432605743408,0.8925113677978516,0.7224422693252563,0.9629145264625549
74,0.6202427324101533,0.7878866791725159,0.6500107645988464,0.8859248757362366,0.6958264708518982,0.9691440463066101,0.6307930278768208,0.754892110824585,0.6062865853309631,0.8191174268722534,0.7163744568824768,0.8844817280769348,0.7973854541778564,0.6630432605743408,0.8925113677978516,0.7224422693252563,0.9629145264625549
75,0.6202872087654955,0.7878716588020325,0.6499902009963989,0.8859705328941345,0.695486307144165,0.9693583846092224,0.6003972832728905,0.7551769614219666,0.6066540479660034,0.8193737864494324,0.7164614200592041,0.8848459720611572,0.7973854541778564,0.6630432605743408,0.8925113677978516,0.7224422693252563,0.9629145264625549
76,0.6200107125804394,0.7884916663169861,0.6508346796035767,0.8862217664718628,0.6965117454528809,0.9692749381065369,0.6346502993616265,0.7555217742919922,0.6070992350578308,0.8195079565048218,0.7172664403915405,0.8845533728599548,0.7973854541778564,0.6630432605743408,0.8925113677978516,0.7224422693252563,0.9629145264625549
77,0.6196880985780608,0.7890158891677856,0.6515492796897888,0.8864587545394897,0.6972796320915222,0.9692745804786682,0.6319739237727071,0.7558479905128479,0.6075205206871033,0.8197279572486877,0.7176584601402283,0.8846639394760132,0.7973854541778564,0.6630432605743408,0.8925113677978516,0.7224422693252563,0.9629145264625549
78,0.6151734795778374,0.7895918488502502,0.6523352265357971,0.8867306113243103,0.6980552673339844,0.9693204760551453,0.5850575497039903,0.7562093734741211,0.6079877018928528,0.8199424147605896,0.7182108759880066,0.8846634030342102,0.7973854541778564,0.6630432605743408,0.8925113677978516,0.7224422693252563,0.9629145264625549
79,0.6164137207991505,0.790163516998291,0.6531159281730652,0.8869869709014893,0.6988611221313477,0.9693392515182495,0.6064578561789419,0.7565433382987976,0.6084195375442505,0.8201247453689575,0.7187851667404175,0.8845962882041931,0.7973854541778564,0.6630432605743408,0.8925113677978516,0.7224422693252563,0.9629145264625549
80,0.6187457455171256,0.7905328869819641,0.6536208987236023,0.8871541619300842,0.699336588382721,0.9693796634674072,0.6174811725416331,0.7567771077156067,0.6087219715118408,0.8203436136245728,0.7188225984573364,0.8849306106567383,0.7973854541778564,0.6630432605743408,0.8925113677978516,0.7224422693252563,0.9629145264625549
81,0.6195825230812712,0.7910974621772766,0.6543930768966675,0.8873814940452576,0.7002881765365601,0.9692941904067993,0.6288778391906051,0.7570889592170715,0.6091256141662598,0.8205406665802002,0.7192524671554565,0.8849794864654541,0.7973854541778564,0.6630432605743408,0.8925113677978516,0.7224422693252563,0.9629145264625549
82,0.6209578358182994,0.7911400198936462,0.6544513702392578,0.8874456882476807,0.7001186609268188,0.9694523215293884,0.6118316557495198,0.7572241425514221,0.6093006730079651,0.8207557797431946,0.71891850233078,0.885543942451477,0.7973854541778564,0.6630432605743408,0.8925113677978516,0.7224422693252563,0.9629145264625549
83,0.6206692333044972,0.791229784488678,0.6545741558074951,0.887536883354187,0.6999437808990479,0.9696580171585083,0.6384072440459398,0.757530927658081,0.6096980571746826,0.8209589123725891,0.7193040251731873,0.8856309652328491,0.7973854541778564,0.6630432605743408,0.8925113677978516,0.7224422693252563,0.9629145264625549
84,0.6179685745679888,0.7918545603752136,0.6554298400878906,0.8877774477005005,0.701103150844574,0.9694951772689819,0.5941858159627542,0.7578593492507935,0.6101236939430237,0.8211186528205872,0.7199486494064331,0.8854823708534241,0.7973854541778564,0.6630432605743408,0.8925113677978516,0.7224422693252563,0.9629145264625549
85,0.6203694577756282,0.7920421361923218,0.6556868553161621,0.8878887295722961,0.7012107372283936,0.9696072936058044,0.6299106362831279,0.7580530047416687,0.6103747487068176,0.8213266134262085,0.7198711037635803,0.8858718872070312,0.7973854541778564,0.6630432605743408,0.8925113677978516,0.7224422693252563,0.9629145264625549
86,0.6189366593491887,0.7923272252082825,0.6560777425765991,0.888038158416748,0.7014777660369873,0.9697072505950928,0.6284964459764457,0.7582492828369141,0.6106293201446533,0.82138592004776,0.7204029560089111,0.8856306672096252,0.7973854541778564,0.6630432605743408,0.8925113677978516,0.7224422693252563,0.9629145264625549
87,0.619284638637642,0.7927522659301758,0.656660795211792,0.8882124423980713,0.7022020220756531,0.9696402549743652,0.6090198922388954,0.758522093296051,0.6109831929206848,0.8215790390968323,0.7206963300704956,0.8857600092887878,0.7973854541778564,0.6630432605743408,0.8925113677978516,0.7224422693252563,0.9629145264625549
88,0.6169431098798073,0.7931370139122009,0.657188892364502,0.8883999586105347,0.702673077583313,0.9697028398513794,0.6087090177600306,0.7588424682617188,0.6113990545272827,0.8217888474464417,0.7211096286773682,0.8858402967453003,0.7973854541778564,0.6630432605743408,0.8925113677978516,0.7224422693252563,0.9629145264625549
89,0.6175125896918687,0.7936548590660095,0.6579003930091858,0.8886244893074036,0.7034858465194702,0.9696686863899231,0.6162536457617311,0.7591354250907898,0.6117794513702393,0.8219344615936279,0.7216752171516418,0.8857187032699585,0.7973854541778564,0.6630432605743408,0.8925113677978516,0.7224422693252563,0.9629145264625549
90,0.6171736399086262,0.7941201329231262,0.6585400104522705,0.8888314366340637,0.7041634321212769,0.9696720242500305,0.6165671210954489,0.7594127058982849,0.6121397018432617,0.8221182227134705,0.7220250368118286,0.8857967257499695,0.7973854541778564,0.6630432605743408,0.8925113677978516,0.7224422693252563,0.9629145264625549
91,0.618398554406728,0.7945600748062134,0.6591452956199646,0.8890458941459656,0.7047198414802551,0.9697335362434387,0.6490556446501765,0.759707510471344,0.6125229001045227,0.8222882747650146,0.722500205039978,0.8857727646827698,0.7973854541778564,0.6630432605743408,0.8925113677978516,0.7224422693252563,0.9629145264625549
92,0.6181282519879299,0.7949621677398682,0.6596988439559937,0.8892354369163513,0.7052294611930847,0.9697866439819336,0.6413709401043781,0.7599892020225525,0.6128891706466675,0.8224527835845947,0.7229463458061218,0.8857581615447998,0.7973854541778564,0.6630432605743408,0.8925113677978516,0.7224422693252563,0.9629145264625549
93,0.6166694986012379,0.7954813241958618,0.6604142785072327,0.8894590735435486,0.7060301899909973,0.9697615504264832,0.6191121160126157,0.7602812647819519,0.6132690906524658,0.8226948380470276,0.7231178879737854,0.8860450387001038,0.7973854541778564,0.6630432605743408,0.8925113677978516,0.7224422693252563,0.9629145264625549
94,0.6191047323499359,0.7956100702285767,0.6605918407440186,0.8895551562309265,0.7059929966926575,0.9699129462242126,0.6257951810813063,0.760534405708313,0.6135987043380737,0.8229461908340454,0.7230969667434692,0.8864696621894836,0.7973854541778564,0.6630432605743408,0.8925113677978516,0.7224422693252563,0.9629145264625549
95,0.6163226021085377,0.7959229350090027,0.6610231995582581,0.8897215127944946,0.7063099145889282,0.9700098633766174,0.6074396032891552,0.760856568813324,0.6140181422233582,0.8231070041656494,0.7237198352813721,0.8863364458084106,0.7973854541778564,0.6630432605743408,0.8925113677978516,0.7224422693252563,0.9629145264625549
96,0.6165711177443087,0.7964010834693909,0.6616830825805664,0.8899271488189697,0.7070703506469727,0.9699730277061462,0.6079716759620917,0.7611148953437805,0.61435467004776,0.8232775330543518,0.7240497469902039,0.8864055871963501,0.7973854541778564,0.6630432605743408,0.8925113677978516,0.7224422693252563,0.9629145264625549
97,0.617380563626729,0.7968242168426514,0.6622675061225891,0.8901264071464539,0.7076321244239807,0.970014214515686,0.6384871344727019,0.7613661289215088,0.614682137966156,0.8234451413154602,0.7243636250495911,0.8864801526069641,0.7973854541778564,0.6630432605743408,0.8925113677978516,0.7224422693252563,0.9629145264625549
98,0.6164951877565263,0.7971957325935364,0.6627809405326843,0.8903179168701172,0.7080380916595459,0.9701094031333923,0.6328177863939453,0.761631190776825,0.6150277853012085,0.8236030340194702,0.7247729301452637,0.886478066444397,0.7973854541778564,0.6630432605743408,0.8925113677978516,0.7224422693252563,0.9629145264625549
99,0.6165272728676525,0.7976471781730652,0.6634053587913513,0.890526533126831,0.7086737751960754,0.9701303839683533,0.6284094332445531,0.7619004249572754,0.6153789162635803,0.8238058686256409,0.7250142097473145,0.8866564631462097,0.7973854541778564,0.6630432605743408,0.8925113677978516,0.7224422693252563,0.9629145264625549
100,0.6165129233039693,0.7979851961135864,0.6638729572296143,0.8906862139701843,0.709114134311676,0.9701687097549438,0.6107543014511314,0.7621363997459412,0.6156868934631348,0.8239617943763733,0.7253158688545227,0.8867197036743164,0.7973854541778564,0.6630432605743408,0.8925113677978516,0.7224422693252563,0.9629145264625549
101,0.6168894338663781,0.7984613180160522,0.6645323038101196,0.8909047245979309,0.7097827792167664,0.9701916575431824,0.648233958180154,0.762366533279419,0.6159873604774475,0.824084460735321,0.7257316708564758,0.8866558074951172,0.7973854541778564,0.6630432605743408,0.8925113677978516,0.7224422693252563,0.9629145264625549
102,0.6184924676224898,0.798646092414856,0.6647883653640747,0.8910050392150879,0.7099471092224121,0.970263659954071,0.61935366562572,0.7624416947364807,0.6160854697227478,0.8242135643959045,0.7254999876022339,0.8870144486427307,0.7973854541778564,0.6630432605743408,0.8925113677978516,0.7224422693252563,0.9629145264625549
103,0.6161322461827293,0.7989427447319031,0.6651995182037354,0.8911400437355042,0.7103808522224426,0.9702673554420471,0.5803319329336618,0.7626783847808838,0.616394579410553,0.8243961334228516,0.7256944179534912,0.8871895670890808,0.7973854541778564,0.6630432605743408,0.8925113677978516,0.7224422693252563,0.9629145264625549
104,0.6232904020136179,0.7987939119338989,0.6649932265281677,0.891076922416687,0.710128128528595,0.9702883362770081,0.6038222175540802,0.7615999579429626,0.6149870753288269,0.8239203095436096,0.7233448028564453,0.8879058361053467,0.7973854541778564,0.6630432605743408,0.8925113677978516,0.7224422693252563,0.9629145264625549
105,0.6431505005954368,0.7975777983665466,0.6633092164993286,0.8905396461486816,0.7082715034484863,0.9703272581100464,0.6229661795111036,0.7604693174362183,0.6135138869285583,0.8233190178871155,0.7213166356086731,0.8882122039794922,0.7973854541778564,0.6630432605743408,0.8925113677978516,0.7224422693252563,0.9629145264625549
106,0.6423478157643063,0.7965104579925537,0.6618340611457825,0.890072226524353,0.7066254019737244,0.9703746438026428,0.6479958719820131,0.7594046592712402,0.6121292114257812,0.8227893114089966,0.7192691564559937,0.8886481523513794,0.7973854541778564,0.6630432605743408,0.8925113677978516,0.7224422693252563,0.9629145264625549
107,0.6405240130175113,0.7953778505325317,0.6602716445922852,0.8895888328552246,0.704788863658905,0.9704855680465698,0.6263866204298127,0.7584950923919678,0.6109480857849121,0.8222975730895996,0.7176880836486816,0.8888494372367859,0.7973854541778564,0.6630432605743408,0.8925113677978516,0.7224422693252563,0.9629145264625549
108,0.6372867085236376,0.794613778591156,0.6592192053794861,0.8892365097999573,0.7037059664726257,0.970457136631012,0.6172301733358108,0.7577183842658997,0.6099409461021423,0.8219521641731262,0.7160439491271973,0.889330267906189,0.7973854541778564,0.6630432605743408,0.8925113677978516,0.7224422693252563,0.9629145264625549
109,0.6378186788871915,0.7938357591629028,0.658149003982544,0.8889126777648926,0.7024223208427429,0.9705517888069153,0.6619806880353,0.7571854591369629,0.6092506051063538,0.8217179179191589,0.7149094343185425,0.8896687030792236,0.7973854541778564,0.6630432605743408,0.8925113677978516,0.7224422693252563,0.9629145264625549
110,0.6340119713310874,0.7934337854385376,0.6575965285301208,0.8887259364128113,0.7018630504608154,0.97053062915802,0.6602123019777355,0.7568656206130981,0.6088364720344543,0.8215545415878296,0.7143210172653198,0.8897757530212402,0.7973854541778564,0.6630432605743408,0.8925113677978516,0.7224422693252563,0.9629145264625549
111,0.626109432232441,0.7932326793670654,0.6573202610015869,0.8886445760726929,0.7015061974525452,0.9705713987350464,0.6144037847243107,0.7566295266151428,0.6085310578346252,0.8214589953422546,0.7137876152992249,0.8899587988853455,0.7973854541778564,0.6630432605743408,0.8925113677978516,0.7224422693252563,0.9629145264625549
112,0.6236702826732378,0.7932640314102173,0.6573634147644043,0.8886608481407166,0.7015222907066345,0.9705904722213745,0.632916130664033,0.7565835118293762,0.6084715723991394,0.821432888507843,0.7137134671211243,0.8899632692337036,0.7973854541778564,0.6630432605743408,0.8925113677978516,0.7224422693252563,0.9629145264625549
113,0.6220820730968253,0.7935007810592651,0.657688558101654,0.8887602686882019,0.7019180655479431,0.9705584645271301,0.6399220875991654,0.7566844820976257,0.6086022257804871,0.8214375972747803,0.7140864729881287,0.8897335529327393,0.7973854541778564,0.6630432605743408,0.8925113677978516,0.7224422693252563,0.9629145264625549
114,0.6234025892362761,0.7936251759529114,0.6578596234321594,0.8888106346130371,0.7021205425262451,0.9705443978309631,0.642232019944357,0.7568057775497437,0.6087590456008911,0.8214999437332153,0.7143074870109558,0.8896949291229248,0.7973854541778564,0.6630432605743408,0.8925113677978516,0.7224422693252563,0.9629145264625549
115,0.6220384298080954,0.793830394744873,0.658141553401947,0.8888947367668152,0.702466607093811,0.9705142378807068,0.6356028908855396,0.7568467259407043,0.6088120937347412,0.821489155292511,0.7145095467567444,0.8895487785339355,0.7973854541778564,0.6630432605743408,0.8925113677978516,0.7224422693252563,0.9629145264625549
116,0.6208984024873846,0.794041633605957,0.6584320068359375,0.8889856934547424,0.7027922868728638,0.9705035090446472,0.6302627539241777,0.7569954991340637,0.609004557132721,0.8215872645378113,0.7146944403648376,0.8895917534828186,0.7973854541778564,0.6630432605743408,0.8925113677978516,0.7224422693252563,0.9629145264625549
117,0.6191216542556234,0.794342577457428,0.6588460206985474,0.8891251683235168,0.7032212615013123,0.9705131649971008,0.6328935187577798,0.7571673393249512,0.6092271208763123,0.8216331601142883,0.7151784300804138,0.8893589973449707,0.7973854541778564,0.6630432605743408,0.8925113677978516,0.7224422693252563,0.9629145264625549
118,0.6197138640617114,0.7946007251739502,0.6592012047767639,0.8892418742179871,0.7036057114601135,0.9705103635787964,0.6268593534731328,0.7573705315589905,0.6094902157783508,0.8217228055000305,0.7156094312667847,0.8892315030097961,0.7973854541778564,0.6630432605743408,0.8925113677978516,0.7224422693252563,0.9629145264625549
119,0.6175384983568485,0.7948832511901855,0.6595902442932129,0.889371395111084,0.7040048837661743,0.9705212712287903,0.6084904649304521,0.7575960159301758,0.6097822785377502,0.8218369483947754,0.7160295844078064,0.8891509175300598,0.7973854541778564,0.6630432605743408,0.8925113677978516,0.7224422693252563,0.9629145264625549
120,0.6217402277902034,0.7952420115470886,0.6600844860076904,0.8895225524902344,0.7046112418174744,0.9704700112342834,0.6686384595702396,0.7577763199806213,0.6100161075592041,0.8219733238220215,0.7161850929260254,0.8892750144004822,0.7973854541778564,0.6630432605743408,0.8925113677978516,0.7224422693252563,0.9629145264625549
121,0.6198572036464092,0.7953407168388367,0.6602205038070679,0.8895841836929321,0.7046356797218323,0.9705496430397034,0.6258180047880485,0.7579705119132996,0.610267698764801,0.8221256732940674,0.7163296937942505,0.8894322514533997,0.7973854541778564,0.6630432605743408,0.8925113677978516,0.7224422693252563,0.9629145264625549
122,0.6179378379726858,0.7956851720809937,0.6606953144073486,0.8897309899330139,0.705184280872345,0.9705214500427246,0.6217067008178594,0.7582062482833862,0.610573410987854,0.8222631812095642,0.7166963815689087,0.8894240856170654,0.7973854541778564,0.6630432605743408,0.8925113677978516,0.7224422693252563,0.9629145264625549
123,0.6176553346900242,0.7959139347076416,0.6610107421875,0.8898507356643677,0.7054319381713867,0.9705817103385925,0.6183665296190708,0.7584002614021301,0.6108251214027405,0.8223227262496948,0.7172152996063232,0.8891913890838623,0.7973854541778564,0.6630432605743408,0.8925113677978516,0.7224422693252563,0.9629145264625549
124,0.6197714516961716,0.796246349811554,0.6614695191383362,0.8899752497673035,0.7060748338699341,0.9704800248146057,0.6153596393151992,0.7585344314575195,0.6109991669654846,0.822433590888977,0.7172924876213074,0.8893237709999084,0.7973854541778564,0.6630432605743408,0.8925113677978516,0.7224422693252563,0.9629145264625549
125,0.6218141134769467,0.7962442636489868,0.6614665985107422,0.8899911642074585,0.705963134765625,0.9705519676208496,0.6246520917659897,0.7586484551429749,0.6111471056938171,0.8225621581077576,0.7172196507453918,0.8895804286003113,0.7973854541778564,0.6630432605743408,0.8925113677978516,0.7224422693252563,0.9629145264625549
126,0.6174993662402316,0.7964589595794678,0.6617629528045654,0.8900988101959229,0.7062234282493591,0.9705899357795715,0.6055156768378332,0.7588334679603577,0.611387312412262,0.8226277828216553,0.7176795601844788,0.8893951773643494,0.7973854541778564,0.6630432605743408,0.8925113677978516,0.7224422693252563,0.9629145264625549
127,0.6167701606091653,0.7967584729194641,0.662176787853241,0.8902367949485779,0.7066490054130554,0.9706009030342102,0.6108793089886411,0.7590487599372864,0.6116668581962585,0.822769820690155,0.7179492712020874,0.8894559741020203,0.7973854541778564,0.6630432605743408,0.8925113677978516,0.7224422693252563,0.9629145264625549
128,0.6191662728903153,0.7970399260520935,0.6625655293464661,0.8903490900993347,0.7071342468261719,0.9705533385276794,0.6239088004950126,0.7592775821685791,0.6119641065597534,0.8228909373283386,0.7183572053909302,0.8893945813179016,0.7973854541778564,0.6630432605743408,0.8925113677978516,0.7224422693252563,0.9629145264625549
129,0.6166897961117089,0.7972707152366638,0.6628846526145935,0.8904592990875244,0.7074196934700012,0.9705888032913208,0.6072775345468564,0.7594598531723022,0.612200915813446,0.8230069875717163,0.7186029553413391,0.8894280791282654,0.7973854541778564,0.6630432605743408,0.8925113677978516,0.7224422693252563,0.9629145264625549
130,0.6210343093277945,0.7975383996963501,0.6632547378540039,0.8905676007270813,0.7078765034675598,0.9705471396446228,0.6516758836911986,0.7596358060836792,0.6124296188354492,0.823148250579834,0.7187214493751526,0.8895838260650635,0.7973854541778564,0.6630432605743408,0.8925113677978516,0.7224422693252563,0.9629145264625549
131,0.623723804727835,0.7975195646286011,0.6632286906242371,0.890580952167511,0.707721471786499,0.9706319570541382,0.6564893030623891,0.7597513794898987,0.612579882144928,0.8232772350311279,0.7186520099639893,0.8898390531539917,0.7973854541778564,0.6630432605743408,0.8925113677978516,0.7224422693252563,0.9629145264625549
132,0.6215480868787431,0.7974432706832886,0.6631231307983398,0.8905644416809082,0.7074801325798035,0.9707160592079163,0.6085833175132049,0.7599000334739685,0.6127731800079346,0.8234349489212036,0.7185958623886108,0.8901328444480896,0.7973854541778564,0.6630432605743408,0.8925113677978516,0.7224422693252563,0.9629145264625549
133,0.6225980646605145,0.7973875403404236,0.66304612159729,0.8905529379844666,0.7073047161102295,0.9707773327827454,0.6185584014299522,0.7601015567779541,0.6130353212356567,0.8235885500907898,0.7187641859054565,0.8902771472930908,0.7973854541778564,0.6630432605743408,0.8925113677978516,0.7224422693252563,0.9629145264625549
134,0.6245035174233148,0.7974660992622375,0.6631547808647156,0.8905798196792603,0.7074750661849976,0.970741331577301,0.645442203414144,0.7603122591972351,0.6133095026016235,0.8237215280532837,0.7190531492233276,0.8903108835220337,0.7973854541778564,0.6630432605743408,0.8925113677978516,0.7224422693252563,0.9629145264625549
135,0.622396453353345,0.7975270748138428,0.6632391214370728,0.8906204104423523,0.7074986100196838,0.9707862734794617,0.6431821472757435,0.7604759931564331,0.6135225892066956,0.8238741755485535,0.71907639503479,0.8905457854270935,0.7973854541778564,0.6630432605743408,0.8925113677978516,0.7224422693252563,0.9629145264625549
136,0.6206523449429816,0.7975671291351318,0.6632946133613586,0.8906493782997131,0.7074844241142273,0.9708346128463745,0.6157672106521124,0.7606421113014221,0.6137388348579407,0.8239877820014954,0.7192683815956116,0.8906095623970032,0.7973854541778564,0.6630432605743408,0.8925113677978516,0.7224422693252563,0.9629145264625549
137,0.6203840681137542,0.7977162599563599,0.6635008454322815,0.8907220959663391,0.7076573371887207,0.97086501121521,0.6430755111580597,0.7608442902565002,0.6140021681785583,0.8241162896156311,0.7195420861244202,0.8906456828117371,0.7973854541778564,0.6630432605743408,0.8925113677978516,0.7224422693252563,0.9629145264625549
138,0.6180522982864166,0.7979536056518555,0.6638293862342834,0.890832245349884,0.707980751991272,0.9708826541900635,0.6300033628516273,0.7610248923301697,0.6142374277114868,0.8242325186729431,0.7197807431221008,0.8906840682029724,0.7973854541778564,0.6630432605743408,0.8925113677978516,0.7224422693252563,0.9629145264625549
139,0.6197212718821767,0.7982246279716492,0.6642045378684998,0.890952467918396,0.7083896994590759,0.9708766937255859,0.6565731604708646,0.7611968517303467,0.6144615411758423,0.8243306279182434,0.7200597524642944,0.8906670808792114,0.7973854541778564,0.6630432605743408,0.8925113677978516,0.7224422693252563,0.9629145264625549
140,0.6191183208207118,0.7984025478363037,0.6644509434700012,0.8910402655601501,0.708584189414978,0.9709206223487854,0.6459806284536929,0.7613306045532227,0.6146357655525208,0.8244131803512573,0.720251202583313,0.8906803727149963,0.7973854541778564,0.6630432605743408,0.8925113677978516,0.7224422693252563,0.9629145264625549
141,0.6145150768019999,0.7986760139465332,0.6648298501968384,0.8911725282669067,0.7089372277259827,0.9709547758102417,0.5952763238197087,0.7614961266517639,0.614851713180542,0.8245047330856323,0.7205320596694946,0.8906514048576355,0.7973854541778564,0.6630432605743408,0.8925113677978516,0.7224422693252563,0.9629145264625549
142,0.6126765107720871,0.7989428639411926,0.6651996970176697,0.8912941217422485,0.7093152403831482,0.9709651470184326,0.5567185723830729,0.7616727948188782,0.6150819659233093,0.8246068358421326,0.7208137512207031,0.8906391859054565,0.7973854541778564,0.6630432605743408,0.8925113677978516,0.7224422693252563,0.9629145264625549
143,0.6165460719673344,0.7991853356361389,0.6655360460281372,0.891393780708313,0.7097420692443848,0.970920741558075,0.5775358571163687,0.7618489861488342,0.615311861038208,0.8247361779212952,0.7209816575050354,0.890744149684906,0.7973854541778564,0.6630432605743408,0.8925113677978516,0.7224422693252563,0.9629145264625549
144,0.6150060792744922,0.7994512319564819,0.6659048795700073,0.8915152549743652,0.7101247906684875,0.9709277153015137,0.5929906026949474,0.7620224356651306,0.6155381202697754,0.8248017430305481,0.7214015126228333,0.8905842900276184,0.7973854541778564,0.6630432605743408,0.8925113677978516,0.7224422693252563,0.9629145264625549
145,0.6151536648521105,0.7997177243232727,0.6662747263908386,0.8916449546813965,0.7104583382606506,0.9709677696228027,0.6147021564977021,0.7621715068817139,0.6157326698303223,0.8248864412307739,0.7216458916664124,0.890567421913147,0.7973854541778564,0.6630432605743408,0.8925113677978516,0.7224422693252563,0.9629145264625549
146,0.6196092786030675,0.7999356985092163,0.6665774583816528,0.8917412161827087,0.7107882499694824,0.9709627628326416,0.6461418292166127,0.7623375654220581,0.6159495711326599,0.8249754905700684,0.7219403982162476,0.8905256390571594,0.7973854541778564,0.6630432605743408,0.8925113677978516,0.7224422693252563,0.9629145264625549
147,0.6166466757978575,0.8002124428749084,0.6669617891311646,0.8918658494949341,0.7112004160881042,0.970961332321167,0.6229025576628915,0.7625027894973755,0.6161652207374573,0.8250449299812317,0.7223122119903564,0.8904027342796326,0.7973854541778564,0.6630432605743408,0.8925113677978516,0.7224422693252563,0.9629145264625549
148,0.6154712881101078,0.8004525303840637,0.6672953367233276,0.8919711709022522,0.7115581631660461,0.9709588885307312,0.5961044754816571,0.7626527547836304,0.616361141204834,0.8251190185546875,0.7226046919822693,0.8903379440307617,0.7973854541778564,0.6630432605743408,0.8925113677978516,0.7224422693252563,0.9629145264625549
149,0.6167097210448005,0.8006967306137085,0.6676349639892578,0.8920904994010925,0.711868941783905,0.9709930419921875,0.6317274369156808,0.7628111243247986,0.6165680885314941,0.8252107501029968,0.7228580117225647,0.8903269171714783,0.7973854541778564,0.6630432605743408,0.8925113677978516,0.7224422693252563,0.9629145264625549
150,0.6179714385586317,0.8008586764335632,0.667860209941864,0.892174243927002,0.7120426893234253,0.9710367918014526,0.6290737172184404,0.7629901170730591,0.616801917552948,0.8253257870674133,0.7230973243713379,0.8903628587722778,0.7973854541778564,0.6630432605743408,0.8925113677978516,0.7224422693252563,0.9629145264625549
151,0.617601959256098,0.8011125922203064,0.6682133078575134,0.8922807574272156,0.7124743461608887,0.9710007309913635,0.6132871458041271,0.7631365060806274,0.6169933080673218,0.8254258036613464,0.7232687473297119,0.8904173970222473,0.7973854541778564,0.6630432605743408,0.8925113677978516,0.7224422693252563,0.9629145264625549
152,0.6187872769094043,0.8011411428451538,0.6682530641555786,0.892310619354248,0.7124024033546448,0.9710755348205566,0.6108608242002955,0.7632553577423096,0.6171486973762512,0.825544536113739,0.7232523560523987,0.890622079372406,0.7973854541778564,0.6630432605743408,0.8925113677978516,0.7224422693252563,0.9629145264625549
153,0.6162606071432123,0.8012951016426086,0.6684673428535461,0.892388105392456,0.7125883102416992,0.9711040258407593,0.5918575955454974,0.7634075284004211,0.6173476576805115,0.825605034828186,0.7236107587814331,0.8904930353164673,0.7973854541778564,0.6630432605743408,0.8925113677978516,0.7224422693252563,0.9629145264625549
154,0.6165363289337155,0.8016003370285034,0.6688923835754395,0.8925140500068665,0.7131231427192688,0.9710506200790405,0.6090409123246168,0.7635513544082642,0.6175358295440674,0.8256940841674805,0.723817765712738,0.8905070424079895,0.7973854541778564,0.6630432605743408,0.8925113677978516,0.7224422693252563,0.9629145264625549
155,0.6168938972415083,0.8017714619636536,0.6691305637359619,0.8925943970680237,0.7133442163467407,0.9710714221000671,0.6119547436658785,0.76370769739151,0.6177403330802917,0.825802206993103,0.7239952683448792,0.8905710577964783,0.7973854541778564,0.6630432605743408,0.8925113677978516,0.7224422693252563,0.9629145264625549
156,0.6156926928414327,0.8020071387290955,0.6694589853286743,0.8927023410797119,0.7136754989624023,0.9710831046104431,0.6136020525826567,0.7638757228851318,0.6179602742195129,0.8258816003799438,0.7243396043777466,0.8904818892478943,0.7973854541778564,0.6630432605743408,0.8925113677978516,0.7224422693252563,0.9629145264625549
157,0.6167968234905052,0.8022461533546448,0.6697921752929688,0.8928064107894897,0.7140397429466248,0.9710760712623596,0.6236697086130978,0.7640048265457153,0.6181293725967407,0.8259814381599426,0.7244430780410767,0.8905794024467468,0.7973854541778564,0.6630432605743408,0.8925113677978516,0.7224422693252563,0.9629145264625549
158,0.6188809414960011,0.8023667335510254,0.6699603199958801,0.8928725123405457,0.7141246795654297,0.971136748790741,0.6518306228697186,0.7641628980636597,0.6183362603187561,0.8260822892189026,0.724658191204071,0.8906075954437256,0.7973854541778564,0.6630432605743408,0.8925113677978516,0.7224422693252563,0.9629145264625549
159,0.6172682893543812,0.8026301860809326,0.6703277230262756,0.8929872512817383,0.7145406603813171,0.9711205363273621,0.6350256513353498,0.7643061280250549,0.618523895740509,0.8261550068855286,0.7249312996864319,0.8905528783798218,0.7973854541778564,0.6630432605743408,0.8925113677978516,0.7224422693252563,0.9629145264625549
160,0.6153788469444678,0.8029031157493591,0.6707085371017456,0.8931114077568054,0.7149489521980286,0.9711193442344666,0.6155890638099926,0.7644582390785217,0.6187232136726379,0.8262437582015991,0.7251734733581543,0.890544056892395,0.7973854541778564,0.6630432605743408,0.8925113677978516,0.7224422693252563,0.9629145264625549
161,0.6188869143031652,0.8031188249588013,0.6710096001625061,0.893211305141449,0.7152663469314575,0.9711222052574158,0.6523892026717903,0.7645993232727051,0.6189079284667969,0.8263335227966309,0.7253669500350952,0.8905677199363708,0.7973854541778564,0.6630432605743408,0.8925113677978516,0.7224422693252563,0.9629145264625549
162,0.6164581100576307,0.8033521771430969,0.6713355183601379,0.8933160305023193,0.7156041860580444,0.9711275696754456,0.6296987678115761,0.7647308111190796,0.6190802454948425,0.8264275193214417,0.7255040407180786,0.8906344175338745,0.7973854541778564,0.6630432605743408,0.8925113677978516,0.7224422693252563,0.9629145264625549
163,0.6165537375910701,0.8035213351249695,0.6715717911720276,0.8934037089347839,0.7157977223396301,0.9711664319038391,0.6189168684057302,0.7648873925209045,0.619285523891449,0.8265174031257629,0.7257599234580994,0.890618622303009,0.7973854541778564,0.6630432605743408,0.8925113677978516,0.7224422693252563,0.9629145264625549
164,0.6174215415301871,0.8037805557250977,0.6719339489936829,0.8935191035270691,0.7162173390388489,0.9711456298828125,0.6314724164654142,0.7650309801101685,0.6194738149642944,0.8266173005104065,0.725921630859375,0.8906791806221008,0.7973854541778564,0.6630432605743408,0.8925113677978516,0.7224422693252563,0.9629145264625549
165,0.6141705022427205,0.8039648532867432,0.6721917390823364,0.8936131000518799,0.7164216041564941,0.97119140625,0.5984850881044708,0.7651424407958984,0.6196199059486389,0.8266866207122803,0.726081371307373,0.8906910419464111,0.7973854541778564,0.6630432605743408,0.8925113677978516,0.7224422693252563,0.9629145264625549
166,0.617977221170523,0.8042140603065491,0.6725402474403381,0.8937252163887024,0.7167829275131226,0.9711971879005432,0.6644481433925036,0.76528000831604,0.6198003888130188,0.826750636100769,0.7263690829277039,0.8906127214431763,0.7973854541778564,0.6630432605743408,0.8925113677978516,0.7224422693252563,0.9629145264625549
167,0.6168653867478027,0.804397702217102,0.6727969646453857,0.8938107490539551,0.7170230746269226,0.9712178111076355,0.6335958591334194,0.7654047012329102,0.619964063167572,0.826837956905365,0.7265072464942932,0.8906676173210144,0.7973854541778564,0.6630432605743408,0.8925113677978516,0.7224422693252563,0.9629145264625549
168,0.6158892663632632,0.8046416640281677,0.6731384992599487,0.8939136266708374,0.7174264788627625,0.97119140625,0.6102806093205004,0.7655443549156189,0.6201473474502563,0.8269297480583191,0.7266877293586731,0.8907029628753662,0.7973854541778564,0.6630432605743408,0.8925113677978516,0.7224422693252563,0.9629145264625549
169,0.6173786496598116,0.8047247529029846,0.6732548475265503,0.8939670324325562,0.7174458503723145,0.9712594747543335,0.6238968238323788,0.7656322717666626,0.6202627420425415,0.8270145058631897,0.7266873121261597,0.890842080116272,0.7973854541778564,0.6630432605743408,0.8925113677978516,0.7224422693252563,0.9629145264625549
170,0.616133228761397,0.8049398064613342,0.6735559105873108,0.8940685987472534,0.7177515029907227,0.9712700247764587,0.622061482793046,0.7657684683799744,0.6204414963722229,0.8270816206932068,0.7269572615623474,0.8907800316810608,0.7973854541778564,0.6630432605743408,0.8925113677978516,0.7224422693252563,0.9629145264625549
171,0.6153598414170112,0.8051497340202332,0.6738499402999878,0.8941663503646851,0.7180418968200684,0.9712845087051392,0.6167565297190998,0.7658972144126892,0.6206105351448059,0.8271545171737671,0.7271725535392761,0.8907623887062073,0.7973854541778564,0.6630432605743408,0.8925113677978516,0.7224422693252563,0.9629145264625549
172,0.6188178904161247,0.8054100871086121,0.6742146015167236,0.8942800760269165,0.7184652090072632,0.9712620973587036,0.6667964208753436,0.7660355567932129,0.6207922697067261,0.8272514343261719,0.7273259162902832,0.8908233046531677,0.7973854541778564,0.6630432605743408,0.8925113677978516,0.7224422693252563,0.9629145264625549
173,0.6174129150117806,0.8054839372634888,0.6743181943893433,0.8943309783935547,0.718459963798523,0.9713373780250549,0.6285401326107807,0.7661351561546326,0.6209231019020081,0.827336311340332,0.7273728251457214,0.8909323811531067,0.7973854541778564,0.6630432605743408,0.8925113677978516,0.7224422693252563,0.9629145264625549
174,0.6141270978212117,0.8056948184967041,0.6746138334274292,0.8944281935691833,0.7187508940696716,0.9713520407676697,0.6029931008789089,0.7662355899810791,0.621055006980896,0.8273515701293945,0.7277162075042725,0.8907389044761658,0.7973854541778564,0.6630432605743408,0.8925113677978516,0.7224422693252563,0.9629145264625549
175,0.6165309683466487,0.8058870434761047,0.6748833656311035,0.8945143222808838,0.7190499305725098,0.971344530582428,0.6152358754842537,0.7663381695747375,0.6211898326873779,0.8273932933807373,0.727957546710968,0.8906535506248474,0.7973854541778564,0.6630432605743408,0.8925113677978516,0.7224422693252563,0.9629145264625549
176,0.6187209349312947,0.8061062097549438,0.6751909255981445,0.8946079611778259,0.719424307346344,0.971314549446106,0.6441439435075179,0.7664330005645752,0.6213144659996033,0.8274982571601868,0.7279001474380493,0.8908619284629822,0.7973854541778564,0.6630432605743408,0.8925113677978516,0.7224422693252563,0.9629145264625549
177,0.6172054245624246,0.8061504364013672,0.6752530336380005,0.8946402668952942,0.7193951606750488,0.971375584602356,0.6108570723864565,0.7665761113166809,0.6215025782585144,0.8276061415672302,0.7280269861221313,0.8909577131271362,0.7973854541778564,0.6630432605743408,0.8925113677978516,0.7224422693252563,0.9629145264625549
178,0.6139204776825609,0.8062976002693176,0.6754595041275024,0.8947141766548157,0.7195695638656616,0.9714052677154541,0.5814851798359069,0.7667514681816101,0.6217331886291504,0.8276893496513367,0.7283890843391418,0.8908635973930359,0.7973854541778564,0.6630432605743408,0.8925113677978516,0.7224422693252563,0.9629145264625549
179,0.6174016266410353,0.8065378665924072,0.6757966876029968,0.8948116302490234,0.7200027704238892,0.9713568687438965,0.6285403301570077,0.7668324708938599,0.6218395829200745,0.8277819156646729,0.7283275127410889,0.891054093837738,0.7973854541778564,0.6630432605743408,0.8925113677978516,0.7224422693252563,0.9629145264625549
180,0.6194407552466885,0.8065667748451233,0.6758374571800232,0.8948369026184082,0.719954788684845,0.9714155197143555,0.6392807983562036,0.7669184803962708,0.6219527721405029,0.8278646469116211,0.7283278703689575,0.8911892771720886,0.7973854541778564,0.6630432605743408,0.8925113677978516,0.7224422693252563,0.9629145264625549
181,0.6149199987058074,0.8067007660865784,0.6760255694389343,0.8949054479598999,0.720099151134491,0.9714515805244446,0.5999309842635245,0.7670170664787292,0.6220824718475342,0.827893853187561,0.728606104850769,0.8910599946975708,0.7973854541778564,0.6630432605743408,0.8925113677978516,0.7224422693252563,0.9629145264625549
182,0.6146163130263361,0.806938648223877,0.6763597130775452,0.8950047492980957,0.7204951643943787,0.971424400806427,0.6051660815182087,0.7671530842781067,0.6222614049911499,0.8279734253883362,0.7288238406181335,0.8910518288612366,0.7973854541778564,0.6630432605743408,0.8925113677978516,0.7224422693252563,0.9629145264625549
183,0.6170371475339658,0.8070632219314575,0.6765347719192505,0.8950698375701904,0.7206264138221741,0.9714602828025818,0.6295545771497126,0.7672812938690186,0.6224302053451538,0.828065037727356,0.7289590835571289,0.8911156058311462,0.7973854541778564,0.6630432605743408,0.8925113677978516,0.7224422693252563,0.9629145264625549
184,0.617521427391609,0.8072216510772705,0.6767574548721313,0.8951486945152283,0.7208192944526672,0.9714889526367188,0.6493926528295382,0.7674108743667603,0.622600793838501,0.8281217217445374,0.7292478680610657,0.8910245895385742,0.7973854541778564,0.6630432605743408,0.8925113677978516,0.7224422693252563,0.9629145264625549
185,0.6177721266973357,0.8073805570602417,0.6769808530807495,0.8952206969261169,0.7210487723350525,0.9714938402175903,0.6406738893974855,0.7675129771232605,0.6227352023124695,0.8281888365745544,0.7293801307678223,0.8910503387451172,0.7973854541778564,0.6630432605743408,0.8925113677978516,0.7224422693252563,0.9629145264625549
186,0.6128410014274907,0.8075666427612305,0.6772425174713135,0.8953101634979248,0.7212957739830017,0.9715142846107483,0.5840758641383055,0.7676219940185547,0.6228786706924438,0.8282331824302673,0.7296376824378967,0.8909589648246765,0.7973854541778564,0.6630432605743408,0.8925113677978516,0.7224422693252563,0.9629145264625549
187,0.6167523611279773,0.8077715635299683,0.677530825138092,0.8954039216041565,0.7215957641601562,0.9715185761451721,0.6451239089029022,0.7677397131919861,0.6230337023735046,0.8283039927482605,0.7298181056976318,0.890960156917572,0.7973854541778564,0.6630432605743408,0.8925113677978516,0.7224422693252563,0.9629145264625549
188,0.6148292630282847,0.807934045791626,0.6777595281600952,0.8954880833625793,0.7217822670936584,0.9715561270713806,0.6154925621930523,0.7678641676902771,0.6231977343559265,0.8283675909042358,0.7300575375556946,0.8909118175506592,0.7973854541778564,0.6630432605743408,0.8925113677978516,0.7224422693252563,0.9629145264625549
189,0.616519261757273,0.8081746101379395,0.6780981421470642,0.8955824971199036,0.72222900390625,0.9714993834495544,0.620503639344784,0.7679620385169983,0.6233265399932861,0.8284556269645691,0.7300838828086853,0.8910390734672546,0.7973854541778564,0.6630432605743408,0.8925113677978516,0.7224422693252563,0.9629145264625549
190,0.6193465495960878,0.8082060217857361,0.6781423091888428,0.8956142663955688,0.7221577167510986,0.9715758562088013,0.6559554800244154,0.7680426239967346,0.6234328150749207,0.8285245895385742,0.7301206588745117,0.891128420829773,0.7973854541778564,0.6630432605743408,0.8925113677978516,0.7224422693252563,0.9629145264625549
191,0.6144122592287415,0.8082923293113708,0.6782639622688293,0.8956544399261475,0.7222722172737122,0.9715850353240967,0.560568446784236,0.7681444883346558,0.6235670447349548,0.8285672664642334,0.7303564548492432,0.8910483121871948,0.7973854541778564,0.6630432605743408,0.8925113677978516,0.7224422693252563,0.9629145264625549
192,0.6148189856638504,0.8085269927978516,0.6785944700241089,0.8957529067993164,0.7226829528808594,0.9715469479560852,0.6038874041739655,0.7682552337646484,0.623712956905365,0.8286087512969971,0.7306339144706726,0.8909396529197693,0.7973854541778564,0.6630432605743408,0.8925113677978516,0.7224422693252563,0.9629145264625549
193,0.6155160207278073,0.8087079524993896,0.6788493990898132,0.8958386778831482,0.7229361534118652,0.9715589284896851,0.6241675399116924,0.7683320045471191,0.6238142251968384,0.8286767601966858,0.7306591272354126,0.8910349011421204,0.7973854541778564,0.6630432605743408,0.8925113677978516,0.7224422693252563,0.9629145264625549
194,0.6156139342866283,0.8088483214378357,0.6790472269058228,0.8959099650382996,0.7230958342552185,0.9715917706489563,0.6238097027042576,0.7684339284896851,0.6239485740661621,0.82871013879776,0.7309352159500122,0.8909139037132263,0.7973854541778564,0.6630432605743408,0.8925113677978516,0.7224422693252563,0.9629145264625549
195,0.6134837684157407,0.809093177318573,0.6793925166130066,0.8960165977478027,0.7234942317008972,0.9715715646743774,0.6036039443021751,0.7685404419898987,0.6240890622138977,0.8287909030914307,0.7310280203819275,0.8909870386123657,0.7973854541778564,0.6630432605743408,0.8925113677978516,0.7224422693252563,0.9629145264625549
196,0.6168154926029191,0.8091326355934143,0.6794480681419373,0.8960492014884949,0.7234634757041931,0.9716302156448364,0.6079996740855809,0.7686321139335632,0.624210000038147,0.8288655281066895,0.731086015701294,0.8910722136497498,0.7973854541778564,0.6630432605743408,0.8925113677978516,0.7224422693252563,0.9629145264625549
197,0.6179289239450694,0.8092933893203735,0.6796749830245972,0.8961194753646851,0.7237104177474976,0.9716257452964783,0.6510085546461857,0.768754243850708,0.6243710517883301,0.8289063572883606,0.7314137816429138,0.8909304738044739,0.7973854541778564,0.6630432605743408,0.8925113677978516,0.7224422693252563,0.9629145264625549
198,0.6145304852538124,0.8094807863235474,0.679939329624176,0.8962081074714661,0.7239667773246765,0.9716416001319885,0.6203045847992649,0.7688629031181335,0.6245145201683044,0.8289893865585327,0.7315064072608948,0.8910073041915894,0.7973854541778564,0.6630432605743408,0.8925113677978516,0.7224422693252563,0.9629145264625549
199,0.6128611076431287,0.8096457123756409,0.6801720261573792,0.8962912559509277,0.7241675853729248,0.9716722965240479,0.5931368768295444,0.7689868807792664,0.6246780157089233,0.8290365934371948,0.7318143844604492,0.8908886909484863,0.7973854541778564,0.6630432605743408,0.8925113677978516,0.7224422693252563,0.9629145264625549
