,train_loss,train_dice,train_iou,train_acc,train_sens,train_spec,val_loss,val_dice,val_iou,val_acc,val_sens,val_spec,test_dice,test_iou,test_acc,test_sens,test_spec
0,0.7371724980128973,0.006243593525141478,0.003131573088467121,0.6894562840461731,0.0031479443423449993,0.9976523518562317,0.687284348638693,0.0,0.0,0.6111747622489929,0.0,1.0,0.7828534841537476,0.6431875824928284,0.8933971524238586,0.6563558578491211,0.9915246367454529
1,0.6731224826343825,0.17650754749774933,0.0967964231967926,0.7172207236289978,0.09779143333435059,0.9953838586807251,0.6608402921652544,0.36715757846832275,0.22485792636871338,0.6907369494438171,0.23072810471057892,0.9833914637565613,0.7828534841537476,0.6431875824928284,0.8933971524238586,0.6563558578491211,0.9915246367454529
2,0.646732035197406,0.39131438732147217,0.2432509958744049,0.7569208741188049,0.25213316082954407,0.9836027026176453,0.613758574557153,0.5273473858833313,0.3580935597419739,0.7287105321884155,0.3892272412776947,0.94468754529953,0.7828534841537476,0.6431875824928284,0.8933971524238586,0.6563558578491211,0.9915246367454529
3,0.6494256310379909,0.49764493107795715,0.33124321699142456,0.7780142426490784,0.35479992628097534,0.9680644273757935,0.6737877941328123,0.5596424341201782,0.38854408264160156,0.7430726289749146,0.4198857545852661,0.9486818909645081,0.7828534841537476,0.6431875824928284,0.8933971524238586,0.6563558578491211,0.9915246367454529
4,0.6477586740279876,0.5203662514686584,0.35168588161468506,0.7858437299728394,0.37486928701400757,0.9703973531723022,0.6444675145343115,0.5819950103759766,0.41043227910995483,0.7527589201927185,0.4426637589931488,0.9500393867492676,0.7828534841537476,0.6431875824928284,0.8933971524238586,0.6563558578491211,0.9915246367454529
5,0.6403374689793231,0.5479834675788879,0.37739482522010803,0.7939073443412781,0.4031117260456085,0.9693992733955383,0.590865197667505,0.604690670967102,0.43337395787239075,0.7616375684738159,0.4688669741153717,0.9478962421417236,0.7828534841537476,0.6431875824928284,0.8933971524238586,0.6563558578491211,0.9915246367454529
6,0.6411663019596185,0.5726832151412964,0.4012306034564972,0.8010346293449402,0.43022096157073975,0.9675535559654236,0.6387154889511566,0.6221116781234741,0.4514964520931244,0.7680508494377136,0.4910358488559723,0.9442859292030334,0.7828534841537476,0.6431875824928284,0.8933971524238586,0.6563558578491211,0.9915246367454529
7,0.6396358232838716,0.5921598672866821,0.4206158220767975,0.806934654712677,0.4522753357887268,0.9661992788314819,0.6402682476591444,0.6356030702590942,0.4658490717411041,0.7736408114433289,0.5077207684516907,0.9428173303604126,0.7828534841537476,0.6431875824928284,0.8933971524238586,0.6563558578491211,0.9915246367454529
8,0.6369914896556452,0.6059662103652954,0.43468543887138367,0.8115097284317017,0.46768516302108765,0.9659086465835571,0.6129932529644576,0.6453453302383423,0.4763910174369812,0.7779569029808044,0.5195643305778503,0.9423444867134094,0.7828534841537476,0.6431875824928284,0.8933971524238586,0.6563558578491211,0.9915246367454529
9,0.6374899249326003,0.618892252445221,0.44811293482780457,0.8156831860542297,0.4829273521900177,0.9651117324829102,0.6369332006415502,0.6541052460670471,0.48600026965141296,0.7816609740257263,0.5309461951255798,0.9411640167236328,0.7828534841537476,0.6431875824928284,0.8933971524238586,0.6563558578491211,0.9915246367454529
10,0.6354100216100631,0.6287004351615906,0.45847049355506897,0.8192223906517029,0.49387115240097046,0.9653257131576538,0.6320950580107223,0.6629239320755005,0.4958011507987976,0.7857462167739868,0.5418509244918823,0.9409106373786926,0.7828534841537476,0.6431875824928284,0.8933971524238586,0.6563558578491211,0.9915246367454529
11,0.6310981313305098,0.6392641663551331,0.4697929918766022,0.8230253458023071,0.5060014128684998,0.9653893113136292,0.6151760009641318,0.6700541377067566,0.5038206577301025,0.7890340089797974,0.5509284734725952,0.9405152201652527,0.7828534841537476,0.6431875824928284,0.8933971524238586,0.6563558578491211,0.9915246367454529
12,0.6305823479646091,0.6489909291267395,0.48037493228912354,0.8264847993850708,0.5176156163215637,0.9651867151260376,0.6120855995890004,0.6770687103271484,0.5117943286895752,0.7925824522972107,0.5592212677001953,0.9410452842712402,0.7828534841537476,0.6431875824928284,0.8933971524238586,0.6563558578491211,0.9915246367454529
13,0.6324140057667601,0.6552188992500305,0.4872308373451233,0.8289806842803955,0.524370014667511,0.9657702445983887,0.6352711973967419,0.6807295083999634,0.515989363193512,0.7943885922431946,0.5637396574020386,0.9411258101463318,0.7828534841537476,0.6431875824928284,0.8933971524238586,0.6563558578491211,0.9915246367454529
14,0.6347248560680689,0.6620638370513916,0.49483954906463623,0.831396758556366,0.5329428911209106,0.9654214978218079,0.6645787033398651,0.6854300498962402,0.5214101076126099,0.7963706851005554,0.5705605149269104,0.9400296211242676,0.7828534841537476,0.6431875824928284,0.8933971524238586,0.6563558578491211,0.9915246367454529
15,0.6336990270872724,0.6659132242202759,0.499152809381485,0.833084762096405,0.5367894172668457,0.9661402106285095,0.6484998726883783,0.6898664236068726,0.5265619158744812,0.7987747192382812,0.5755914449691772,0.9407624006271362,0.7828534841537476,0.6431875824928284,0.8933971524238586,0.6563558578491211,0.9915246367454529
16,0.6312581180266192,0.6714185476303101,0.5053650736808777,0.8351790904998779,0.5433907508850098,0.966210663318634,0.6434298866548542,0.6925883889198303,0.5297402143478394,0.8003008961677551,0.5785577893257141,0.9413723945617676,0.7828534841537476,0.6431875824928284,0.8933971524238586,0.6563558578491211,0.9915246367454529
17,0.6303663834635623,0.6748191714286804,0.5092279314994812,0.8367096781730652,0.5467295050621033,0.9669291377067566,0.6243614083117102,0.695364773273468,0.5329954624176025,0.8019676208496094,0.5812785625457764,0.9423684477806091,0.7828534841537476,0.6431875824928284,0.8933971524238586,0.6563558578491211,0.9915246367454529
18,0.6276467128864863,0.6779669523239136,0.5128214955329895,0.838132917881012,0.5498145222663879,0.9676063060760498,0.5867006990650403,0.7002126574516296,0.5387132167816162,0.8039886355400085,0.588726282119751,0.9409371018409729,0.7828534841537476,0.6431875824928284,0.8933971524238586,0.6563558578491211,0.9915246367454529
19,0.6296734955067156,0.6830021142959595,0.5186052918434143,0.8398239016532898,0.5568175315856934,0.966911792755127,0.6060514953865398,0.7013793587684631,0.5400956869125366,0.804554283618927,0.5903028845787048,0.9408595561981201,0.7828534841537476,0.6431875824928284,0.8933971524238586,0.6563558578491211,0.9915246367454529
20,0.6306396797708395,0.6857876181602478,0.521824061870575,0.8409769535064697,0.5599846243858337,0.9671603441238403,0.6195011852786483,0.703458309173584,0.542565107345581,0.8056218028068542,0.5929469466209412,0.9409239888191223,0.7828534841537476,0.6431875824928284,0.8933971524238586,0.6563558578491211,0.9915246367454529
21,0.6274718330406734,0.688787579536438,0.5253058671951294,0.8422228097915649,0.5634070634841919,0.9674288034439087,0.5957759891325891,0.7065081596374512,0.5462022423744202,0.8071225881576538,0.5970601439476013,0.9407629370689392,0.7828534841537476,0.6431875824928284,0.8933971524238586,0.6563558578491211,0.9915246367454529
22,0.6263137488928993,0.692210853099823,0.5292985439300537,0.8436204791069031,0.5674328804016113,0.9676463007926941,0.6101934715905613,0.7084949016571045,0.5485807657241821,0.8079016804695129,0.6003849506378174,0.9399223327636719,0.7828534841537476,0.6431875824928284,0.8933971524238586,0.6563558578491211,0.9915246367454529
23,0.6291551768375044,0.6958206295967102,0.5335313677787781,0.8450118899345398,0.5720255970954895,0.9676001071929932,0.6556754451570039,0.711151659488678,0.551772952079773,0.8091378808021545,0.6042655110359192,0.9394761919975281,0.7828534841537476,0.6431875824928284,0.8933971524238586,0.6563558578491211,0.9915246367454529
24,0.6261415158780459,0.6996736526489258,0.5380754470825195,0.8464665412902832,0.577104926109314,0.9674270153045654,0.6243459109254925,0.7132704257965088,0.554328203201294,0.8100941181182861,0.607485294342041,0.9389925003051758,0.7828534841537476,0.6431875824928284,0.8933971524238586,0.6563558578491211,0.9915246367454529
25,0.6271905886272835,0.7027585506439209,0.5417329668998718,0.8476935625076294,0.5809845328330994,0.9674628973007202,0.6372887096835016,0.7150695323944092,0.5565044283866882,0.8110724091529846,0.6097057461738586,0.9391804933547974,0.7828534841537476,0.6431875824928284,0.8933971524238586,0.6563558578491211,0.9915246367454529
26,0.6276093192712544,0.7063051462173462,0.5459595918655396,0.8489297032356262,0.5861713290214539,0.9669249653816223,0.6229191863786137,0.7160196900367737,0.5576562285423279,0.8116933703422546,0.6105452179908752,0.939662516117096,0.7828534841537476,0.6431875824928284,0.8933971524238586,0.6563558578491211,0.9915246367454529
27,0.6305821843378495,0.7071460485458374,0.5469651222229004,0.8494674563407898,0.5864593386650085,0.9675748944282532,0.6499617180205963,0.7171218991279602,0.5589945316314697,0.8124111890792847,0.611527681350708,0.9402118921279907,0.7828534841537476,0.6431875824928284,0.8933971524238586,0.6563558578491211,0.9915246367454529
28,0.626722351679854,0.7094370722770691,0.549711287021637,0.8504227995872498,0.5892350673675537,0.9677127003669739,0.6306777835551036,0.7188971638679504,0.5611549019813538,0.8132026791572571,0.6143102049827576,0.9397367238998413,0.7828534841537476,0.6431875824928284,0.8933971524238586,0.6563558578491211,0.9915246367454529
29,0.6280985431087117,0.7124401926994324,0.553325891494751,0.8515348434448242,0.5934639573097229,0.9674250483512878,0.6594817380416576,0.7189629077911377,0.5612351298332214,0.8134066462516785,0.6138393878936768,0.9403699040412903,0.7828534841537476,0.6431875824928284,0.8933971524238586,0.6563558578491211,0.9915246367454529
30,0.6277477342593997,0.7129766941070557,0.553973376750946,0.8519437909126282,0.5933818817138672,0.9680545926094055,0.6121911953111485,0.7210744619369507,0.5638126730918884,0.8143171072006226,0.6172757744789124,0.9396735429763794,0.7828534841537476,0.6431875824928284,0.8933971524238586,0.6563558578491211,0.9915246367454529
31,0.631939153072462,0.7153862118721008,0.5568881034851074,0.8526641726493835,0.5975063443183899,0.9672462344169617,0.6310531320246249,0.7216272950172424,0.56448894739151,0.8145276308059692,0.6182742118835449,0.9393826723098755,0.7828534841537476,0.6431875824928284,0.8933971524238586,0.6563558578491211,0.9915246367454529
32,0.6342755953556027,0.7152429819107056,0.5567145347595215,0.8527297377586365,0.5968204736709595,0.9676492810249329,0.64730154897862,0.7213928699493408,0.564202070236206,0.8145946264266968,0.6173302531242371,0.9400927424430847,0.7828534841537476,0.6431875824928284,0.8933971524238586,0.6563558578491211,0.9915246367454529
33,0.6275877169979045,0.7163223028182983,0.5580234527587891,0.8532285690307617,0.5979630947113037,0.9678589701652527,0.6106002951242075,0.722842276096344,0.5659772753715515,0.8151291608810425,0.6200125813484192,0.9392610192298889,0.7828534841537476,0.6431875824928284,0.8933971524238586,0.6563558578491211,0.9915246367454529
34,0.6277712880010546,0.7186030149459839,0.5607965588569641,0.8540505170822144,0.6013421416282654,0.9675326943397522,0.6390714194245803,0.7239318490028381,0.5673143863677979,0.8156586289405823,0.6216122508049011,0.9391096830368042,0.7828534841537476,0.6431875824928284,0.8933971524238586,0.6563558578491211,0.9915246367454529
35,0.6258862780384518,0.720517635345459,0.5631322264671326,0.854824960231781,0.6038539409637451,0.9675268530845642,0.6339783317771596,0.7249448299407959,0.5685595870018005,0.8162883520126343,0.6226407289505005,0.9394855499267578,0.7828534841537476,0.6431875824928284,0.8933971524238586,0.6563558578491211,0.9915246367454529
36,0.6247072522822078,0.7217221856117249,0.5646051168441772,0.855385959148407,0.605134129524231,0.9677648544311523,0.6003640123717002,0.7257364988327026,0.5695340633392334,0.8167028427124023,0.6237093210220337,0.9394840598106384,0.7828534841537476,0.6431875824928284,0.8933971524238586,0.6563558578491211,0.9915246367454529
37,0.627793723400234,0.7233971953392029,0.5666579604148865,0.8560341596603394,0.6074761152267456,0.9676524996757507,0.6446259192530253,0.7269007563591003,0.5709693431854248,0.8172443509101868,0.6255194544792175,0.9392185211181641,0.7828534841537476,0.6431875824928284,0.8933971524238586,0.6563558578491211,0.9915246367454529
38,0.6229590073489011,0.7248570322990417,0.5684515833854675,0.8566763401031494,0.6092021465301514,0.967807948589325,0.5978580461182237,0.7279456257820129,0.5722597241401672,0.8176854848861694,0.6273065209388733,0.9388033747673035,0.7828534841537476,0.6431875824928284,0.8933971524238586,0.6563558578491211,0.9915246367454529
39,0.6260764639786643,0.7263038754463196,0.5702332258224487,0.8572760820388794,0.6110768914222717,0.9678352475166321,0.632706834994635,0.7291764616966248,0.5737826824188232,0.818347156047821,0.6289325952529907,0.9388514161109924,0.7828534841537476,0.6431875824928284,0.8933971524238586,0.6563558578491211,0.9915246367454529
40,0.6290670408870822,0.7280935049057007,0.5724426507949829,0.8579071760177612,0.6138884425163269,0.967487096786499,0.6580882385012317,0.7298296689987183,0.5745919942855835,0.8187917470932007,0.6294734477996826,0.9392347931861877,0.7828534841537476,0.6431875824928284,0.8933971524238586,0.6563558578491211,0.9915246367454529
41,0.6292034854508594,0.7280789613723755,0.5724247097969055,0.8580434918403625,0.6132546067237854,0.9679692387580872,0.6319974418646008,0.7305834889411926,0.575527012348175,0.8193097114562988,0.63008052110672,0.9396959543228149,0.7828534841537476,0.6431875824928284,0.8933971524238586,0.6563558578491211,0.9915246367454529
42,0.6297015757482398,0.7284669876098633,0.5729045271873474,0.8582686185836792,0.6134834289550781,0.9681928157806396,0.6394994392843549,0.7308740615844727,0.5758876800537109,0.8195074200630188,0.6303210258483887,0.9398665428161621,0.7828534841537476,0.6431875824928284,0.8933971524238586,0.6563558578491211,0.9915246367454529
43,0.6301367243627713,0.7295067310333252,0.5741917490959167,0.8586484789848328,0.6150678396224976,0.968031644821167,0.6474909117604338,0.7319587469100952,0.5772356986999512,0.819912850856781,0.6323874592781067,0.9392151832580566,0.7828534841537476,0.6431875824928284,0.8933971524238586,0.6563558578491211,0.9915246367454529
44,0.6274622191594827,0.7306404709815979,0.5755976438522339,0.8591011166572571,0.6166355013847351,0.9679835438728333,0.6396180257318976,0.7325857877731323,0.5780161023139954,0.8202943205833435,0.6330694556236267,0.9394055008888245,0.7828534841537476,0.6431875824928284,0.8933971524238586,0.6563558578491211,0.9915246367454529
45,0.6248714512329484,0.7316941022872925,0.5769066214561462,0.8595606088638306,0.6179280281066895,0.9680690169334412,0.6198650355698375,0.7335886359214783,0.5792655944824219,0.8207316398620605,0.6347737908363342,0.9390367865562439,0.7828534841537476,0.6431875824928284,0.8933971524238586,0.6563558578491211,0.9915246367454529
46,0.6239840365517588,0.7326114177703857,0.5780479311943054,0.8599683046340942,0.6190230250358582,0.9681679606437683,0.598339617850606,0.7338571548461914,0.5796006321907043,0.8209148049354553,0.6349974870681763,0.9391941428184509,0.7828534841537476,0.6431875824928284,0.8933971524238586,0.6563558578491211,0.9915246367454529
47,0.6260650343627221,0.7336993217468262,0.579403817653656,0.8604246973991394,0.6204462647438049,0.9681902527809143,0.6408010894258436,0.7345647215843201,0.5804838538169861,0.8211355805397034,0.6365182995796204,0.9385878443717957,0.7828534841537476,0.6431875824928284,0.8933971524238586,0.6563558578491211,0.9915246367454529
48,0.6248673127166555,0.7346115112304688,0.580542266368866,0.8608136177062988,0.6216157674789429,0.9682286977767944,0.6105296776442182,0.7353575825691223,0.581474781036377,0.8215960264205933,0.6374693512916565,0.938736081123352,0.7828534841537476,0.6431875824928284,0.8933971524238586,0.6563558578491211,0.9915246367454529
49,0.6277103713440442,0.7356270551681519,0.581811785697937,0.8612332344055176,0.622982382774353,0.9682230353355408,0.6639312925277838,0.7363748550415039,0.5827479362487793,0.8220187425613403,0.6392960548400879,0.9382656812667847,0.7828534841537476,0.6431875824928284,0.8933971524238586,0.6563558578491211,0.9915246367454529
50,0.6258945021885568,0.7364944219589233,0.5828976035118103,0.8615849614143372,0.6241838932037354,0.9681930541992188,0.6176536922341465,0.7364839315414429,0.5828844904899597,0.8221593499183655,0.6391499042510986,0.9385887384414673,0.7828534841537476,0.6431875824928284,0.8933971524238586,0.6563558578491211,0.9915246367454529
51,0.6308452772792452,0.7364509701728821,0.5828432440757751,0.8616466522216797,0.623765766620636,0.9684703350067139,0.6532656327305413,0.7366321682929993,0.5830702781677246,0.8222984671592712,0.6391380429267883,0.938823938369751,0.7828534841537476,0.6431875824928284,0.8933971524238586,0.6563558578491211,0.9915246367454529
52,0.6309301572368069,0.7372110486030579,0.5837959051132202,0.8619382977485657,0.6248958706855774,0.9683853983879089,0.6790781303854425,0.7374136447906494,0.5840499997138977,0.8226526975631714,0.6404409408569336,0.9385746121406555,0.7828534841537476,0.6431875824928284,0.8933971524238586,0.6563558578491211,0.9915246367454529
53,0.6304996824895945,0.7374452352523804,0.5840896964073181,0.8620639443397522,0.6250824332237244,0.9684837460517883,0.6498918650414636,0.7382961511611938,0.5851579904556274,0.8230936527252197,0.64177006483078,0.9384505152702332,0.7828534841537476,0.6431875824928284,0.8933971524238586,0.6563558578491211,0.9915246367454529
54,0.6243050217414895,0.7380966544151306,0.5849074125289917,0.8623668551445007,0.6258134841918945,0.9685944318771362,0.6092831871112966,0.7383790016174316,0.5852621793746948,0.8230870366096497,0.6420692801475525,0.9382493495941162,0.7828534841537476,0.6431875824928284,0.8933971524238586,0.6563558578491211,0.9915246367454529
55,0.6258622747345044,0.7390432953834534,0.586097240447998,0.8627229928970337,0.627261757850647,0.9684600830078125,0.6194145418832444,0.7388356924057007,0.5858362317085266,0.8233798146247864,0.6425248384475708,0.9384385943412781,0.7828534841537476,0.6431875824928284,0.8933971524238586,0.6563558578491211,0.9915246367454529
56,0.6302645721525685,0.7393977046012878,0.5865432024002075,0.8628838658332825,0.6276798248291016,0.9685054421424866,0.6572995156296209,0.7390795350074768,0.5861428380012512,0.8235745429992676,0.6426282525062561,0.9386913776397705,0.7828534841537476,0.6431875824928284,0.8933971524238586,0.6563558578491211,0.9915246367454529
57,0.6250827724464156,0.7396941781044006,0.5869163274765015,0.8630648255348206,0.627816915512085,0.9687060117721558,0.6037143017719193,0.7392352223396301,0.5863387584686279,0.8236333131790161,0.6429330110549927,0.9385936260223389,0.7828534841537476,0.6431875824928284,0.8933971524238586,0.6563558578491211,0.9915246367454529
58,0.6276136492490118,0.7405520081520081,0.587997317314148,0.8633725047111511,0.6292064189910889,0.9685279130935669,0.636117141166683,0.7399294376373291,0.5872126817703247,0.8239630460739136,0.6440483927726746,0.9384234547615051,0.7828534841537476,0.6431875824928284,0.8933971524238586,0.6563558578491211,0.9915246367454529
59,0.6221078355002184,0.7414113283157349,0.5890814661979675,0.8637440204620361,0.6303108930587769,0.9685704112052917,0.6045982120354505,0.7403239607810974,0.587709903717041,0.8241249918937683,0.6447772979736328,0.9382247924804688,0.7828534841537476,0.6431875824928284,0.8933971524238586,0.6563558578491211,0.9915246367454529
60,0.622471990046042,0.7424945831298828,0.5904503464698792,0.8641786575317383,0.6318656206130981,0.9685019254684448,0.618939770582189,0.7410652041435242,0.5886446237564087,0.8245016932487488,0.6458840370178223,0.9381369352340698,0.7828534841537476,0.6431875824928284,0.8933971524238586,0.6563558578491211,0.9915246367454529
61,0.6259231249447184,0.7429796457290649,0.5910642147064209,0.8644169569015503,0.6323602199554443,0.9686250686645508,0.6392843452907403,0.7414783239364624,0.5891661047935486,0.8247964978218079,0.6461893320083618,0.9384252429008484,0.7828534841537476,0.6431875824928284,0.8933971524238586,0.6563558578491211,0.9915246367454529
62,0.6246643682740263,0.7434791326522827,0.591696560382843,0.864660382270813,0.6328790187835693,0.9687448740005493,0.6236270283665695,0.7421520352363586,0.5900173187255859,0.8250595927238464,0.6474928855895996,0.9380263090133667,0.7828534841537476,0.6431875824928284,0.8933971524238586,0.6563558578491211,0.9915246367454529
63,0.6251111231027903,0.7445821166038513,0.5930950045585632,0.8650587201118469,0.6346814036369324,0.9685127139091492,0.6357934327422088,0.7424371838569641,0.5903777480125427,0.8252237439155579,0.6478501558303833,0.938067615032196,0.7828534841537476,0.6431875824928284,0.8933971524238586,0.6563558578491211,0.9915246367454529
64,0.6244394979782104,0.7450704574584961,0.5937148928642273,0.8653008937835693,0.6351720690727234,0.9686433672904968,0.6292020829816276,0.7431232929229736,0.5912460088729858,0.825535237789154,0.6490221619606018,0.9378316402435303,0.7828534841537476,0.6431875824928284,0.8933971524238586,0.6563558578491211,0.9915246367454529
65,0.6213714529382558,0.7460890412330627,0.5950096249580383,0.8656915426254272,0.6367403268814087,0.9685052633285522,0.5926693288732972,0.743198812007904,0.5913415551185608,0.8256381750106812,0.6488956809043884,0.9380805492401123,0.7828534841537476,0.6431875824928284,0.8933971524238586,0.6563558578491211,0.9915246367454529
66,0.625673262915455,0.7461684942245483,0.5951107144355774,0.865790605545044,0.6365374326705933,0.9687398076057434,0.617795500624869,0.7434425950050354,0.5916503071784973,0.825842022895813,0.6489656567573547,0.938369631767273,0.7828534841537476,0.6431875824928284,0.8933971524238586,0.6563558578491211,0.9915246367454529
67,0.6235854389133562,0.7466210722923279,0.5956867337226868,0.8660081028938293,0.6370273232460022,0.9688349962234497,0.6091111044011734,0.7440019845962524,0.592359185218811,0.8261278867721558,0.6498048305511475,0.9383034110069275,0.7828534841537476,0.6431875824928284,0.8933971524238586,0.6563558578491211,0.9915246367454529
68,0.6243961694913975,0.74747234582901,0.5967711210250854,0.8663277626037598,0.6383765935897827,0.9686923623085022,0.6252987051663426,0.7446300387382507,0.5931558609008789,0.8264116644859314,0.6508887410163879,0.9380782246589661,0.7828534841537476,0.6431875824928284,0.8933971524238586,0.6563558578491211,0.9915246367454529
69,0.6228550026848003,0.7483417987823486,0.5978803038597107,0.8666730523109436,0.639670729637146,0.968611478805542,0.6237620742350547,0.7449679970741272,0.5935848355293274,0.8266047239303589,0.651322066783905,0.9381183385848999,0.7828534841537476,0.6431875824928284,0.8933971524238586,0.6563558578491211,0.9915246367454529
70,0.6213554239163535,0.7489008903503418,0.5985944271087646,0.8669411540031433,0.6402838230133057,0.96872478723526,0.6068822236674772,0.7455161213874817,0.5942811369895935,0.8268704414367676,0.6522040963172913,0.9379919171333313,0.7828534841537476,0.6431875824928284,0.8933971524238586,0.6563558578491211,0.9915246367454529
71,0.6227530854776561,0.7497546076774597,0.5996859669685364,0.8672870397567749,0.6415287852287292,0.9686667323112488,0.6333093190938539,0.7460384964942932,0.5949452519416809,0.8271414041519165,0.652979850769043,0.93794184923172,0.7828534841537476,0.6431875824928284,0.8933971524238586,0.6563558578491211,0.9915246367454529
72,0.6231043068731146,0.7501721978187561,0.6002204418182373,0.8675026297569275,0.6419143080711365,0.9688061475753784,0.6247545923807079,0.746600866317749,0.595660924911499,0.8274123072624207,0.6538962125778198,0.9378020167350769,0.7828534841537476,0.6431875824928284,0.8933971524238586,0.6563558578491211,0.9915246367454529
73,0.6242150550906409,0.7510544657707214,0.6013508439064026,0.8678322434425354,0.6433424353599548,0.9686424136161804,0.6371237737404082,0.746988832950592,0.5961549282073975,0.8276498317718506,0.6543372869491577,0.9379100799560547,0.7828534841537476,0.6431875824928284,0.8933971524238586,0.6563558578491211,0.9915246367454529
74,0.621653363415855,0.7515013217926025,0.6019240617752075,0.8680604696273804,0.6437692046165466,0.9687815308570862,0.6137147165837944,0.7473394870758057,0.5966017842292786,0.8278071284294128,0.6549546122550964,0.9377747774124146,0.7828534841537476,0.6431875824928284,0.8933971524238586,0.6563558578491211,0.9915246367454529
75,0.6243827640731267,0.7524091601371765,0.6030896306037903,0.8683980703353882,0.6452547311782837,0.9686036109924316,0.6459436283080053,0.7476523518562317,0.5970006585121155,0.828008234500885,0.6552751064300537,0.9378998875617981,0.7828534841537476,0.6431875824928284,0.8933971524238586,0.6563558578491211,0.9915246367454529
76,0.621472794109674,0.752701461315155,0.6034653782844543,0.868569552898407,0.6454266905784607,0.9687749147415161,0.5982885437579275,0.7479479908943176,0.5973777174949646,0.8281654119491577,0.6557033658027649,0.9378845691680908,0.7828534841537476,0.6431875824928284,0.8933971524238586,0.6563558578491211,0.9915246367454529
77,0.6240957117542107,0.753395140171051,0.6043576002120972,0.8688475489616394,0.6464681625366211,0.9687100052833557,0.6439217338640408,0.7483985424041748,0.5979527235031128,0.8283085227012634,0.6567258238792419,0.9374682307243347,0.7828534841537476,0.6431875824928284,0.8933971524238586,0.6563558578491211,0.9915246367454529
78,0.6208976726114959,0.7539156675338745,0.6050277948379517,0.8690904378890991,0.6470823287963867,0.9687862992286682,0.6071837985010775,0.748841404914856,0.598518431186676,0.8285947442054749,0.6571758389472961,0.9376503229141235,0.7828534841537476,0.6431875824928284,0.8933971524238586,0.6563558578491211,0.9915246367454529
79,0.6230145586618414,0.754564106464386,0.6058635115623474,0.8693639039993286,0.6479941606521606,0.9687729477882385,0.6408691996786533,0.7493312358856201,0.5991443991661072,0.8287882208824158,0.6581467986106873,0.9373491406440735,0.7828534841537476,0.6431875824928284,0.8933971524238586,0.6563558578491211,0.9915246367454529
80,0.6196605090446168,0.7552798986434937,0.6067869067192078,0.8696542382240295,0.6490599513053894,0.9687150716781616,0.5898250320343013,0.7494396567344666,0.5992830395698547,0.8288614153862,0.6582453846931458,0.9374061822891235,0.7828534841537476,0.6431875824928284,0.8933971524238586,0.6563558578491211,0.9915246367454529
81,0.6225473787262227,0.7557030916213989,0.6073334813117981,0.8698500990867615,0.6495709419250488,0.9687695503234863,0.6152843149465689,0.7498998641967773,0.5998719334602356,0.8291213512420654,0.6588597297668457,0.9374405741691589,0.7828534841537476,0.6431875824928284,0.8933971524238586,0.6563558578491211,0.9915246367454529
82,0.6234559777504335,0.7562337517738342,0.6080191731452942,0.8700810074806213,0.6502864360809326,0.9687827229499817,0.6419468317872947,0.7500126361846924,0.600016176700592,0.8291486501693726,0.6591503620147705,0.9373003840446472,0.7828534841537476,0.6431875824928284,0.8933971524238586,0.6563558578491211,0.9915246367454529
83,0.6214490529583866,0.7565810680389404,0.6084682941436768,0.8702574968338013,0.650628387928009,0.9688848853111267,0.6049262571491287,0.7503916025161743,0.6005014181137085,0.8293462991714478,0.6597208976745605,0.9372606873512268,0.7828534841537476,0.6431875824928284,0.8933971524238586,0.6563558578491211,0.9915246367454529
84,0.6229465990920893,0.7572229504585266,0.6092990636825562,0.8705064654350281,0.6516491770744324,0.9687873125076294,0.6245177193223377,0.7507350444793701,0.6009414196014404,0.8295834064483643,0.6600139141082764,0.937462329864502,0.7828534841537476,0.6431875824928284,0.8933971524238586,0.6563558578491211,0.9915246367454529
85,0.6220369418512142,0.7574763894081116,0.6096273064613342,0.8706586360931396,0.6517813205718994,0.9689485430717468,0.6212138278434234,0.7510346174240112,0.6013253927230835,0.829718291759491,0.660548210144043,0.937343180179596,0.7828534841537476,0.6431875824928284,0.8933971524238586,0.6563558578491211,0.9915246367454529
86,0.6202295659357191,0.7582551836967468,0.610636830329895,0.8709662556648254,0.6529969573020935,0.9688483476638794,0.613972025857379,0.7515557408332825,0.6019939184188843,0.8299745917320251,0.6613964438438416,0.9372227787971497,0.7828534841537476,0.6431875824928284,0.8933971524238586,0.6563558578491211,0.9915246367454529
87,0.620664702889818,0.7588962316513062,0.6114687919616699,0.8712520599365234,0.653835117816925,0.968886137008667,0.6425467372488046,0.7519209384918213,0.6024625897407532,0.8301509618759155,0.6620041728019714,0.9371247887611389,0.7828534841537476,0.6431875824928284,0.8933971524238586,0.6563558578491211,0.9915246367454529
88,0.6177532888256988,0.7596024870872498,0.6123863458633423,0.8715566992759705,0.6548134684562683,0.9688881039619446,0.6002202996176906,0.7523108720779419,0.6029634475708008,0.8303639888763428,0.6625583171844482,0.9371207356452942,0.7828534841537476,0.6431875824928284,0.8933971524238586,0.6563558578491211,0.9915246367454529
89,0.619967036239511,0.7602747678756714,0.6132606863975525,0.8718447089195251,0.6557572484016418,0.9688816070556641,0.6281218109337287,0.7525149583816528,0.6032257080078125,0.8304991126060486,0.6627561450004578,0.9372161030769348,0.7828534841537476,0.6431875824928284,0.8933971524238586,0.6563558578491211,0.9915246367454529
90,0.61947695911334,0.7607353925704956,0.6138603091239929,0.872061550617218,0.656305193901062,0.9689498543739319,0.6065198836276777,0.7530520558357239,0.6039161682128906,0.8306959867477417,0.6638996005058289,0.9368106126785278,0.7828534841537476,0.6431875824928284,0.8933971524238586,0.6563558578491211,0.9915246367454529
91,0.6190517876793424,0.7613267302513123,0.6146307587623596,0.872327446937561,0.6570741534233093,0.9689898490905762,0.6199146022054385,0.753476083278656,0.6044617891311646,0.8309343457221985,0.6644793748855591,0.9368318319320679,0.7828534841537476,0.6431875824928284,0.8933971524238586,0.6563558578491211,0.9915246367454529
92,0.6199841989177718,0.7619954347610474,0.6155029535293579,0.8726003170013428,0.658089816570282,0.9689291715621948,0.6179390117775165,0.7534427642822266,0.604418933391571,0.8309186100959778,0.664421796798706,0.9368427991867065,0.7828534841537476,0.6431875824928284,0.8933971524238586,0.6563558578491211,0.9915246367454529
93,0.6252046647360306,0.762190580368042,0.6157575845718384,0.8726890683174133,0.6583393216133118,0.9689456820487976,0.6245655233070069,0.7537244558334351,0.6047816276550293,0.8310984969139099,0.6647226810455322,0.9369456768035889,0.7828534841537476,0.6431875824928284,0.8933971524238586,0.6563558578491211,0.9915246367454529
94,0.6283346632888367,0.7622719407081604,0.6158638596534729,0.8727233409881592,0.6584578156471252,0.9689421653747559,0.643722835697139,0.7537645101547241,0.6048331260681152,0.831150233745575,0.6646625995635986,0.9370684623718262,0.7828534841537476,0.6431875824928284,0.8933971524238586,0.6563558578491211,0.9915246367454529
95,0.6298753693376121,0.762200117111206,0.6157700419425964,0.8727037310600281,0.6582983136177063,0.9689853191375732,0.6495888255575091,0.7537696957588196,0.6048398017883301,0.8311586380004883,0.6646477580070496,0.9370917081832886,0.7828534841537476,0.6431875824928284,0.8933971524238586,0.6563558578491211,0.9915246367454529
96,0.6256755865975828,0.7625443935394287,0.6162195801734924,0.872830867767334,0.658892035484314,0.9689028859138489,0.6332923017329142,0.7541019916534424,0.6052678227424622,0.831305205821991,0.6652615666389465,0.9369409084320068,0.7828534841537476,0.6431875824928284,0.8933971524238586,0.6563558578491211,0.9915246367454529
97,0.6231195844023534,0.7630694508552551,0.6169057488441467,0.8730515837669373,0.6596598625183105,0.9688780903816223,0.6592986112671673,0.7542406320571899,0.605446457862854,0.8313890099525452,0.6654281616210938,0.9369722604751587,0.7828534841537476,0.6431875824928284,0.8933971524238586,0.6563558578491211,0.9915246367454529
98,0.6201141423415429,0.763393759727478,0.6173297166824341,0.8732149600982666,0.6599941849708557,0.9689646363258362,0.6107879714433755,0.7545000314712524,0.6057808995246887,0.8314601182937622,0.6660794615745544,0.9366741180419922,0.7828534841537476,0.6431875824928284,0.8933971524238586,0.6563558578491211,0.9915246367454529
99,0.6253436597968698,0.7638711333274841,0.6179543137550354,0.8734027743339539,0.6607620716094971,0.968891978263855,0.6676246644167834,0.7547841668128967,0.6061472296714783,0.8316419720649719,0.6663825511932373,0.9367788434028625,0.7828534841537476,0.6431875824928284,0.8933971524238586,0.6563558578491211,0.9915246367454529
100,0.6235204847955202,0.7640364766120911,0.6181707382202148,0.8735052347183228,0.6608321666717529,0.9690090417861938,0.6418157343556172,0.7551182508468628,0.6065782904624939,0.8318482637405396,0.66676926612854,0.9368703961372375,0.7828534841537476,0.6431875824928284,0.8933971524238586,0.6563558578491211,0.9915246367454529
101,0.6202498217687429,0.764552891254425,0.618847131729126,0.8737074136734009,0.661670446395874,0.968925416469574,0.5969355546550137,0.75523442029953,0.606728196144104,0.8318840265274048,0.6670460104942322,0.93675297498703,0.7828534841537476,0.6431875824928284,0.8933971524238586,0.6563558578491211,0.9915246367454529
102,0.6179722841169252,0.7648923993110657,0.619292140007019,0.8738640546798706,0.6620978116989136,0.9689606428146362,0.5650304812841509,0.7553706765174866,0.606904149055481,0.8319775462150574,0.6671668291091919,0.9368290901184082,0.7828534841537476,0.6431875824928284,0.8933971524238586,0.6563558578491211,0.9915246367454529
103,0.6238366872942176,0.7653394937515259,0.6198785901069641,0.8740432858467102,0.6628038883209229,0.9689032435417175,0.6530511800630507,0.7556394338607788,0.6072512269020081,0.8320779204368591,0.66773921251297,0.9366291165351868,0.7828534841537476,0.6431875824928284,0.8933971524238586,0.6563558578491211,0.9915246367454529
104,0.6219685693857436,0.7656705975532532,0.6203130483627319,0.8741968274116516,0.6632183790206909,0.9689395427703857,0.6311435901165166,0.7555273175239563,0.6071063876152039,0.8320377469062805,0.6674933433532715,0.9367198348045349,0.7828534841537476,0.6431875824928284,0.8933971524238586,0.6563558578491211,0.9915246367454529
105,0.6177438462445404,0.7660342454910278,0.6207904815673828,0.8743694424629211,0.6636523604393005,0.9689947962760925,0.5846518249880603,0.7559221386909485,0.6076164245605469,0.8321851491928101,0.6683356761932373,0.9364250898361206,0.7828534841537476,0.6431875824928284,0.8933971524238586,0.6563558578491211,0.9915246367454529
106,0.6216192964994535,0.7664200067520142,0.6212973594665527,0.8745392560958862,0.6641841530799866,0.9690020084381104,0.6297324453349236,0.7561755776405334,0.6079440712928772,0.83233642578125,0.6686516404151917,0.9364714622497559,0.7828534841537476,0.6431875824928284,0.8933971524238586,0.6563558578491211,0.9915246367454529
107,0.6215436449312367,0.7669489979743958,0.6219929456710815,0.8747624754905701,0.6649664044380188,0.968974232673645,0.6559696573451737,0.7565720677375793,0.6084566712379456,0.8325369954109192,0.6692899465560913,0.9363937377929688,0.7828534841537476,0.6431875824928284,0.8933971524238586,0.6563558578491211,0.9915246367454529
108,0.6217162477785991,0.7672315239906311,0.6223646402359009,0.8749054670333862,0.6652578711509705,0.9690505862236023,0.6422518475849117,0.7569004893302917,0.6088816523551941,0.8327411413192749,0.6696677207946777,0.9364873766899109,0.7828534841537476,0.6431875824928284,0.8933971524238586,0.6563558578491211,0.9915246367454529
109,0.6176161637665671,0.7677100896835327,0.6229947209358215,0.8751235008239746,0.6658821105957031,0.9690861701965332,0.6131996194746601,0.7573562860488892,0.6094717383384705,0.8329165577888489,0.670625627040863,0.936164915561676,0.7828534841537476,0.6431875824928284,0.8933971524238586,0.6563558578491211,0.9915246367454529
110,0.622741565168413,0.7682603597640991,0.6237198114395142,0.8753421902656555,0.6667721271514893,0.9690033197402954,0.6618301463818372,0.7572307586669922,0.6093092560768127,0.8328677415847778,0.6703634858131409,0.9362519383430481,0.7828534841537476,0.6431875824928284,0.8933971524238586,0.6563558578491211,0.9915246367454529
111,0.6194674904928391,0.7685933113098145,0.6241587400436401,0.8755061030387878,0.6671421527862549,0.9690747857093811,0.6221313208745431,0.7576647400856018,0.6098713278770447,0.8330453634262085,0.6712349057197571,0.9359880089759827,0.7828534841537476,0.6431875824928284,0.8933971524238586,0.6563558578491211,0.9915246367454529
112,0.6211157193297607,0.7691741585731506,0.6249253153800964,0.8757196068763733,0.6681786179542542,0.9689186811447144,0.6178592865554231,0.7578699588775635,0.6101373434066772,0.8331820964813232,0.6714352965354919,0.9360843300819397,0.7828534841537476,0.6431875824928284,0.8933971524238586,0.6563558578491211,0.9915246367454529
113,0.6177597318534511,0.769364058971405,0.625175952911377,0.875837504863739,0.6682589054107666,0.9690534472465515,0.5889588650444681,0.7580910325050354,0.6104239821434021,0.8333045840263367,0.6717514395713806,0.9360835552215576,0.7828534841537476,0.6431875824928284,0.8933971524238586,0.6563558578491211,0.9915246367454529
114,0.6200413749319122,0.769910454750061,0.6258978843688965,0.8760590553283691,0.6691256165504456,0.968985378742218,0.6313551209686852,0.7584233283996582,0.6108551025390625,0.8334993720054626,0.6721841096878052,0.9361270070075989,0.7828534841537476,0.6431875824928284,0.8933971524238586,0.6563558578491211,0.9915246367454529
115,0.6184527707522809,0.7701327800750732,0.6261918544769287,0.8761851787567139,0.6692846417427063,0.9690966010093689,0.6007927350171054,0.7585830092430115,0.611062228679657,0.8336206078529358,0.6722801923751831,0.9362642168998718,0.7828534841537476,0.6431875824928284,0.8933971524238586,0.6563558578491211,0.9915246367454529
116,0.6187243887121266,0.7705945372581482,0.6268025636672974,0.8763895630836487,0.6699258685112,0.969105064868927,0.6304141192647456,0.759048342704773,0.6116663217544556,0.8338046669960022,0.6732462644577026,0.9359508156776428,0.7828534841537476,0.6431875824928284,0.8933971524238586,0.6563558578491211,0.9915246367454529
117,0.6175513716110697,0.7710759043693542,0.6274397969245911,0.8765904903411865,0.6706621050834656,0.9690654277801514,0.5954936464382266,0.7592670917510986,0.6119504570960999,0.8339238166809082,0.6735689043998718,0.9359405636787415,0.7828534841537476,0.6431875824928284,0.8933971524238586,0.6563558578491211,0.9915246367454529
118,0.6173229308186058,0.7716612219810486,0.6282152533531189,0.876835823059082,0.6715540885925293,0.9690203666687012,0.6183627986752827,0.7595303654670715,0.6122925877571106,0.8340824246406555,0.6738958954811096,0.9359920620918274,0.7828534841537476,0.6431875824928284,0.8933971524238586,0.6563558578491211,0.9915246367454529
119,0.6182249380836851,0.7719425559043884,0.6285881996154785,0.876989483833313,0.6717884540557861,0.9691377282142639,0.6273962104187312,0.7598534822463989,0.6127126812934875,0.8342289924621582,0.6744934320449829,0.9358516931533813,0.7828534841537476,0.6431875824928284,0.8933971524238586,0.6563558578491211,0.9915246367454529
120,0.6169991710184219,0.7725604176521301,0.6294081211090088,0.8772557973861694,0.6726934909820557,0.969117283821106,0.6410678869285105,0.7602363228797913,0.6132107377052307,0.8344249725341797,0.6751115918159485,0.9357790946960449,0.7828534841537476,0.6431875824928284,0.8933971524238586,0.6563558578491211,0.9915246367454529
121,0.6176897309496641,0.7730551362037659,0.6300650835037231,0.877480149269104,0.6733580827713013,0.9691440463066101,0.6431216345027391,0.7604454755783081,0.6134829521179199,0.8345150947570801,0.6755192279815674,0.9356671571731567,0.7828534841537476,0.6431875824928284,0.8933971524238586,0.6563558578491211,0.9915246367454529
122,0.6172727428655256,0.7734238505363464,0.6305550932884216,0.8776605129241943,0.6737819910049438,0.9692150354385376,0.6207032822306946,0.7608415484428406,0.6139985918998718,0.8346802592277527,0.6763147115707397,0.9354312419891357,0.7828534841537476,0.6431875824928284,0.8933971524238586,0.6563558578491211,0.9915246367454529
123,0.6152410200916026,0.773948073387146,0.6312522888183594,0.8778879642486572,0.6745462417602539,0.9692012071609497,0.5975945247735013,0.7610672116279602,0.614292562007904,0.8348092436790466,0.6766257286071777,0.9354445934295654,0.7828534841537476,0.6431875824928284,0.8933971524238586,0.6563558578491211,0.9915246367454529
124,0.613883924641107,0.7744431495666504,0.6319112777709961,0.8781080842018127,0.6752398014068604,0.969208836555481,0.5814643677087985,0.7614004611968994,0.6147269606590271,0.8349456191062927,0.6773081421852112,0.9352334141731262,0.7828534841537476,0.6431875824928284,0.8933971524238586,0.6563558578491211,0.9915246367454529
125,0.6131752378990913,0.7749217748641968,0.6325488090515137,0.8783308863639832,0.6758559942245483,0.9692550301551819,0.5855258850060349,0.7616727948188782,0.6150820255279541,0.8351002335548401,0.6776888966560364,0.9352442622184753,0.7828534841537476,0.6431875824928284,0.8933971524238586,0.6563558578491211,0.9915246367454529
126,0.613865422004096,0.7754952311515808,0.6333133578300476,0.8785776495933533,0.6767086982727051,0.9692296981811523,0.5934990220293028,0.7619723081588745,0.6154727339744568,0.8352339863777161,0.6782576441764832,0.9351013898849487,0.7828534841537476,0.6431875824928284,0.8933971524238586,0.6563558578491211,0.9915246367454529
127,0.61642089061307,0.7758920192718506,0.6338427662849426,0.878770649433136,0.6771757006645203,0.9692995548248291,0.6282001493398557,0.7623032331466675,0.615904688835144,0.8354058265686035,0.6787886023521423,0.9350446462631226,0.7828534841537476,0.6431875824928284,0.8933971524238586,0.6563558578491211,0.9915246367454529
128,0.6156282763132459,0.7763054370880127,0.6343948245048523,0.8789545893669128,0.6777591705322266,0.9693040251731873,0.5934667062894332,0.7626019716262817,0.616294801235199,0.8355638384819031,0.6792563796043396,0.9350055456161499,0.7828534841537476,0.6431875824928284,0.8933971524238586,0.6563558578491211,0.9915246367454529
129,0.6163697231654964,0.7767754793167114,0.6350228190422058,0.8791621923446655,0.678431510925293,0.9693030714988708,0.6203572790936178,0.7625628113746643,0.6162436008453369,0.8355854749679565,0.6790202856063843,0.9351910948753357,0.7828534841537476,0.6431875824928284,0.8933971524238586,0.6563558578491211,0.9915246367454529
130,0.6181297594823056,0.7770136594772339,0.6353412866592407,0.87929368019104,0.6786254644393921,0.9694064259529114,0.6301645162732963,0.7628527879714966,0.6166225075721741,0.8356824517250061,0.6797078847885132,0.9349122643470764,0.7828534841537476,0.6431875824928284,0.8933971524238586,0.6563558578491211,0.9915246367454529
131,0.6155210415345151,0.7775205373764038,0.6360192894935608,0.8795099258422852,0.6793956160545349,0.9693740606307983,0.6066941663380108,0.7631417512893677,0.617000162601471,0.8358587026596069,0.6800647974014282,0.9349735975265503,0.7828534841537476,0.6431875824928284,0.8933971524238586,0.6563558578491211,0.9915246367454529
132,0.6180577207813391,0.7778506875038147,0.6364611983299255,0.8796603679656982,0.679844081401825,0.9693906307220459,0.6186383366964885,0.7634158730506897,0.6173585653305054,0.8359959721565247,0.68052738904953,0.9349040389060974,0.7828534841537476,0.6431875824928284,0.8933971524238586,0.6563558578491211,0.9915246367454529
133,0.6172931882717226,0.7782547473907471,0.6370025277137756,0.8798460960388184,0.6803854703903198,0.9694165587425232,0.6376807687509898,0.7636980414390564,0.6177277565002441,0.8361431956291199,0.6809799671173096,0.9348570108413696,0.7828534841537476,0.6431875824928284,0.8933971524238586,0.6563558578491211,0.9915246367454529
134,0.6175276027022889,0.7787011861801147,0.637600839138031,0.8800496459007263,0.6809932589530945,0.9694386124610901,0.6547745641407872,0.7639283537864685,0.6180291175842285,0.8362562656402588,0.681379497051239,0.9347877502441406,0.7828534841537476,0.6431875824928284,0.8933971524238586,0.6563558578491211,0.9915246367454529
135,0.6165503675833589,0.7791362404823303,0.6381844282150269,0.8802565932273865,0.6815379858016968,0.9694939255714417,0.6564783438656823,0.764276385307312,0.6184849143028259,0.8364178538322449,0.6820224523544312,0.9346432685852051,0.7828534841537476,0.6431875824928284,0.8933971524238586,0.6563558578491211,0.9915246367454529
136,0.6141434308939998,0.7795990109443665,0.6388056874275208,0.8804687857627869,0.6821641325950623,0.9695202112197876,0.6146604519136487,0.7645806670188904,0.6188835501670837,0.8365684151649475,0.6825474500656128,0.9345554709434509,0.7828534841537476,0.6431875824928284,0.8933971524238586,0.6563558578491211,0.9915246367454529
137,0.6142141960390948,0.7801242470741272,0.6395112872123718,0.880702793598175,0.682914674282074,0.96952223777771,0.6240846634870181,0.764893651008606,0.619293749332428,0.8367296457290649,0.6830610036849976,0.9344926476478577,0.7828534841537476,0.6431875824928284,0.8933971524238586,0.6563558578491211,0.9915246367454529
138,0.6124462659409043,0.7805893421173096,0.6401365399360657,0.8809198141098022,0.6835243701934814,0.969562828540802,0.6009358927250962,0.7652001976966858,0.6196957230567932,0.836864709854126,0.683661162853241,0.9343316555023193,0.7828534841537476,0.6431875824928284,0.8933971524238586,0.6563558578491211,0.9915246367454529
139,0.6149025023997452,0.7811033725738525,0.6408281326293945,0.8811479210853577,0.684266984462738,0.9695600867271423,0.635469251887431,0.7653301954269409,0.6198663115501404,0.8369445204734802,0.683821439743042,0.9343603253364563,0.7828534841537476,0.6431875824928284,0.8933971524238586,0.6563558578491211,0.9915246367454529
140,0.6098734682236755,0.7815266251564026,0.6413981914520264,0.8813529014587402,0.6847814917564392,0.9696259498596191,0.5646425252521092,0.7656705379486084,0.6203129887580872,0.8370797038078308,0.6845512390136719,0.9341171979904175,0.7828534841537476,0.6431875824928284,0.8933971524238586,0.6563558578491211,0.9915246367454529
141,0.6156295621237152,0.7819479703903198,0.641965925693512,0.8815397620201111,0.6853935122489929,0.9696218967437744,0.6200809808357344,0.7658198475837708,0.6205089092254639,0.8371530175209045,0.6848126649856567,0.9340709447860718,0.7828534841537476,0.6431875824928284,0.8933971524238586,0.6563558578491211,0.9915246367454529
142,0.617345790372021,0.7823169231414795,0.6424635648727417,0.881696343421936,0.6859716176986694,0.9695891737937927,0.6142322838020681,0.7659995555877686,0.6207449436187744,0.8372926712036133,0.6849115490913391,0.934236466884613,0.7828534841537476,0.6431875824928284,0.8933971524238586,0.6563558578491211,0.9915246367454529
143,0.6196251361566377,0.7823715209960938,0.6425370573997498,0.8817510604858398,0.6858738660812378,0.9697122573852539,0.6263673161173448,0.7661599516868591,0.6209557056427002,0.8374006748199463,0.6850699782371521,0.9343124032020569,0.7828534841537476,0.6431875824928284,0.8933971524238586,0.6563558578491211,0.9915246367454529
144,0.6202652803585943,0.7827473282814026,0.6430442333221436,0.8818917274475098,0.6865724325180054,0.9696024656295776,0.6242963971295294,0.7663640379905701,0.6212238073348999,0.8374941349029541,0.6854569911956787,0.9342190027236938,0.7828534841537476,0.6431875824928284,0.8933971524238586,0.6563558578491211,0.9915246367454529
145,0.6221249987348678,0.7827219367027283,0.6430100202560425,0.8818999528884888,0.6864224672317505,0.9696816802024841,0.6147692713160686,0.7665267586708069,0.621437668800354,0.8376167416572571,0.6855626702308655,0.934352457523346,0.7828534841537476,0.6431875824928284,0.8933971524238586,0.6563558578491211,0.9915246367454529
146,0.619678441295192,0.782888650894165,0.6432350277900696,0.8819876313209534,0.6865856647491455,0.9697355031967163,0.6328181182752484,0.7666051387786865,0.6215407252311707,0.8376303911209106,0.6858053207397461,0.9342204332351685,0.7828534841537476,0.6431875824928284,0.8933971524238586,0.6563558578491211,0.9915246367454529
147,0.6138843846654465,0.7832138538360596,0.6436740756034851,0.8821384310722351,0.6870218515396118,0.9697580933570862,0.5832347022388052,0.7668344974517822,0.6218423247337341,0.837740421295166,0.6862198114395142,0.9341368079185486,0.7828534841537476,0.6431875824928284,0.8933971524238586,0.6563558578491211,0.9915246367454529
148,0.6148612886941639,0.783658504486084,0.6442750692367554,0.8823295831680298,0.6877078413963318,0.969727098941803,0.6123653593148157,0.7669683694839478,0.6220184564590454,0.8378202319145203,0.6863959431648254,0.9341554641723633,0.7828534841537476,0.6431875824928284,0.8933971524238586,0.6563558578491211,0.9915246367454529
149,0.6126700598113413,0.7839571833610535,0.6446788907051086,0.8824830651283264,0.6880224347114563,0.9698082804679871,0.5915312297395525,0.7671928405761719,0.6223137974739075,0.8379240036010742,0.6868196129798889,0.9340555667877197,0.7828534841537476,0.6431875824928284,0.8933971524238586,0.6563558578491211,0.9915246367454529
150,0.6124912917297387,0.7843952775001526,0.6452716588973999,0.8826755285263062,0.6886761784553528,0.9697934985160828,0.5859273967048446,0.7674812078475952,0.6226933598518372,0.8380724191665649,0.6872996687889099,0.9339929819107056,0.7828534841537476,0.6431875824928284,0.8933971524238586,0.6563558578491211,0.9915246367454529
151,0.6143376641872198,0.7848191857337952,0.6458455324172974,0.8828716278076172,0.6892517805099487,0.969819188117981,0.637163974704833,0.7677056193351746,0.6229888796806335,0.8381742238998413,0.6877322793006897,0.9338842630386353,0.7828534841537476,0.6431875824928284,0.8933971524238586,0.6563558578491211,0.9915246367454529
152,0.613915238521704,0.7852568626403809,0.6464385986328125,0.8830721378326416,0.6898589134216309,0.9698370695114136,0.6322623388386432,0.7679629921913147,0.6233278512954712,0.8383062481880188,0.6881638765335083,0.9338257908821106,0.7828534841537476,0.6431875824928284,0.8933971524238586,0.6563558578491211,0.9915246367454529
153,0.6149831740843827,0.7856290936470032,0.6469432711601257,0.8832475543022156,0.6903466582298279,0.9698724150657654,0.6375059054519638,0.7682197093963623,0.6236661672592163,0.8384203910827637,0.6886699795722961,0.9336905479431152,0.7828534841537476,0.6431875824928284,0.8933971524238586,0.6563558578491211,0.9915246367454529
154,0.6094576262687995,0.7860506772994995,0.6475151777267456,0.883446455001831,0.6908990144729614,0.9699125289916992,0.5735637776594498,0.7684633731842041,0.6239873766899109,0.8385328650474548,0.6891329884529114,0.9335801005363464,0.7828534841537476,0.6431875824928284,0.8933971524238586,0.6563558578491211,0.9915246367454529
155,0.6129008315407445,0.7864950299263,0.6481184363365173,0.88365238904953,0.6915046572685242,0.9699388742446899,0.6295442236247352,0.7687494158744812,0.6243647336959839,0.838688313961029,0.689578115940094,0.9335512518882751,0.7828534841537476,0.6431875824928284,0.8933971524238586,0.6563558578491211,0.9915246367454529
156,0.613929993198922,0.7868965864181519,0.648664116859436,0.8838417530059814,0.6920335292816162,0.9699758291244507,0.6419815972238607,0.7689156532287598,0.6245840191841125,0.8387528657913208,0.689946711063385,0.9334223866462708,0.7828534841537476,0.6431875824928284,0.8933971524238586,0.6563558578491211,0.9915246367454529
157,0.6124817434211873,0.7873098850250244,0.6492258906364441,0.8840317726135254,0.6926073431968689,0.9699934124946594,0.6109622939758759,0.7691171765327454,0.6248499751091003,0.8388692736625671,0.6902313232421875,0.9334317445755005,0.7828534841537476,0.6431875824928284,0.8933971524238586,0.6563558578491211,0.9915246367454529
158,0.6152088742444154,0.7877175807952881,0.6497805714607239,0.8842158317565918,0.6931948661804199,0.9699963927268982,0.6455707274028502,0.7691895365715027,0.6249455809593201,0.8389257788658142,0.6902708411216736,0.9334989786148071,0.7828534841537476,0.6431875824928284,0.8933971524238586,0.6563558578491211,0.9915246367454529
159,0.6236305221406773,0.7875757217407227,0.6495875716209412,0.8841794729232788,0.6928245425224304,0.9701100587844849,0.6297843738075717,0.769263744354248,0.6250434517860413,0.838981032371521,0.69032222032547,0.9335567951202393,0.7828534841537476,0.6431875824928284,0.8933971524238586,0.6563558578491211,0.9915246367454529
160,0.6173278502610935,0.7878073453903198,0.6499027609825134,0.8842861652374268,0.693146288394928,0.9701199531555176,0.6172723678019999,0.7693147659301758,0.625110924243927,0.838963508605957,0.6905964016914368,0.9333535432815552,0.7828534841537476,0.6431875824928284,0.8933971524238586,0.6563558578491211,0.9915246367454529
161,0.6165473301008074,0.7880726456642151,0.6502639651298523,0.8844088315963745,0.6935113668441772,0.9701339602470398,0.6229865611610175,0.7694886922836304,0.6253405213356018,0.8390439748764038,0.690928041934967,0.9332742691040039,0.7828534841537476,0.6431875824928284,0.8933971524238586,0.6563558578491211,0.9915246367454529
162,0.6148815411109585,0.788411021232605,0.6507248282432556,0.8845612406730652,0.6940025091171265,0.9701341986656189,0.6195784821707799,0.7696503400802612,0.625554084777832,0.8391079306602478,0.6912832260131836,0.933152973651886,0.7828534841537476,0.6431875824928284,0.8933971524238586,0.6563558578491211,0.9915246367454529
163,0.613228852477386,0.7887378334999084,0.6511701941490173,0.8847098350524902,0.6944689154624939,0.9701401591300964,0.5930303265132054,0.7698895931243896,0.6258703470230103,0.839249849319458,0.691606879234314,0.9331792593002319,0.7828534841537476,0.6431875824928284,0.8933971524238586,0.6563558578491211,0.9915246367454529
164,0.6133953082066036,0.789089024066925,0.6516490578651428,0.8848715424537659,0.6949591040611267,0.9701542854309082,0.6130539904976464,0.7700343132019043,0.6260616183280945,0.8392930030822754,0.6919861435890198,0.9330086708068848,0.7828534841537476,0.6431875824928284,0.8933971524238586,0.6563558578491211,0.9915246367454529
165,0.6134224353058904,0.7894411087036133,0.6521294713020325,0.8850367069244385,0.6954320073127747,0.9701813459396362,0.6237986542189303,0.7702494859695435,0.6263461709022522,0.8394153714179993,0.6922999620437622,0.9330092668533325,0.7828534841537476,0.6431875824928284,0.8933971524238586,0.6563558578491211,0.9915246367454529
166,0.6118062862390232,0.7898185849189758,0.6526448726654053,0.8852102160453796,0.6959624886512756,0.9701945185661316,0.602214146603496,0.7704750299453735,0.6266444325447083,0.8395200967788696,0.6927310824394226,0.9329063296318054,0.7828534841537476,0.6431875824928284,0.8933971524238586,0.6563558578491211,0.9915246367454529
167,0.6127774802663503,0.7901649475097656,0.6531179547309875,0.8853753805160522,0.6964138746261597,0.9702310562133789,0.6206651086916457,0.7706629633903503,0.626893162727356,0.8396075367927551,0.6930904388427734,0.9328206181526184,0.7828534841537476,0.6431875824928284,0.8933971524238586,0.6563558578491211,0.9915246367454529
168,0.6116127480618481,0.7905256152153015,0.6536108255386353,0.8855454325675964,0.6968957185745239,0.9702610969543457,0.6058199976715284,0.7709174156188965,0.6272299289703369,0.8397400379180908,0.6935155987739563,0.9327670931816101,0.7828534841537476,0.6431875824928284,0.8933971524238586,0.6563558578491211,0.9915246367454529
169,0.6150513905455071,0.7909668684005737,0.6542143225669861,0.885737955570221,0.6975812315940857,0.9702323079109192,0.658761201058224,0.7710632681846619,0.627423107624054,0.8398341536521912,0.6936815977096558,0.932815432548523,0.7828534841537476,0.6431875824928284,0.8933971524238586,0.6563558578491211,0.9915246367454529
170,0.6160057725800564,0.7911494970321655,0.6544642448425293,0.8858416676521301,0.6977185606956482,0.9703208804130554,0.6429132940359574,0.771247923374176,0.6276677250862122,0.8399478793144226,0.6939144730567932,0.9328534603118896,0.7828534841537476,0.6431875824928284,0.8933971524238586,0.6563558578491211,0.9915246367454529
171,0.6112407991837709,0.791503369808197,0.6549487113952637,0.8860084414482117,0.6981937885284424,0.9703491926193237,0.6028088699329122,0.7714056372642517,0.6278765201568604,0.8400137424468994,0.6942492127418518,0.9327481389045715,0.7828534841537476,0.6431875824928284,0.8933971524238586,0.6563558578491211,0.9915246367454529
172,0.6108338031843907,0.7919284105300903,0.6555309891700745,0.8862026333808899,0.6988036036491394,0.9703566431999207,0.614037069703834,0.771652102470398,0.6282032132148743,0.8401604890823364,0.694582998752594,0.9327758550643921,0.7828534841537476,0.6431875824928284,0.8933971524238586,0.6563558578491211,0.9915246367454529
173,0.6109809653288976,0.7922332882881165,0.6559489369392395,0.8863525390625,0.6991763710975647,0.9704064726829529,0.5968050701387164,0.7718192338943481,0.6284248232841492,0.8402231335639954,0.6949700117111206,0.9326322078704834,0.7828534841537476,0.6431875824928284,0.8933971524238586,0.6563558578491211,0.9915246367454529
174,0.6146656981533947,0.7925645112991333,0.6564032435417175,0.8865038156509399,0.6996529698371887,0.9704116582870483,0.6352938961489921,0.7719808220863342,0.6286389827728271,0.8403396606445312,0.6951007843017578,0.9327395558357239,0.7828534841537476,0.6431875824928284,0.8933971524238586,0.6563558578491211,0.9915246367454529
175,0.6155910947675124,0.7927439212799072,0.6566493511199951,0.8865998983383179,0.6998233199119568,0.9704745411872864,0.6264235117583948,0.7721037268638611,0.6288020014762878,0.8403794765472412,0.6954127550125122,0.9326062202453613,0.7828534841537476,0.6431875824928284,0.8933971524238586,0.6563558578491211,0.9915246367454529
176,0.6135425430977747,0.7930907011032104,0.6571254134178162,0.886761486530304,0.7003037333488464,0.970492959022522,0.6396490217925805,0.7723097801208496,0.6290754675865173,0.8404773473739624,0.6958010792732239,0.9325194358825684,0.7828534841537476,0.6431875824928284,0.8933971524238586,0.6563558578491211,0.9915246367454529
177,0.6087724928261457,0.7934249043464661,0.6575843095779419,0.8869243860244751,0.7007226943969727,0.9705407619476318,0.5788061077232367,0.772554874420166,0.6294007897377014,0.840587854385376,0.6962896585464478,0.9323892593383789,0.7828534841537476,0.6431875824928284,0.8933971524238586,0.6563558578491211,0.9915246367454529
178,0.6103409048472376,0.7937905788421631,0.658086895942688,0.8870934844017029,0.7012392282485962,0.9705538153648376,0.5974790421765276,0.7727145552635193,0.6296128034591675,0.8406739234924316,0.6965464949607849,0.9323668479919434,0.7828534841537476,0.6431875824928284,0.8933971524238586,0.6563558578491211,0.9915246367454529
179,0.6117779189678292,0.7941620945930481,0.6585977077484131,0.8872692584991455,0.7017393708229065,0.970583975315094,0.6366749721960406,0.7729591131210327,0.6299375295639038,0.8407880067825317,0.6970174312591553,0.9322539567947388,0.7828534841537476,0.6431875824928284,0.8933971524238586,0.6563558578491211,0.9915246367454529
180,0.6139736587124448,0.7944733500480652,0.6590259671211243,0.8874163627624512,0.7021599411964417,0.9706082940101624,0.642826944621203,0.7730922102928162,0.6301143765449524,0.8408733606338501,0.6971725225448608,0.9322949647903442,0.7828534841537476,0.6431875824928284,0.8933971524238586,0.6563558578491211,0.9915246367454529
181,0.6121059773041192,0.7947148084640503,0.6593583226203918,0.8875394463539124,0.7024305462837219,0.9706651568412781,0.6053578371197937,0.7733110785484314,0.6304051280021667,0.8409402370452881,0.6977499127388,0.932036817073822,0.7828534841537476,0.6431875824928284,0.8933971524238586,0.6563558578491211,0.9915246367454529
182,0.6121528133154845,0.7950297594070435,0.6597920656204224,0.8876787424087524,0.7029172778129578,0.9706482887268066,0.5891064153788208,0.7734615802764893,0.6306052803993225,0.8410417437553406,0.6979038119316101,0.9321051239967346,0.7828534841537476,0.6431875824928284,0.8933971524238586,0.6563558578491211,0.9915246367454529
183,0.6131628067952705,0.7953658103942871,0.6602550745010376,0.887830376625061,0.7034181356430054,0.9706432819366455,0.6242695338966049,0.7736139297485352,0.6308077573776245,0.8411303758621216,0.6981214880943298,0.9321116805076599,0.7828534841537476,0.6431875824928284,0.8933971524238586,0.6563558578491211,0.9915246367454529
184,0.6131711239438117,0.7955372929573059,0.660491406917572,0.8879266977310181,0.7035552263259888,0.9707211852073669,0.609321169229692,0.7737159729003906,0.6309435367584229,0.8411826491355896,0.6982987523078918,0.9320843815803528,0.7828534841537476,0.6431875824928284,0.8933971524238586,0.6563558578491211,0.9915246367454529
185,0.6117326783754548,0.7959052920341492,0.6609990000724792,0.8880993127822876,0.704064130783081,0.9707427620887756,0.6395076323634985,0.7739593982696533,0.6312673091888428,0.8412904143333435,0.6987960934638977,0.9319443702697754,0.7828534841537476,0.6431875824928284,0.8933971524238586,0.6563558578491211,0.9915246367454529
186,0.6138590807039832,0.796200156211853,0.6614058017730713,0.8882323503494263,0.704505443572998,0.9707373380661011,0.6222031123184986,0.7741061449050903,0.6314626336097717,0.8413794636726379,0.6989902257919312,0.9319665431976318,0.7828534841537476,0.6431875824928284,0.8933971524238586,0.6563558578491211,0.9915246367454529
187,0.6108068140341154,0.7965350151062012,0.6618680357933044,0.8883854746818542,0.7049939036369324,0.9707399606704712,0.5985616055510419,0.7742708921432495,0.6316818594932556,0.8414642810821533,0.6992748975753784,0.9319242835044861,0.7828534841537476,0.6431875824928284,0.8933971524238586,0.6563558578491211,0.9915246367454529
188,0.6111880386431202,0.7967974543571472,0.6622304916381836,0.8885189294815063,0.7052925825119019,0.9707992672920227,0.6151049840363119,0.7745000720024109,0.6319870948791504,0.8415595889091492,0.69977205991745,0.931763768196106,0.7828534841537476,0.6431875824928284,0.8933971524238586,0.6563558578491211,0.9915246367454529
189,0.6111598440569526,0.7971416115760803,0.662706196308136,0.8886736631393433,0.7058139443397522,0.9707892537117004,0.6020236862135926,0.7746260762214661,0.6321549415588379,0.8416425585746765,0.6999105215072632,0.9318115711212158,0.7828534841537476,0.6431875824928284,0.8933971524238586,0.6563558578491211,0.9915246367454529
190,0.6103675034809952,0.7974416613578796,0.6631209254264832,0.8888178467750549,0.7062093615531921,0.9708207249641418,0.602275450886993,0.7747408151626587,0.6323077082633972,0.8416808843612671,0.700201153755188,0.9316893219947815,0.7828534841537476,0.6431875824928284,0.8933971524238586,0.6563558578491211,0.9915246367454529
191,0.6123889574840388,0.7977325916290283,0.6635233759880066,0.8889532089233398,0.7066214084625244,0.9708318710327148,0.6163736744687978,0.7749658823013306,0.632607638835907,0.8418118953704834,0.700525164604187,0.9316975474357605,0.7828534841537476,0.6431875824928284,0.8933971524238586,0.6563558578491211,0.9915246367454529
192,0.6143229265072976,0.7979507446289062,0.663825273513794,0.88905268907547,0.706943929195404,0.9708311557769775,0.606189527686035,0.7750502228736877,0.6327199935913086,0.8418632745742798,0.700636088848114,0.9317111968994141,0.7828534841537476,0.6431875824928284,0.8933971524238586,0.6563558578491211,0.9915246367454529
193,0.6185427223587523,0.7981239557266235,0.6640651226043701,0.8891299366950989,0.7072114944458008,0.9708229899406433,0.6434889036666507,0.7749373912811279,0.6325696110725403,0.8418290019035339,0.7003346681594849,0.9318467974662781,0.7828534841537476,0.6431875824928284,0.8933971524238586,0.6563558578491211,0.9915246367454529
194,0.619575961308818,0.7981372475624084,0.6640835404396057,0.8891515731811523,0.7071322202682495,0.9708898067474365,0.6393088746321188,0.7750844955444336,0.6327656507492065,0.8419151902198792,0.7005438208580017,0.9318546652793884,0.7828534841537476,0.6431875824928284,0.8933971524238586,0.6563558578491211,0.9915246367454529
195,0.6117667805751467,0.7983956933021545,0.6644414663314819,0.8892699480056763,0.7075114250183105,0.9708911776542664,0.5891852111344837,0.775130569934845,0.6328271627426147,0.8419031500816345,0.7007826566696167,0.9316830635070801,0.7828534841537476,0.6431875824928284,0.8933971524238586,0.6563558578491211,0.9915246367454529
196,0.6143291871035657,0.7987187504768372,0.6648890972137451,0.8894155621528625,0.7080016136169434,0.9708819389343262,0.6561130479297664,0.7752812504768372,0.6330280900001526,0.8419991135597229,0.7009631395339966,0.931725263595581,0.7828534841537476,0.6431875824928284,0.8933971524238586,0.6563558578491211,0.9915246367454529
197,0.6148868115170393,0.7988559007644653,0.6650791168212891,0.8894949555397034,0.7080973386764526,0.9709540009498596,0.6344665128405431,0.7754064798355103,0.6331949830055237,0.8420602083206177,0.7011959552764893,0.931676983833313,0.7828534841537476,0.6431875824928284,0.8933971524238586,0.6563558578491211,0.9915246367454529
198,0.6121062100930268,0.799170732498169,0.6655157804489136,0.8896433115005493,0.708534836769104,0.9709724187850952,0.639717694758549,0.7756032347679138,0.633457362651825,0.8421552777290344,0.7015660405158997,0.9315971732139587,0.7828534841537476,0.6431875824928284,0.8933971524238586,0.6563558578491211,0.9915246367454529
199,0.6104258513623182,0.7994711399078369,0.6659323573112488,0.8897782564163208,0.7089941501617432,0.97096186876297,0.5843955147035624,0.775744616985321,0.6336461305618286,0.842246949672699,0.7017287015914917,0.9316437244415283,0.7828534841537476,0.6431875824928284,0.8933971524238586,0.6563558578491211,0.9915246367454529
