,train_loss,train_dice,train_iou,train_acc,train_sens,train_spec,val_loss,val_dice,val_iou,val_acc,val_sens,val_spec,test_dice,test_iou,test_acc,test_sens,test_spec
0,0.16518265494665457,0.0004648060421459377,0.00023245703778229654,0.6882761716842651,0.00023388011322822422,0.9972508549690247,0.13501219595507513,0.0,0.0,0.6111377477645874,0.0,0.9999394416809082,0.797458291053772,0.6631439924240112,0.8986271023750305,0.6816450953483582,0.9884506464004517
1,0.1292309241242649,0.1707874834537506,0.09336667507886887,0.7156892418861389,0.094478540122509,0.994652271270752,0.12070167292768932,0.34912434220314026,0.21147827804088593,0.6852136850357056,0.21712686121463776,0.9830073118209839,0.797458291053772,0.6631439924240112,0.8986271023750305,0.6816450953483582,0.9884506464004517
2,0.12209077507022452,0.380736768245697,0.23512963950634003,0.7508926391601562,0.2471073418855667,0.9771243333816528,0.13228951615057385,0.5054018497467041,0.33815234899520874,0.723006546497345,0.3639732003211975,0.9514211416244507,0.797458291053772,0.6631439924240112,0.8986271023750305,0.6816450953483582,0.9884506464004517
3,0.11629647235082305,0.47562652826309204,0.31201446056365967,0.7726398706436157,0.3327280282974243,0.9701881408691406,0.1107427143273484,0.5504022240638733,0.37969303131103516,0.739360511302948,0.41030967235565186,0.9487004280090332,0.797458291053772,0.6631439924240112,0.8986271023750305,0.6816450953483582,0.9884506464004517
4,0.11748259925483306,0.5219430327415466,0.3531278073787689,0.7849002480506897,0.37890729308128357,0.9672169089317322,0.12893402254570413,0.5876072645187378,0.4160367548465729,0.7523947358131409,0.4536820948123932,0.9424336552619934,0.797458291053772,0.6631439924240112,0.8986271023750305,0.6816450953483582,0.9884506464004517
5,0.11495533520947558,0.5572828054428101,0.38627302646636963,0.7945114970207214,0.41733649373054504,0.9638870358467102,0.10446041410655851,0.6084004640579224,0.4371950924396515,0.7601622343063354,0.47916001081466675,0.9389339089393616,0.797458291053772,0.6631439924240112,0.8986271023750305,0.6816450953483582,0.9884506464004517
6,0.11598627593560594,0.5804130434989929,0.40886053442955017,0.8013553619384766,0.44334492087364197,0.962124764919281,0.12323270089102195,0.6227520108222961,0.45217129588127136,0.7658381462097168,0.4970727264881134,0.9368248581886292,0.797458291053772,0.6631439924240112,0.8986271023750305,0.6816450953483582,0.9884506464004517
7,0.11506977553035858,0.5963413119316101,0.4248478412628174,0.8065170645713806,0.46118250489234924,0.96159428358078,0.1153698698658241,0.6339256763458252,0.46404919028282166,0.7704671621322632,0.5111278295516968,0.9354570508003235,0.797458291053772,0.6631439924240112,0.8986271023750305,0.6816450953483582,0.9884506464004517
8,0.11446320890750175,0.6106945872306824,0.43956828117370605,0.8110780119895935,0.47815176844596863,0.9605830311775208,0.11199124307427544,0.6439881324768066,0.4749133586883545,0.7746751308441162,0.5241288542747498,0.9340710043907166,0.797458291053772,0.6631439924240112,0.8986271023750305,0.6816450953483582,0.9884506464004517
9,0.11351190585795001,0.6218184232711792,0.4511875808238983,0.814911425113678,0.4910125136375427,0.9603624939918518,0.10599499939790172,0.6511580944061279,0.4827534556388855,0.7780035138130188,0.5328676700592041,0.9339573979377747,0.797458291053772,0.6631439924240112,0.8986271023750305,0.6816450953483582,0.9884506464004517
10,0.11431863945394502,0.6315999627113342,0.4615609049797058,0.8182666897773743,0.5026972889900208,0.9599775075912476,0.12101472689310869,0.6578423976898193,0.4901379346847534,0.781156063079834,0.5410603880882263,0.9339032769203186,0.797458291053772,0.6631439924240112,0.8986271023750305,0.6816450953483582,0.9884506464004517
11,0.11374591683888184,0.6377372145652771,0.46814554929733276,0.8208328485488892,0.5088927149772644,0.9609137177467346,0.11746072972706281,0.66548752784729,0.4986746907234192,0.7846871614456177,0.5508243441581726,0.9334691166877747,0.797458291053772,0.6631439924240112,0.8986271023750305,0.6816450953483582,0.9884506464004517
12,0.11321874614960531,0.6443467736244202,0.475303590297699,0.8233534097671509,0.516354501247406,0.9612153172492981,0.1157531923575242,0.6701816916465759,0.5039648413658142,0.7870078682899475,0.5565407276153564,0.9336293935775757,0.797458291053772,0.6631439924240112,0.8986271023750305,0.6816450953483582,0.9884506464004517
13,0.1121280556633541,0.6511090397834778,0.4826994836330414,0.8259983062744141,0.5239225029945374,0.9616495966911316,0.1181095404448253,0.6757639646530151,0.5103047490119934,0.7897841334342957,0.5633973479270935,0.9338098168373108,0.797458291053772,0.6631439924240112,0.8986271023750305,0.6816450953483582,0.9884506464004517
14,0.11081606630579773,0.6583009958267212,0.4906473159790039,0.8285635113716125,0.5328853130340576,0.9613417983055115,0.09359058699150548,0.6757051348686218,0.5102375745773315,0.7903197407722473,0.5618109107017517,0.935695469379425,0.797458291053772,0.6631439924240112,0.8986271023750305,0.6816450953483582,0.9884506464004517
15,0.11164127007124125,0.6629052758216858,0.4957803189754486,0.8305118680000305,0.5377598404884338,0.961976170539856,0.11153752830123494,0.6819124817848206,0.517349898815155,0.7924453020095825,0.5721765160560608,0.9325788021087646,0.797458291053772,0.6631439924240112,0.8986271023750305,0.6816450953483582,0.9884506464004517
16,0.11158591056611811,0.6705396771430969,0.504369854927063,0.8329417705535889,0.5485789179801941,0.960638701915741,0.1055014877174888,0.6815035343170166,0.5168792009353638,0.7929926514625549,0.5695931315422058,0.9351179003715515,0.797458291053772,0.6631439924240112,0.8986271023750305,0.6816450953483582,0.9884506464004517
17,0.11618930683514334,0.6673510074615479,0.5007703304290771,0.8323144316673279,0.5427669882774353,0.9623396396636963,0.11417125000554432,0.6829608678817749,0.5185577273368835,0.7940912842750549,0.5703915953636169,0.9364075660705566,0.797458291053772,0.6631439924240112,0.8986271023750305,0.6816450953483582,0.9884506464004517
18,0.11417971008278352,0.6689005494117737,0.5025174021720886,0.8330267071723938,0.544251561164856,0.9627050757408142,0.11843441545776681,0.685138463973999,0.5210726261138916,0.7952783107757568,0.5728463530540466,0.9367879629135132,0.797458291053772,0.6631439924240112,0.8986271023750305,0.6816450953483582,0.9884506464004517
19,0.11306247540067538,0.6711807250976562,0.5050956010818481,0.833998441696167,0.5466935634613037,0.9630166292190552,0.11707530347859356,0.6868581771850586,0.5230646133422852,0.7961460947990417,0.5749900937080383,0.9368440508842468,0.797458291053772,0.6631439924240112,0.8986271023750305,0.6816450953483582,0.9884506464004517
20,0.11279325663735107,0.6739480495452881,0.5082365274429321,0.835060715675354,0.5500640869140625,0.9630423188209534,0.11635942841971775,0.6890676617622375,0.5256316661834717,0.797141969203949,0.5781010985374451,0.9364941120147705,0.797458291053772,0.6631439924240112,0.8986271023750305,0.6816450953483582,0.9884506464004517
21,0.11281293622774301,0.6768860220909119,0.511585533618927,0.8361859917640686,0.5536821484565735,0.9630481600761414,0.12407589937547431,0.6913429498672485,0.5282842516899109,0.7983546257019043,0.5807926654815674,0.9367660880088806,0.797458291053772,0.6631439924240112,0.8986271023750305,0.6816450953483582,0.9884506464004517
22,0.11155669888050053,0.6793835163116455,0.5144442915916443,0.8372635841369629,0.5563700795173645,0.963402509689331,0.11394749178870898,0.6931374073028564,0.5303827524185181,0.7994996309280396,0.5823795199394226,0.9376299977302551,0.797458291053772,0.6631439924240112,0.8986271023750305,0.6816450953483582,0.9884506464004517
23,0.11113948808403243,0.681756317615509,0.5171701908111572,0.8382714986801147,0.5589919686317444,0.9636857509613037,0.10681171745156626,0.692611813545227,0.5297675132751465,0.7995105385780334,0.58091139793396,0.9385818243026733,0.797458291053772,0.6631439924240112,0.8986271023750305,0.6816450953483582,0.9884506464004517
24,0.11284074753283554,0.6827908158302307,0.5183617472648621,0.838781476020813,0.5598949193954468,0.9640192985534668,0.11304043627853375,0.6951342225074768,0.5327246189117432,0.8006702065467834,0.5844503045082092,0.9382278323173523,0.797458291053772,0.6631439924240112,0.8986271023750305,0.6816450953483582,0.9884506464004517
25,0.11070125678700633,0.6852332353591919,0.5211823582649231,0.839756429195404,0.5628334879875183,0.9641123414039612,0.1035975178349049,0.6966019868850708,0.5344506502151489,0.8015016913414001,0.5860629081726074,0.9385623931884766,0.797458291053772,0.6631439924240112,0.8986271023750305,0.6816450953483582,0.9884506464004517
26,0.11037764236165581,0.6872109174728394,0.5234739780426025,0.8406372666358948,0.5649042129516602,0.9644588828086853,0.10477194169391844,0.6984739899635315,0.5366576910018921,0.8025415539741516,0.588188648223877,0.9389114379882812,0.797458291053772,0.6631439924240112,0.8986271023750305,0.6816450953483582,0.9884506464004517
27,0.10967625157769055,0.6894916892051697,0.5261253714561462,0.8416181802749634,0.5674278736114502,0.9647471308708191,0.10354752508865264,0.699788510799408,0.5382112860679626,0.803324818611145,0.5895281434059143,0.9393408298492432,0.797458291053772,0.6631439924240112,0.8986271023750305,0.6816450953483582,0.9884506464004517
28,0.11034380129021765,0.6912697553634644,0.5281988382339478,0.8424357771873474,0.5692140460014343,0.9651297330856323,0.11076366227700789,0.7029780149459839,0.5419938564300537,0.8045967817306519,0.5947032570838928,0.9381294846534729,0.797458291053772,0.6631439924240112,0.8986271023750305,0.6816450953483582,0.9884506464004517
29,0.10952336932707998,0.6944018006324768,0.5318648815155029,0.843562662601471,0.5735220313072205,0.9648280739784241,0.10250516774603888,0.7032240629196167,0.5422865152359009,0.8048896789550781,0.5945123434066772,0.9387302994728088,0.797458291053772,0.6631439924240112,0.8986271023750305,0.6816450953483582,0.9884506464004517
30,0.11050931066536727,0.6959514021873474,0.5336851477622986,0.8442991971969604,0.5750113725662231,0.9652264714241028,0.1173567507301151,0.705473005771637,0.5449658036231995,0.8058839440345764,0.5979050993919373,0.9381986856460571,0.797458291053772,0.6631439924240112,0.8986271023750305,0.6816450953483582,0.9884506464004517
31,0.11009081973456995,0.6988800764083862,0.5371373295783997,0.8453688025474548,0.5790415406227112,0.9649667739868164,0.11898265330751699,0.7068500518798828,0.5466111302375793,0.8066506385803223,0.5995092391967773,0.9384325742721558,0.797458291053772,0.6631439924240112,0.8986271023750305,0.6816450953483582,0.9884506464004517
32,0.10846004120089751,0.7007263898849487,0.5393217206001282,0.8462235331535339,0.580924391746521,0.9653597474098206,0.10281464015943931,0.7090198397636414,0.5492104887962341,0.8075498342514038,0.6030159592628479,0.9376729130744934,0.797458291053772,0.6631439924240112,0.8986271023750305,0.6816450953483582,0.9884506464004517
33,0.10886940450735623,0.7033517360687256,0.5424383878707886,0.8472668528556824,0.5842701196670532,0.9653691053390503,0.11582838579209681,0.7108334302902222,0.5513898730278015,0.8085053563117981,0.605329692363739,0.9377642869949341,0.797458291053772,0.6631439924240112,0.8986271023750305,0.6816450953483582,0.9884506464004517
34,0.10731527113868297,0.7059495449066162,0.5455347895622253,0.8483278751373291,0.5874990820884705,0.9654566049575806,0.1015922161601105,0.7127843499183655,0.5537410974502563,0.8094362020492554,0.6081432700157166,0.9374973177909851,0.797458291053772,0.6631439924240112,0.8986271023750305,0.6816450953483582,0.9884506464004517
35,0.10814861040873264,0.707873523235321,0.5478361248970032,0.8491697907447815,0.5896885395050049,0.9656932950019836,0.10603557161234238,0.7150865793228149,0.5565251111984253,0.8103975653648376,0.6119347810745239,0.9366583228111267,0.797458291053772,0.6631439924240112,0.8986271023750305,0.6816450953483582,0.9884506464004517
36,0.10815825834610297,0.7107193470001221,0.5512526631355286,0.8502307534217834,0.59367835521698,0.9654390215873718,0.11090159089457706,0.7152402997016907,0.5567113161087036,0.8106721043586731,0.6115100979804993,0.9373775720596313,0.797458291053772,0.6631439924240112,0.8986271023750305,0.6816450953483582,0.9884506464004517
37,0.10946613919421054,0.711574375629425,0.5522820949554443,0.8507100939750671,0.5942463874816895,0.9658786058425903,0.11027985906083616,0.716635525226593,0.558403730392456,0.8114203214645386,0.6132864952087402,0.9374716877937317,0.797458291053772,0.6631439924240112,0.8986271023750305,0.6816450953483582,0.9884506464004517
38,0.11089056509690826,0.7129161357879639,0.5539003014564514,0.851279079914093,0.5958698391914368,0.965973973274231,0.13137992250508052,0.7178845405578613,0.5599219799041748,0.8119872212409973,0.6152203679084778,0.9371689558029175,0.797458291053772,0.6631439924240112,0.8986271023750305,0.6816450953483582,0.9884506464004517
39,0.10844847707444809,0.7146318554878235,0.5559744238853455,0.852016806602478,0.5979140996932983,0.9661251306533813,0.11319720965137636,0.7191787362098694,0.5614981055259705,0.8127376437187195,0.6166984438896179,0.937456488609314,0.797458291053772,0.6631439924240112,0.8986271023750305,0.6816450953483582,0.9884506464004517
40,0.10795404334931014,0.7159879803657532,0.5576178431510925,0.8526638150215149,0.5992776155471802,0.9664503931999207,0.10712830291885757,0.7204848527908325,0.5630921125411987,0.8134269714355469,0.6184207201004028,0.9374885559082031,0.797458291053772,0.6631439924240112,0.8986271023750305,0.6816450953483582,0.9884506464004517
41,0.1086894950527628,0.7179760336875916,0.5600332021713257,0.8534337878227234,0.6020152568817139,0.9663366079330444,0.11789080166886452,0.7220778465270996,0.5650405883789062,0.8141631484031677,0.6208809614181519,0.937127947807312,0.797458291053772,0.6631439924240112,0.8986271023750305,0.6816450953483582,0.9884506464004517
42,0.10798937013674914,0.7193660140037537,0.5617265105247498,0.8540533781051636,0.6036055684089661,0.966520369052887,0.10775250433458945,0.7237101197242737,0.5670421123504639,0.8148334622383118,0.6237029433250427,0.9364293217658997,0.797458291053772,0.6631439924240112,0.8986271023750305,0.6816450953483582,0.9884506464004517
43,0.10780358385366436,0.7213382720947266,0.5641353726387024,0.8548067808151245,0.6063979268074036,0.9663581848144531,0.10540475194073545,0.7245596051216125,0.568085789680481,0.815232515335083,0.6250109076499939,0.9362502098083496,0.797458291053772,0.6631439924240112,0.8986271023750305,0.6816450953483582,0.9884506464004517
44,0.10835072788154823,0.7229915261268616,0.5661603808403015,0.8554921746253967,0.6085288524627686,0.9663944244384766,0.11937830017853716,0.7257054448127747,0.5694958567619324,0.8158165216445923,0.6266274452209473,0.9361773133277893,0.797458291053772,0.6631439924240112,0.8986271023750305,0.6816450953483582,0.9884506464004517
45,0.10681274223386805,0.7248023152351379,0.5683842301368713,0.856249213218689,0.6108499765396118,0.9664490818977356,0.10597793071453748,0.7269338369369507,0.571010172367096,0.8164706230163574,0.628272533416748,0.9362010359764099,0.797458291053772,0.6631439924240112,0.8986271023750305,0.6816450953483582,0.9884506464004517
46,0.10655459299382355,0.7266408205032349,0.5706486701965332,0.8570247292518616,0.6131919622421265,0.9665212035179138,0.10748556545332258,0.7282046675682068,0.572580099105835,0.8171874284744263,0.6298440098762512,0.9363741278648376,0.797458291053772,0.6631439924240112,0.8986271023750305,0.6816450953483582,0.9884506464004517
47,0.10606776175855907,0.7279253005981445,0.5722347497940063,0.8576040267944336,0.6146756410598755,0.9666943550109863,0.08675165900631124,0.7293781638145447,0.5740324258804321,0.8176559209823608,0.6319709420204163,0.9357874393463135,0.797458291053772,0.6631439924240112,0.8986271023750305,0.6816450953483582,0.9884506464004517
48,0.10744718316988756,0.7297444343566895,0.5744863748550415,0.8583276867866516,0.6172069907188416,0.9666062593460083,0.11625508078377642,0.7302511930465698,0.5751146078109741,0.818233072757721,0.6327660083770752,0.9362258911132812,0.797458291053772,0.6631439924240112,0.8986271023750305,0.6816450953483582,0.9884506464004517
49,0.10748430233070348,0.7304132580757141,0.5753157734870911,0.8586996793746948,0.6176791191101074,0.9669332504272461,0.10073333140761366,0.7315098643302917,0.5766775608062744,0.818868100643158,0.6346032619476318,0.9360960721969604,0.797458291053772,0.6631439924240112,0.8986271023750305,0.6816450953483582,0.9884506464004517
50,0.10875875442734036,0.731843113899231,0.5770919919013977,0.8592543601989746,0.6197459101676941,0.9668088555335999,0.1209247772491325,0.732404887676239,0.5777909159660339,0.81924968957901,0.6361618041992188,0.9357290267944336,0.797458291053772,0.6631439924240112,0.8986271023750305,0.6816450953483582,0.9884506464004517
51,0.10714388185603674,0.7329329252243042,0.5784484148025513,0.8597704172134399,0.6209166049957275,0.9670308828353882,0.11235808338268566,0.7332139015197754,0.5787985324859619,0.8197622895240784,0.6369842290878296,0.9360445141792297,0.797458291053772,0.6631439924240112,0.8986271023750305,0.6816450953483582,0.9884506464004517
52,0.1070794542896294,0.7340139746665955,0.579796314239502,0.8602648377418518,0.622158408164978,0.9671897888183594,0.10698855200470148,0.7338700890541077,0.5796166658401489,0.8199314475059509,0.638526439666748,0.9353400468826294,0.797458291053772,0.6631439924240112,0.8986271023750305,0.6816450953483582,0.9884506464004517
53,0.10637302350614738,0.7356578707695007,0.5818502902984619,0.8609264492988586,0.6244584918022156,0.967115581035614,0.10647902784984979,0.7347825169563293,0.580755889415741,0.8203834295272827,0.639909565448761,0.9351997375488281,0.797458291053772,0.6631439924240112,0.8986271023750305,0.6816450953483582,0.9884506464004517
54,0.10609651112236106,0.7369576096534729,0.5834780931472778,0.8615081310272217,0.6260236501693726,0.9672556519508362,0.10733236802427679,0.7359654307365417,0.5822351574897766,0.8208236694335938,0.6422333717346191,0.9344415068626404,0.797458291053772,0.6631439924240112,0.8986271023750305,0.6816450953483582,0.9884506464004517
55,0.1076381388798268,0.7382141947746277,0.5850550532341003,0.8620300889015198,0.6277263760566711,0.9672473669052124,0.1187133030305175,0.7363542914390564,0.5827220678329468,0.8210141658782959,0.6428360939025879,0.9343697428703308,0.797458291053772,0.6631439924240112,0.8986271023750305,0.6816450953483582,0.9884506464004517
56,0.10696407966367971,0.739447295665741,0.5866056680679321,0.8625629544258118,0.6293107271194458,0.967307984828949,0.11419235166043507,0.7372934818267822,0.5838992595672607,0.8215398788452148,0.6440596580505371,0.9344515800476074,0.797458291053772,0.6631439924240112,0.8986271023750305,0.6816450953483582,0.9884506464004517
57,0.10655360203332476,0.7406492233276367,0.5881198644638062,0.8630855679512024,0.6308466196060181,0.967375636100769,0.11083532136413132,0.738300621509552,0.5851636528968811,0.8220124244689941,0.6457074880599976,0.9341763854026794,0.797458291053772,0.6631439924240112,0.8986271023750305,0.6816450953483582,0.9884506464004517
58,0.10581208408766758,0.7417824268341064,0.5895501971244812,0.8635884523391724,0.6322541236877441,0.96747225522995,0.10092803797603082,0.7391192317008972,0.586192786693573,0.8224183917045593,0.64697265625,0.9340358376502991,0.797458291053772,0.6631439924240112,0.8986271023750305,0.6816450953483582,0.9884506464004517
59,0.105416345368312,0.7432538866996765,0.591411292552948,0.864190936088562,0.6343246698379517,0.9674155116081238,0.10218053427756185,0.7399452924728394,0.5872327089309692,0.8228853940963745,0.6480446457862854,0.93411785364151,0.797458291053772,0.6631439924240112,0.8986271023750305,0.6816450953483582,0.9884506464004517
60,0.10626900434083396,0.7445406317710876,0.5930423736572266,0.8647512793540955,0.635988712310791,0.9674802422523499,0.11945391696090754,0.7404218316078186,0.5878331661224365,0.8231327533721924,0.648745059967041,0.9340769648551941,0.797458291053772,0.6631439924240112,0.8986271023750305,0.6816450953483582,0.9884506464004517
61,0.10540116969351457,0.7456636428833008,0.5944685935974121,0.8652670383453369,0.6373204588890076,0.9676294922828674,0.1081019193405726,0.741371214389801,0.5890308618545532,0.8235092163085938,0.6505735516548157,0.9335297346115112,0.797458291053772,0.6631439924240112,0.8986271023750305,0.6816450953483582,0.9884506464004517
62,0.10460430986537331,0.747109055519104,0.596308171749115,0.8658856153488159,0.6392574310302734,0.9676560759544373,0.10472980035002298,0.742083728313446,0.5899308919906616,0.8239214420318604,0.6514725089073181,0.9336323142051697,0.797458291053772,0.6631439924240112,0.8986271023750305,0.6816450953483582,0.9884506464004517
63,0.10536812831250879,0.7480748891830444,0.5975396037101746,0.8663541674613953,0.640292763710022,0.9678701162338257,0.10956341088536768,0.7429282069206238,0.5909990072250366,0.8240606188774109,0.6538390517234802,0.9323545098304749,0.797458291053772,0.6631439924240112,0.8986271023750305,0.6816450953483582,0.9884506464004517
64,0.10532223726564315,0.7491341829299927,0.5988924503326416,0.8668045997619629,0.6417366862297058,0.9678744077682495,0.09499187425872976,0.7436158061027527,0.5918698310852051,0.8245013952255249,0.6545557975769043,0.9326196312904358,0.797458291053772,0.6631439924240112,0.8986271023750305,0.6816450953483582,0.9884506464004517
65,0.10585713478868064,0.7500152587890625,0.6000194549560547,0.8672136664390564,0.6427760124206543,0.9680004119873047,0.10778070466173217,0.744482159614563,0.5929681062698364,0.8249166011810303,0.6559845805168152,0.9323899149894714,0.797458291053772,0.6631439924240112,0.8986271023750305,0.6816450953483582,0.9884506464004517
66,0.10550713447855734,0.7511443495750427,0.6014661192893982,0.867702305316925,0.6442846059799194,0.9680310487747192,0.1083023421831079,0.7451599836349487,0.5938286781311035,0.8252187371253967,0.657192051410675,0.9321162104606628,0.797458291053772,0.6631439924240112,0.8986271023750305,0.6816450953483582,0.9884506464004517
67,0.10558647286135482,0.7523706555366516,0.6030400991439819,0.8682312369346619,0.64593905210495,0.9680545926094055,0.11788704134582328,0.7457099556922913,0.594527542591095,0.8255392909049988,0.6578909754753113,0.9321959614753723,0.797458291053772,0.6631439924240112,0.8986271023750305,0.6816450953483582,0.9884506464004517
68,0.10627621401356399,0.7529034614562988,0.603725016117096,0.868518590927124,0.6463779807090759,0.9682738184928894,0.10880844745033286,0.7463744282722473,0.5953726172447205,0.8258570432662964,0.6589995622634888,0.9320105910301208,0.797458291053772,0.6631439924240112,0.8986271023750305,0.6816450953483582,0.9884506464004517
69,0.10483731767793865,0.7540994882583618,0.6052646040916443,0.8690214157104492,0.6480658054351807,0.9682444334030151,0.10382128584769076,0.7466223239898682,0.5956882238388062,0.8260374069213867,0.6591801643371582,0.9321908354759216,0.797458291053772,0.6631439924240112,0.8986271023750305,0.6816450953483582,0.9884506464004517
70,0.103931074287581,0.7550060153007507,0.6064334511756897,0.8694393038749695,0.6491676568984985,0.9683553576469421,0.08687554223495453,0.7474808692932129,0.5967819690704346,0.8264331221580505,0.6606752872467041,0.9318872094154358,0.797458291053772,0.6631439924240112,0.8986271023750305,0.6816450953483582,0.9884506464004517
71,0.10575708100373862,0.7560564875602722,0.607789933681488,0.8698806762695312,0.6506631970405579,0.9683231711387634,0.11277477572390487,0.7479780316352844,0.5974160432815552,0.8267002701759338,0.6613994240760803,0.93186354637146,0.797458291053772,0.6631439924240112,0.8986271023750305,0.6816450953483582,0.9884506464004517
72,0.10588968324488363,0.7570176720619202,0.6090334057807922,0.8702930808067322,0.6519946455955505,0.9683229923248291,0.11375855891727854,0.7484864592552185,0.5980650186538696,0.8270372152328491,0.6618974804878235,0.9320980906486511,0.797458291053772,0.6631439924240112,0.8986271023750305,0.6816450953483582,0.9884506464004517
73,0.10710336135730864,0.7572935819625854,0.6093905568122864,0.8704758882522583,0.6520537734031677,0.9685612320899963,0.11423970915438945,0.7489534616470337,0.5986615419387817,0.8273295760154724,0.6624211668968201,0.9322431683540344,0.797458291053772,0.6631439924240112,0.8986271023750305,0.6816450953483582,0.9884506464004517
74,0.10623588248322687,0.758276641368866,0.6106646656990051,0.8708676099777222,0.6535724997520447,0.9684469103813171,0.10977415847891014,0.7492032051086426,0.598980724811554,0.8274825811386108,0.6627137064933777,0.9323074221611023,0.797458291053772,0.6631439924240112,0.8986271023750305,0.6816450953483582,0.9884506464004517
75,0.10700701423820466,0.7584269642829895,0.610859751701355,0.8709909319877625,0.6534841060638428,0.968665361404419,0.10212693479549634,0.7495843172073364,0.5994681119918823,0.827728807926178,0.6631124019622803,0.9324566721916199,0.797458291053772,0.6631439924240112,0.8986271023750305,0.6816450953483582,0.9884506464004517
76,0.10488463006572098,0.7591311931610107,0.6117740273475647,0.8713006973266602,0.6544285416603088,0.9686900973320007,0.08811193790465144,0.7499163746833801,0.5998929738998413,0.8278481364250183,0.663827121257782,0.9321971535682678,0.797458291053772,0.6631439924240112,0.8986271023750305,0.6816450953483582,0.9884506464004517
77,0.10475736184997535,0.7600048780441284,0.6129094958305359,0.8716795444488525,0.6556310057640076,0.9686989784240723,0.0994082189662739,0.7506124377250671,0.6007842421531677,0.8281993269920349,0.6649381518363953,0.932064950466156,0.797458291053772,0.6631439924240112,0.8986271023750305,0.6816450953483582,0.9884506464004517
78,0.10519356503598828,0.7607601284980774,0.6138925552368164,0.8720106482505798,0.6566557884216309,0.9687186479568481,0.10008933044676466,0.7509663105010986,0.6012378334999084,0.8283311128616333,0.6656860113143921,0.931804895401001,0.797458291053772,0.6631439924240112,0.8986271023750305,0.6816450953483582,0.9884506464004517
79,0.10555276110940812,0.7617085576057434,0.6151286959648132,0.8723968267440796,0.6580994129180908,0.9686299562454224,0.10934078338788482,0.7513414025306702,0.6017188429832458,0.8285212516784668,0.666284441947937,0.9317352175712585,0.797458291053772,0.6631439924240112,0.8986271023750305,0.6816450953483582,0.9884506464004517
80,0.10536612121412785,0.7624497413635254,0.6160959601402283,0.8727276921272278,0.659081757068634,0.9686682224273682,0.10594974441509133,0.7514964938163757,0.6019178032875061,0.8286328911781311,0.6664039492607117,0.9318417310714722,0.797458291053772,0.6631439924240112,0.8986271023750305,0.6816450953483582,0.9884506464004517
81,0.10580408471212494,0.7629297971725464,0.6167230606079102,0.8729800581932068,0.6595216989517212,0.9688364863395691,0.11228779286665644,0.7520464062690735,0.602623701095581,0.8288458585739136,0.6675398349761963,0.9314677119255066,0.797458291053772,0.6631439924240112,0.8986271023750305,0.6816450953483582,0.9884506464004517
82,0.1043516312875253,0.7638663649559021,0.617948055267334,0.8733909130096436,0.6608060002326965,0.968855082988739,0.10494818565232487,0.7524697184562683,0.6031674742698669,0.8291443586349487,0.6678908467292786,0.931732714176178,0.797458291053772,0.6631439924240112,0.8986271023750305,0.6816450953483582,0.9884506464004517
83,0.10570030732544476,0.7645549178123474,0.6188498139381409,0.8736874461174011,0.6617826819419861,0.9688460826873779,0.10555862393796792,0.7529497742652893,0.6037845611572266,0.8294343948364258,0.6684788465499878,0.9318331480026245,0.797458291053772,0.6631439924240112,0.8986271023750305,0.6816450953483582,0.9884506464004517
84,0.10557210074040588,0.7648957371711731,0.6192964911460876,0.8738849759101868,0.6620001792907715,0.969034731388092,0.10434897777625807,0.7533305287361145,0.6042743921279907,0.8296155333518982,0.6691377758979797,0.931710422039032,0.797458291053772,0.6631439924240112,0.8986271023750305,0.6816450953483582,0.9884506464004517
85,0.10475098160854318,0.7656809687614441,0.6203266382217407,0.8742387294769287,0.6630356311798096,0.9690822958946228,0.11054475637189431,0.753750205039978,0.6048146486282349,0.82977294921875,0.6700321435928345,0.9313989877700806,0.797458291053772,0.6631439924240112,0.8986271023750305,0.6816450953483582,0.9884506464004517
86,0.1047979835260382,0.7664573788642883,0.6213465332984924,0.8745728135108948,0.6641455292701721,0.9690680503845215,0.10344693268897845,0.7541095614433289,0.6052775382995605,0.8300037384033203,0.6704211235046387,0.9315291047096252,0.797458291053772,0.6631439924240112,0.8986271023750305,0.6816450953483582,0.9884506464004517
87,0.10219059848133318,0.7672432661056519,0.6223801970481873,0.8749334216117859,0.6651535630226135,0.9691379070281982,0.0749758609574557,0.7546530365943909,0.6059781312942505,0.8301495909690857,0.6718136072158813,0.9308817982673645,0.797458291053772,0.6631439924240112,0.8986271023750305,0.6816450953483582,0.9884506464004517
88,0.10448329954377447,0.7680627703666687,0.6234593391418457,0.875279426574707,0.6663677096366882,0.9690940380096436,0.10273881180003669,0.7547287940979004,0.6060758829116821,0.8302671313285828,0.6716235876083374,0.931195080280304,0.797458291053772,0.6631439924240112,0.8986271023750305,0.6816450953483582,0.9884506464004517
89,0.10410897032731,0.768576443195343,0.6241365075111389,0.8755401968955994,0.6668962240219116,0.9692345857620239,0.09588873235373652,0.7553226947784424,0.6068421602249146,0.830490231513977,0.6728978157043457,0.9307494163513184,0.797458291053772,0.6631439924240112,0.8986271023750305,0.6816450953483582,0.9884506464004517
90,0.10450091479355757,0.7693711519241333,0.6251853108406067,0.8758841753005981,0.6680346131324768,0.9692218899726868,0.10818417096769653,0.7556002736091614,0.6072006821632385,0.830645740032196,0.6732914447784424,0.9307535290718079,0.797458291053772,0.6631439924240112,0.8986271023750305,0.6816450953483582,0.9884506464004517
91,0.10294064999258586,0.7700645327568054,0.6261016130447388,0.8762167096138,0.6688563227653503,0.9693347215652466,0.09255853198053263,0.7562775015830994,0.608075737953186,0.8308880925178528,0.6748002171516418,0.9301901459693909,0.797458291053772,0.6631439924240112,0.8986271023750305,0.6816450953483582,0.9884506464004517
92,0.10497050601786811,0.7707468867301941,0.6270042657852173,0.8765149712562561,0.669823944568634,0.9693323969841003,0.1094884281249288,0.7565142512321472,0.6083818674087524,0.8310269713401794,0.6751130819320679,0.9302183985710144,0.797458291053772,0.6631439924240112,0.8986271023750305,0.6816450953483582,0.9884506464004517
93,0.10380787766475263,0.7714214324951172,0.6278975009918213,0.8768343329429626,0.6706489324569702,0.9694247245788574,0.10562821465280094,0.7570931911468506,0.6091310381889343,0.8312569856643677,0.6763179302215576,0.9298281669616699,0.797458291053772,0.6631439924240112,0.8986271023750305,0.6816450953483582,0.9884506464004517
94,0.10463502054996378,0.7720984220504761,0.6287950873374939,0.877126932144165,0.6716324090957642,0.9694070816040039,0.10455012748713191,0.7571837902069092,0.6092483401298523,0.8314001560211182,0.6760772466659546,0.9302154779434204,0.797458291053772,0.6631439924240112,0.8986271023750305,0.6816450953483582,0.9884506464004517
95,0.10660100331121039,0.77252197265625,0.6293570399284363,0.8773293495178223,0.672142744064331,0.9694712162017822,0.12278136347575594,0.7576788663864136,0.6098896861076355,0.8316289186477661,0.6769816279411316,0.9300144910812378,0.797458291053772,0.6631439924240112,0.8986271023750305,0.6816450953483582,0.9884506464004517
96,0.10571600641701932,0.7728528380393982,0.6297964453697205,0.8775023818016052,0.6724604368209839,0.96957927942276,0.10914495507762507,0.7580316066741943,0.6103469729423523,0.8318899273872375,0.6772329211235046,0.9302816390991211,0.797458291053772,0.6631439924240112,0.8986271023750305,0.6816450953483582,0.9884506464004517
97,0.10462969769398298,0.773295521736145,0.6303845047950745,0.8777132630348206,0.6729989051818848,0.9696430563926697,0.09834118523971551,0.758514940738678,0.6109740138053894,0.8321499228477478,0.6779713034629822,0.9302372336387634,0.797458291053772,0.6631439924240112,0.8986271023750305,0.6816450953483582,0.9884506464004517
98,0.10394775933085999,0.7738296985626221,0.6310948133468628,0.8779566287994385,0.6737107634544373,0.9696760177612305,0.0912376678815811,0.7590087056159973,0.6116148829460144,0.8323832154273987,0.678857147693634,0.9300554394721985,0.797458291053772,0.6631439924240112,0.8986271023750305,0.6816450953483582,0.9884506464004517
99,0.104763619839415,0.7745500802993774,0.6320536732673645,0.8782459497451782,0.6748895645141602,0.9695658683776855,0.10276790165296512,0.75914466381073,0.6117914319038391,0.832460880279541,0.6790474057197571,0.9300614595413208,0.797458291053772,0.6631439924240112,0.8986271023750305,0.6816450953483582,0.9884506464004517
100,0.10631398008440344,0.7747392654418945,0.6323056221008301,0.8783684968948364,0.6749409437179565,0.9697204232215881,0.11737798118975025,0.7594048976898193,0.6121294498443604,0.8326437473297119,0.679272472858429,0.9302175641059875,0.797458291053772,0.6631439924240112,0.8986271023750305,0.6816450953483582,0.9884506464004517
101,0.10411457310304807,0.7752359509468079,0.6329675912857056,0.8786097168922424,0.6755237579345703,0.9698081016540527,0.10413654924391079,0.7597854733467102,0.6126242876052856,0.8328038454055786,0.6800388097763062,0.9299919009208679,0.797458291053772,0.6631439924240112,0.8986271023750305,0.6816450953483582,0.9884506464004517
102,0.10245571281737421,0.7758698463439941,0.633813202381134,0.878892183303833,0.6764107942581177,0.969819188117981,0.07779064050954343,0.7602294683456421,0.6132017374038696,0.8330004811286926,0.6808943748474121,0.9297692775726318,0.797458291053772,0.6631439924240112,0.8986271023750305,0.6816450953483582,0.9884506464004517
103,0.10372719109330433,0.7766132354736328,0.6348059773445129,0.8792018294334412,0.6775749921798706,0.9697449803352356,0.09897735766845872,0.7603322863578796,0.6133355498313904,0.8330763578414917,0.6809688806533813,0.9298461675643921,0.797458291053772,0.6631439924240112,0.8986271023750305,0.6816450953483582,0.9884506464004517
104,0.10297863338040325,0.7770478129386902,0.6353868842124939,0.8794208765029907,0.6780434846878052,0.9698521494865417,0.08492145806260015,0.7607071399688721,0.6138235330581665,0.8331980109214783,0.6818745732307434,0.9294689297676086,0.797458291053772,0.6631439924240112,0.8986271023750305,0.6816450953483582,0.9884506464004517
105,0.1036993134979225,0.7776609659194946,0.6362072229385376,0.8796783089637756,0.6789974570274353,0.9697968363761902,0.09087253426467443,0.760897696018219,0.614071786403656,0.8333289623260498,0.6820533275604248,0.9295694231987,0.797458291053772,0.6631439924240112,0.8986271023750305,0.6816450953483582,0.9884506464004517
106,0.10347753094608413,0.7782074213027954,0.6369391083717346,0.8799270987510681,0.6797404289245605,0.9698235392570496,0.09552697790150155,0.7613142132759094,0.6146144866943359,0.8335381746292114,0.6827592253684998,0.929462730884552,0.797458291053772,0.6631439924240112,0.8986271023750305,0.6816450953483582,0.9884506464004517
107,0.1027952675715318,0.7788019776344299,0.6377360224723816,0.8802090287208557,0.6804863810539246,0.9698972105979919,0.0994093568194784,0.7616352438926697,0.6150330305099487,0.8336469531059265,0.6835203170776367,0.929156482219696,0.797458291053772,0.6631439924240112,0.8986271023750305,0.6816450953483582,0.9884506464004517
108,0.10635797498317556,0.7793356776237488,0.6384519934654236,0.8804256916046143,0.6813651323318481,0.9698165059089661,0.12142300203776837,0.7617397308349609,0.61516934633255,0.8337799310684204,0.6833669543266296,0.9294717311859131,0.797458291053772,0.6631439924240112,0.8986271023750305,0.6816450953483582,0.9884506464004517
109,0.10573567658556637,0.779291570186615,0.6383929252624512,0.8804534077644348,0.6810325384140015,0.9700060486793518,0.09689910554574574,0.7618388533592224,0.6152986288070679,0.8338672518730164,0.6833812594413757,0.9296054244041443,0.797458291053772,0.6631439924240112,0.8986271023750305,0.6816450953483582,0.9884506464004517
110,0.10536405455037212,0.7798503637313843,0.639143168926239,0.8806775808334351,0.6819695830345154,0.9699100852012634,0.11016212829077704,0.7621821761131287,0.6157466769218445,0.8340151309967041,0.6840668320655823,0.9294112324714661,0.797458291053772,0.6631439924240112,0.8986271023750305,0.6816450953483582,0.9884506464004517
111,0.10418916776491424,0.7801394462585449,0.6395316123962402,0.8808287978172302,0.6822537183761597,0.9700016379356384,0.09313975354582049,0.7624835968017578,0.6161403059959412,0.8342238664627075,0.6843441724777222,0.9295763373374939,0.797458291053772,0.6631439924240112,0.8986271023750305,0.6816450953483582,0.9884506464004517
112,0.10412962193939879,0.7806205749511719,0.6401786208152771,0.8810391426086426,0.6829642653465271,0.9699873328208923,0.09598240459075646,0.7626526355743408,0.6163609623908997,0.8342441320419312,0.6848995685577393,0.9292561411857605,0.797458291053772,0.6631439924240112,0.8986271023750305,0.6816450953483582,0.9884506464004517
113,0.10430450620360525,0.7811591625213623,0.6409033536911011,0.8812825679779053,0.6837156414985657,0.9700025320053101,0.11101317911317796,0.762850821018219,0.616619884967804,0.8344103097915649,0.6849623918533325,0.9294881820678711,0.797458291053772,0.6631439924240112,0.8986271023750305,0.6816450953483582,0.9884506464004517
114,0.10538258334503296,0.7813258767127991,0.6411278247833252,0.8813821077346802,0.6838085651397705,0.9701052904129028,0.10434537684603987,0.7630413770675659,0.6168689131736755,0.8345592617988586,0.6850676536560059,0.929664671421051,0.797458291053772,0.6631439924240112,0.8986271023750305,0.6816450953483582,0.9884506464004517
115,0.10510580200707709,0.7817749381065369,0.6417328119277954,0.8815760612487793,0.6844886541366577,0.9700808525085449,0.11080611257879962,0.7632944583892822,0.6171998381614685,0.8346547484397888,0.6856318712234497,0.9294621348381042,0.797458291053772,0.6631439924240112,0.8986271023750305,0.6816450953483582,0.9884506464004517
116,0.10411211889764169,0.7821747660636902,0.6422718167304993,0.8817672729492188,0.6849879026412964,0.9701337814331055,0.1044322403391461,0.7635335326194763,0.6175125241279602,0.8348053693771362,0.6859145760536194,0.9295287132263184,0.797458291053772,0.6631439924240112,0.8986271023750305,0.6816450953483582,0.9884506464004517
117,0.10398803434811654,0.7826575040817261,0.6429230570793152,0.881993293762207,0.6856198310852051,0.9701774716377258,0.11145787957317436,0.7638262510299683,0.6178955435752869,0.8349645137786865,0.6863662004470825,0.9295017123222351,0.797458291053772,0.6631439924240112,0.8986271023750305,0.6816450953483582,0.9884506464004517
118,0.10414619705907509,0.7830175161361694,0.6434089541435242,0.8821703195571899,0.6860421895980835,0.9702443480491638,0.10399025071865944,0.7641630172729492,0.6183363795280457,0.8351780772209167,0.6867592334747314,0.9296010732650757,0.797458291053772,0.6631439924240112,0.8986271023750305,0.6816450953483582,0.9884506464004517
119,0.10256338129123922,0.7835059762001038,0.6440688967704773,0.8823968768119812,0.6866968274116516,0.9702785611152649,0.08771166146482964,0.7644533514976501,0.6187165975570679,0.8352915644645691,0.6873934268951416,0.9293833374977112,0.797458291053772,0.6631439924240112,0.8986271023750305,0.6816450953483582,0.9884506464004517
120,0.10281283979291535,0.7840412855148315,0.6447926759719849,0.8826290965080261,0.6875088214874268,0.9702505469322205,0.08803012520738393,0.7646335363388062,0.6189528107643127,0.8354222178459167,0.6875361800193787,0.9295063018798828,0.797458291053772,0.6631439924240112,0.8986271023750305,0.6816450953483582,0.9884506464004517
121,0.10427713766186891,0.7844005227088928,0.6452786922454834,0.8828085064888,0.6879168152809143,0.9703272581100464,0.10971879853930219,0.7649090886116028,0.6193140745162964,0.8355493545532227,0.6880585551261902,0.9293819069862366,0.797458291053772,0.6631439924240112,0.8986271023750305,0.6816450953483582,0.9884506464004517
122,0.10350369443011209,0.7848719358444214,0.6459170579910278,0.8830330967903137,0.6885164380073547,0.9703834652900696,0.11071192848918243,0.7652748823165894,0.619793713092804,0.8357451558113098,0.6886387467384338,0.9293333888053894,0.797458291053772,0.6631439924240112,0.8986271023750305,0.6816450953483582,0.9884506464004517
123,0.10368746842692206,0.7853453159332275,0.6465585827827454,0.8832535743713379,0.6891497373580933,0.9704185128211975,0.10979670158229474,0.7656479477882385,0.6202832460403442,0.8359206914901733,0.6893342733383179,0.92917799949646,0.797458291053772,0.6631439924240112,0.8986271023750305,0.6816450953483582,0.9884506464004517
124,0.10262884673625022,0.7858832478523254,0.6472879648208618,0.8834994435310364,0.6898981332778931,0.9704387187957764,0.09914871201988992,0.7657945156097412,0.6204757690429688,0.8359898328781128,0.6896066665649414,0.9291178584098816,0.797458291053772,0.6631439924240112,0.8986271023750305,0.6816450953483582,0.9884506464004517
125,0.10386660676382053,0.7863571643829346,0.6479311585426331,0.8837169408798218,0.6905538439750671,0.9704594016075134,0.11148040106211385,0.7660558819770813,0.6208189129829407,0.8361491560935974,0.6899417042732239,0.9291653037071228,0.797458291053772,0.6631439924240112,0.8986271023750305,0.6816450953483582,0.9884506464004517
126,0.1030880728892001,0.7867728471755981,0.6484958529472351,0.8839164972305298,0.691077709197998,0.9705134034156799,0.10109139549247387,0.7663891911506653,0.621256947517395,0.8363065719604492,0.6905628442764282,0.9290278553962708,0.797458291053772,0.6631439924240112,0.8986271023750305,0.6816450953483582,0.9884506464004517
127,0.10269815013538398,0.7872463464736938,0.6491395235061646,0.8841352462768555,0.6917268633842468,0.9705387949943542,0.09688326900024714,0.766671895980835,0.62162846326828,0.8364702463150024,0.690963089466095,0.9290408492088318,0.797458291053772,0.6631439924240112,0.8986271023750305,0.6816450953483582,0.9884506464004517
128,0.10259955867119283,0.7877898216247559,0.6498789191246033,0.884379506111145,0.6925143003463745,0.9705390334129333,0.1013998445947005,0.7669658064842224,0.6220149993896484,0.8366435170173645,0.6913663744926453,0.929067850112915,0.797458291053772,0.6631439924240112,0.8986271023750305,0.6816450953483582,0.9884506464004517
129,0.10343441096504402,0.7881196141242981,0.6503279209136963,0.8845465183258057,0.6928797960281372,0.9706171751022339,0.10101361836376842,0.7672249674797058,0.6223560571670532,0.8367875814437866,0.6917594075202942,0.929053544998169,0.797458291053772,0.6631439924240112,0.8986271023750305,0.6816450953483582,0.9884506464004517
130,0.10367884210740357,0.7885511517524719,0.6509159207344055,0.8847426176071167,0.6934946775436401,0.970625102519989,0.10583728620781184,0.7675630450248718,0.6228010654449463,0.8369468450546265,0.6923943161964417,0.9289102554321289,0.797458291053772,0.6631439924240112,0.8986271023750305,0.6816450953483582,0.9884506464004517
131,0.10324721832631849,0.7890369296073914,0.6515780091285706,0.8849543333053589,0.6942415833473206,0.9705965518951416,0.10042871280867706,0.7677221894264221,0.6230106353759766,0.8370330929756165,0.6926461458206177,0.9288910627365112,0.797458291053772,0.6631439924240112,0.8986271023750305,0.6816450953483582,0.9884506464004517
132,0.10270465926010053,0.7894310355186462,0.6521157026290894,0.8851451873779297,0.6947341561317444,0.9706518054008484,0.09704048962963449,0.7679455280303955,0.6233048439025879,0.8371760845184326,0.6929059624671936,0.9289597272872925,0.797458291053772,0.6631439924240112,0.8986271023750305,0.6816450953483582,0.9884506464004517
133,0.10317637603801583,0.7898706793785095,0.6527159214019775,0.8853530287742615,0.6953149437904358,0.9706920981407166,0.11042279300904222,0.7682573795318604,0.6237158179283142,0.8372900485992432,0.6936342716217041,0.928682804107666,0.797458291053772,0.6631439924240112,0.8986271023750305,0.6816450953483582,0.9884506464004517
134,0.10313056597183388,0.7902469635009766,0.6532300114631653,0.8855314254760742,0.6958097219467163,0.9707285165786743,0.10044956485383494,0.7685084342956543,0.624046802520752,0.8374444842338562,0.6939540505409241,0.9287320971488953,0.797458291053772,0.6631439924240112,0.8986271023750305,0.6816450953483582,0.9884506464004517
135,0.10155813730378106,0.7907412052154541,0.6539057493209839,0.8857597708702087,0.6964972615242004,0.9707506895065308,0.08701068530287773,0.768833339214325,0.624475359916687,0.8375639319419861,0.6947120428085327,0.9284453392028809,0.797458291053772,0.6631439924240112,0.8986271023750305,0.6816450953483582,0.9884506464004517
136,0.10335197495955692,0.7912163138389587,0.6545558571815491,0.8859712481498718,0.697208821773529,0.970737636089325,0.10811808137581752,0.7691020965576172,0.6248301267623901,0.8377513289451599,0.6949613094329834,0.9285934567451477,0.797458291053772,0.6631439924240112,0.8986271023750305,0.6816450953483582,0.9884506464004517
137,0.10428476905874155,0.7915173172950745,0.6549679040908813,0.8861196637153625,0.6975718140602112,0.9707896113395691,0.1127773920486934,0.7693949937820435,0.6252168416976929,0.8379035592079163,0.6954560875892639,0.9285275340080261,0.797458291053772,0.6631439924240112,0.8986271023750305,0.6816450953483582,0.9884506464004517
138,0.10394591788396793,0.7917961478233337,0.655349850654602,0.8862603902816772,0.6978887319564819,0.9708511829376221,0.10838136188107081,0.7695414423942566,0.625410258769989,0.8379911184310913,0.6956543922424316,0.928544819355011,0.797458291053772,0.6631439924240112,0.8986271023750305,0.6816450953483582,0.9884506464004517
139,0.10276330708162007,0.7920979261398315,0.6557634472846985,0.8864124417304993,0.6982330083847046,0.9709170460700989,0.09486440046716146,0.7698827385902405,0.6258613467216492,0.8381518721580505,0.6963037252426147,0.9283947348594666,0.797458291053772,0.6631439924240112,0.8986271023750305,0.6816450953483582,0.9884506464004517
140,0.10294107837173638,0.7925539016723633,0.6563887000083923,0.8866168856620789,0.6989105939865112,0.9709088802337646,0.10508522407479043,0.770129382610321,0.626187264919281,0.8382993340492249,0.6966383457183838,0.9284231066703796,0.797458291053772,0.6631439924240112,0.8986271023750305,0.6816450953483582,0.9884506464004517
141,0.10196275019976188,0.7929093837738037,0.6568763852119446,0.8867903351783752,0.6993525624275208,0.97096186876297,0.08846169808954185,0.7704026699066162,0.626548707485199,0.838417649269104,0.6972048282623291,0.9282563328742981,0.797458291053772,0.6631439924240112,0.8986271023750305,0.6816450953483582,0.9884506464004517
142,0.10312749723289216,0.7933295965194702,0.6574534177780151,0.8869884014129639,0.6999194622039795,0.970994234085083,0.11164871323946121,0.7706528902053833,0.6268798112869263,0.8385456204414368,0.6976394057273865,0.9281891584396362,0.797458291053772,0.6631439924240112,0.8986271023750305,0.6816450953483582,0.9884506464004517
143,0.10151231163435515,0.793752908706665,0.6580350995063782,0.8871854543685913,0.7005068063735962,0.971015989780426,0.08507106139411352,0.7709437012672424,0.6272647380828857,0.8386894464492798,0.698166012763977,0.9280894994735718,0.797458291053772,0.6631439924240112,0.8986271023750305,0.6816450953483582,0.9884506464004517
144,0.10278416492663453,0.7942162752151489,0.6586722135543823,0.8873996734619141,0.7011601328849792,0.9710330367088318,0.11182191229374137,0.7712347507476807,0.6276502013206482,0.8388386368751526,0.6986713409423828,0.9280121922492981,0.797458291053772,0.6631439924240112,0.8986271023750305,0.6816450953483582,0.9884506464004517
145,0.1021789210096473,0.7946165800094604,0.6592229604721069,0.8875911831855774,0.7016846537590027,0.9710750579833984,0.09916760133718355,0.7715221047401428,0.6280309557914734,0.8390094041824341,0.6990694403648376,0.9280382990837097,0.797458291053772,0.6631439924240112,0.8986271023750305,0.6816450953483582,0.9884506464004517
146,0.10230234808240907,0.7950822114944458,0.6598643064498901,0.8877934813499451,0.7024254202842712,0.9710355401039124,0.09353535322961587,0.7715906500816345,0.6281217336654663,0.8390806317329407,0.6990320682525635,0.9281784296035767,0.797458291053772,0.6631439924240112,0.8986271023750305,0.6816450953483582,0.9884506464004517
147,0.10414843354279471,0.795215904712677,0.6600484848022461,0.8878742456436157,0.7024959325790405,0.9711209535598755,0.10357742449489064,0.7717780470848083,0.6283701658248901,0.8391730189323425,0.6993740200996399,0.9281121492385864,0.797458291053772,0.6631439924240112,0.8986271023750305,0.6816450953483582,0.9884506464004517
148,0.10348320529041381,0.7955661416053772,0.660531222820282,0.888035237789154,0.7029985785484314,0.971128523349762,0.10707107218273534,0.7719603180885315,0.6286118626594543,0.8392732739448547,0.6996617317199707,0.9280931353569031,0.797458291053772,0.6631439924240112,0.8986271023750305,0.6816450953483582,0.9884506464004517
149,0.10294982703425688,0.7958856225013733,0.6609718203544617,0.8881896138191223,0.7034105658531189,0.9711671471595764,0.10233605076065506,0.7721961736679077,0.6289247870445251,0.8393791317939758,0.7001387476921082,0.9279630184173584,0.797458291053772,0.6631439924240112,0.8986271023750305,0.6816450953483582,0.9884506464004517
150,0.10381695321317923,0.7963048219680786,0.6615503430366516,0.8883787393569946,0.7040368318557739,0.9711598753929138,0.121129726075107,0.7724141478538513,0.6292139291763306,0.8395038843154907,0.7004626393318176,0.927960991859436,0.797458291053772,0.6631439924240112,0.8986271023750305,0.6816450953483582,0.9884506464004517
151,0.10234026082581878,0.7966578602790833,0.66203773021698,0.8885504603385925,0.7044859528541565,0.9712071418762207,0.10207979385164459,0.772656261920929,0.6295353770256042,0.8396349549293518,0.7008557915687561,0.9279252886772156,0.797458291053772,0.6631439924240112,0.8986271023750305,0.6816450953483582,0.9884506464004517
152,0.1014107348788648,0.7970868349075317,0.6626303791999817,0.8887503743171692,0.7050882577896118,0.9712263345718384,0.09285612644009125,0.7729313969612122,0.6299006342887878,0.8397789597511292,0.7013243436813354,0.927862823009491,0.797458291053772,0.6631439924240112,0.8986271023750305,0.6816450953483582,0.9884506464004517
153,0.10192586706572498,0.7975093126296997,0.6632146239280701,0.8889466524124146,0.7056867480278015,0.9712420701980591,0.1004906049563644,0.773151159286499,0.6301926970481873,0.8398944139480591,0.7016975283622742,0.9278143048286438,0.797458291053772,0.6631439924240112,0.8986271023750305,0.6816450953483582,0.9884506464004517
154,0.10178476863222655,0.7979023456573486,0.6637582778930664,0.8891301155090332,0.7062390446662903,0.9712598323822021,0.09492697279576146,0.7733999490737915,0.6305233240127563,0.8400435447692871,0.702039361000061,0.9278408885002136,0.797458291053772,0.6631439924240112,0.8986271023750305,0.6816450953483582,0.9884506464004517
155,0.10301505664458531,0.7982189059257507,0.6641965508460999,0.8892685770988464,0.7067438960075378,0.9712336659431458,0.0909697950395682,0.773426353931427,0.6305583715438843,0.8400600552558899,0.7020723819732666,0.9278468489646912,0.797458291053772,0.6631439924240112,0.8986271023750305,0.6816450953483582,0.9884506464004517
156,0.10313040900633674,0.7984612584114075,0.6645323038101196,0.8893926739692688,0.7070152163505554,0.9712917804718018,0.10300648953604905,0.7736365795135498,0.6308379769325256,0.8401612043380737,0.7024710178375244,0.9277588129043579,0.797458291053772,0.6631439924240112,0.8986271023750305,0.6816450953483582,0.9884506464004517
157,0.10466506437421685,0.7987614274024963,0.6649481654167175,0.8895331621170044,0.7074364423751831,0.9713061451911926,0.12401561647693547,0.7738727927207947,0.6311522126197815,0.8403047323226929,0.702788233757019,0.9277918338775635,0.797458291053772,0.6631439924240112,0.8986271023750305,0.6816450953483582,0.9884506464004517
158,0.10409527621610626,0.7989715337753296,0.6652395129203796,0.8896440267562866,0.7076514363288879,0.9713702201843262,0.11563564011208724,0.774010956287384,0.6313358545303345,0.8403661251068115,0.7030725479125977,0.9277114272117615,0.797458291053772,0.6631439924240112,0.8986271023750305,0.6816450953483582,0.9884506464004517
159,0.10376562635974408,0.7993062138557434,0.6657036542892456,0.8898007273674011,0.7081213593482971,0.9713863134384155,0.12076341656715615,0.7742218971252441,0.6316166520118713,0.8404889702796936,0.7033800482749939,0.9277166724205017,0.797458291053772,0.6631439924240112,0.8986271023750305,0.6816450953483582,0.9884506464004517
160,0.10216294172329526,0.7995527386665344,0.6660458445549011,0.8899274468421936,0.7083956003189087,0.9714467525482178,0.0916826316316378,0.7744958400726318,0.6319814324378967,0.840613067150116,0.7039353251457214,0.9275665879249573,0.797458291053772,0.6631439924240112,0.8986271023750305,0.6816450953483582,0.9884506464004517
161,0.10144997220002286,0.7999401688575745,0.6665835976600647,0.8900969624519348,0.709017813205719,0.9714128971099854,0.0772045231871037,0.7746630907058716,0.6322041153907776,0.8406976461410522,0.7042362689971924,0.9275133609771729,0.797458291053772,0.6631439924240112,0.8986271023750305,0.6816450953483582,0.9884506464004517
162,0.10259976275683332,0.8002966046333313,0.6670787334442139,0.8902638554573059,0.7095203995704651,0.9714291095733643,0.10651496771560501,0.774858295917511,0.6324642300605774,0.8408222794532776,0.7044728994369507,0.9275667667388916,0.797458291053772,0.6631439924240112,0.8986271023750305,0.6816450953483582,0.9884506464004517
163,0.10285925510163184,0.8005872368812561,0.6674827933311462,0.8904107213020325,0.7098610997200012,0.9714890718460083,0.11189816838346693,0.7750478386878967,0.6327168345451355,0.8408921957015991,0.7049286961555481,0.9273913502693176,0.797458291053772,0.6631439924240112,0.8986271023750305,0.6816450953483582,0.9884506464004517
164,0.1034041029495473,0.8008517622947693,0.6678504943847656,0.8905385732650757,0.7102092504501343,0.9715178608894348,0.10926045447182414,0.7752900123596191,0.6330395936965942,0.8410239219665527,0.7053247690200806,0.9273546934127808,0.797458291053772,0.6631439924240112,0.8986271023750305,0.6816450953483582,0.9884506464004517
165,0.10226110518226168,0.8012340664863586,0.6683823466300964,0.8907129764556885,0.7107809782028198,0.9715137481689453,0.10357220885093768,0.775515079498291,0.6333399415016174,0.841155469417572,0.7056528329849243,0.9273613095283508,0.797458291053772,0.6631439924240112,0.8986271023750305,0.6816450953483582,0.9884506464004517
166,0.10232113343600259,0.8016073107719421,0.6689019799232483,0.8908810019493103,0.7113537788391113,0.9715002775192261,0.10169847669444855,0.7756068706512451,0.6334622502326965,0.841229259967804,0.7056965827941895,0.9274542331695557,0.797458291053772,0.6631439924240112,0.8986271023750305,0.6816450953483582,0.9884506464004517
167,0.1034045502618087,0.8017855286598206,0.6691502332687378,0.8909805417060852,0.7115026712417603,0.971577525138855,0.10743648844191257,0.7758074998855591,0.6337299942970276,0.841313362121582,0.7061365842819214,0.9273119568824768,0.797458291053772,0.6631439924240112,0.8986271023750305,0.6816450953483582,0.9884506464004517
168,0.10323567892740482,0.8021484613418579,0.669655978679657,0.891144871711731,0.7120554447174072,0.9715673923492432,0.11375995173499567,0.7759761214256287,0.6339549422264099,0.8414129614830017,0.7063779234886169,0.9273212552070618,0.797458291053772,0.6631439924240112,0.8986271023750305,0.6816450953483582,0.9884506464004517
169,0.10230524500096577,0.8024300336837769,0.6700485944747925,0.8912768363952637,0.7124561071395874,0.9715786576271057,0.0939763036176065,0.7761626839637756,0.6342041492462158,0.8415235280990601,0.7066440582275391,0.9273329377174377,0.797458291053772,0.6631439924240112,0.8986271023750305,0.6816450953483582,0.9884506464004517
170,0.10243109461938697,0.8027191758155823,0.670451819896698,0.8914178609848022,0.7128309607505798,0.9716147184371948,0.10446940015706035,0.776345431804657,0.6344481706619263,0.8416123390197754,0.7069914937019348,0.9272571802139282,0.797458291053772,0.6631439924240112,0.8986271023750305,0.6816450953483582,0.9884506464004517
171,0.10219962198148912,0.8030861616134644,0.6709640026092529,0.8915867805480957,0.7133746147155762,0.9716153740882874,0.10378395939638485,0.7765369415283203,0.6347039341926575,0.8417381048202515,0.7072093486785889,0.9273244142532349,0.797458291053772,0.6631439924240112,0.8986271023750305,0.6816450953483582,0.9884506464004517
172,0.10135058658598917,0.803296685218811,0.6712580323219299,0.8916981816291809,0.713591456413269,0.9716794490814209,0.08171060754397029,0.7767589688301086,0.6350007057189941,0.841829776763916,0.707705557346344,0.9271585941314697,0.797458291053772,0.6631439924240112,0.8986271023750305,0.6816450953483582,0.9884506464004517
173,0.10123821437428118,0.8036741614341736,0.671785295009613,0.8918697237968445,0.714165985584259,0.9716701507568359,0.09119266489659092,0.7769324779510498,0.63523268699646,0.8419450521469116,0.7078980803489685,0.9272247552871704,0.797458291053772,0.6631439924240112,0.8986271023750305,0.6816450953483582,0.9884506464004517
174,0.10196498874327696,0.8039191961288452,0.6721277236938477,0.8919963836669922,0.7144389748573303,0.9717309474945068,0.09710755801415404,0.777198314666748,0.6355881094932556,0.8420700430870056,0.7084239721298218,0.9270947575569153,0.797458291053772,0.6631439924240112,0.8986271023750305,0.6816450953483582,0.9884506464004517
175,0.10237659696998055,0.8043107986450195,0.6726754903793335,0.8921709656715393,0.7150598764419556,0.9717051386833191,0.10859116393134614,0.7773033976554871,0.6357287764549255,0.8421472907066345,0.7085075974464417,0.9271679520606995,0.797458291053772,0.6631439924240112,0.8986271023750305,0.6816450953483582,0.9884506464004517
176,0.1025430985312893,0.804555356502533,0.6730176210403442,0.8922910690307617,0.7153743505477905,0.9717379808425903,0.10224864244486892,0.7775148749351501,0.6360117793083191,0.8422583341598511,0.7088754773139954,0.9271155595779419,0.797458291053772,0.6631439924240112,0.8986271023750305,0.6816450953483582,0.9884506464004517
177,0.10188080608289182,0.8048200011253357,0.6733880639076233,0.8924233913421631,0.7156994342803955,0.9717836976051331,0.09713029949787166,0.7776718139648438,0.6362218856811523,0.8423247933387756,0.7092198729515076,0.9270052909851074,0.797458291053772,0.6631439924240112,0.8986271023750305,0.6816450953483582,0.9884506464004517
178,0.10190336436607023,0.8050884008407593,0.6737639307975769,0.8925509452819824,0.7160745859146118,0.9718000292778015,0.09045240167405812,0.7778968214988708,0.6365230679512024,0.842464029788971,0.7095166444778442,0.9270443320274353,0.797458291053772,0.6631439924240112,0.8986271023750305,0.6816450953483582,0.9884506464004517
179,0.10127588955482342,0.8054034113883972,0.6742053627967834,0.8927034735679626,0.7164960503578186,0.9718316793441772,0.0962012910011729,0.7780482172966003,0.6367257833480835,0.8425098061561584,0.7099322080612183,0.9268548488616943,0.797458291053772,0.6631439924240112,0.8986271023750305,0.6816450953483582,0.9884506464004517
180,0.102043600339702,0.8057111501693726,0.6746367812156677,0.8928403258323669,0.7169892191886902,0.971808671951294,0.09346724200526754,0.7782301902770996,0.6369696259498596,0.8426322340965271,0.710128903388977,0.9269298315048218,0.797458291053772,0.6631439924240112,0.8986271023750305,0.6816450953483582,0.9884506464004517
181,0.10383236999249111,0.8059508204460144,0.6749729514122009,0.892957329750061,0.7173040509223938,0.9718368053436279,0.12207867006551237,0.7783228754997253,0.6370937824249268,0.8426458835601807,0.7104486227035522,0.9267488121986389,0.797458291053772,0.6631439924240112,0.8986271023750305,0.6816450953483582,0.9884506464004517
182,0.1032483955227013,0.806114912033081,0.6752030849456787,0.8930400013923645,0.717502772808075,0.9718673229217529,0.10087120093750754,0.7785132527351379,0.6373488903045654,0.8427813649177551,0.7106204032897949,0.9268614053726196,0.797458291053772,0.6631439924240112,0.8986271023750305,0.6816450953483582,0.9884506464004517
183,0.10174847162267103,0.8063825368881226,0.6755786538124084,0.89316725730896,0.7178779244422913,0.971883237361908,0.09354921066788786,0.7786108255386353,0.6374797224998474,0.8428046703338623,0.7109174728393555,0.9267104864120483,0.797458291053772,0.6631439924240112,0.8986271023750305,0.6816450953483582,0.9884506464004517
184,0.10271551003629674,0.80668705701828,0.6760062575340271,0.8933068513870239,0.7183406352996826,0.9718777537345886,0.11051447601609868,0.7787766456604004,0.6377020478248596,0.8429189920425415,0.7110843658447266,0.9267913103103638,0.797458291053772,0.6631439924240112,0.8986271023750305,0.6816450953483582,0.9884506464004517
185,0.10262812737746067,0.8068419098854065,0.676223874092102,0.8933930397033691,0.7184736132621765,0.9719430208206177,0.10076685319293255,0.7789729833602905,0.6379653215408325,0.8430293202400208,0.7113955020904541,0.9267739057540894,0.797458291053772,0.6631439924240112,0.8986271023750305,0.6816450953483582,0.9884506464004517
186,0.10264458809972232,0.8071035146713257,0.6765914559364319,0.8935046195983887,0.7189280986785889,0.9719005227088928,0.08910113797213384,0.7790869474411011,0.6381182670593262,0.8431119322776794,0.7114921808242798,0.9268474578857422,0.797458291053772,0.6631439924240112,0.8986271023750305,0.6816450953483582,0.9884506464004517
187,0.1037931377670047,0.8072579503059387,0.6768085360527039,0.8935849070549011,0.7190994024276733,0.9719399213790894,0.1124650928320423,0.7791022062301636,0.6381387114524841,0.8431070446968079,0.7115771174430847,0.9267854690551758,0.797458291053772,0.6631439924240112,0.8986271023750305,0.6816450953483582,0.9884506464004517
188,0.1032563775735818,0.807477593421936,0.6771174669265747,0.8936856985092163,0.7194335460662842,0.9719359874725342,0.10438303885445215,0.7792879343032837,0.6383880376815796,0.8432109355926514,0.7118739485740662,0.9267666339874268,0.797458291053772,0.6631439924240112,0.8986271023750305,0.6816450953483582,0.9884506464004517
189,0.1020421999950314,0.8076958060264587,0.6774242520332336,0.8937938809394836,0.7197111248970032,0.9719681143760681,0.09717826343568625,0.7794231176376343,0.6385694146156311,0.8432961106300354,0.7120469808578491,0.9267958998680115,0.797458291053772,0.6631439924240112,0.8986271023750305,0.6816450953483582,0.9884506464004517
190,0.10209158756380785,0.8079400658607483,0.6777679324150085,0.8939100503921509,0.7200556993484497,0.9719817638397217,0.09568859864525135,0.7796355485916138,0.6388547420501709,0.8434076905250549,0.7124201059341431,0.9267411231994629,0.797458291053772,0.6631439924240112,0.8986271023750305,0.6816450953483582,0.9884506464004517
191,0.10114356146300468,0.8081812262535095,0.678107500076294,0.8940244913101196,0.7203989028930664,0.9719933271408081,0.0805854731425783,0.7796794176101685,0.6389136910438538,0.8434231877326965,0.7125313878059387,0.9266957640647888,0.797458291053772,0.6631439924240112,0.8986271023750305,0.6816450953483582,0.9884506464004517
192,0.10213335653652234,0.8084412813186646,0.678473711013794,0.8941469788551331,0.72077476978302,0.9720020294189453,0.10130219981905254,0.7798607349395752,0.6391571164131165,0.8435247540473938,0.712821364402771,0.9266774654388428,0.797458291053772,0.6631439924240112,0.8986271023750305,0.6816450953483582,0.9884506464004517
193,0.10113282744320247,0.8087125420570374,0.6788558959960938,0.894277036190033,0.7211513519287109,0.9720215201377869,0.09000668083933164,0.7800247669219971,0.6393775343894958,0.8436158895492554,0.7130874395370483,0.9266571402549744,0.797458291053772,0.6631439924240112,0.8986271023750305,0.6816450953483582,0.9884506464004517
194,0.10248060839409971,0.8090311884880066,0.6793051362037659,0.8944207429885864,0.7216572761535645,0.9720024466514587,0.11027771221694438,0.7801895141601562,0.6395989060401917,0.8437209725379944,0.713293194770813,0.9266982674598694,0.797458291053772,0.6631439924240112,0.8986271023750305,0.6816450953483582,0.9884506464004517
195,0.10370311278784046,0.8090269565582275,0.6792992353439331,0.8944400548934937,0.7215056419372559,0.972098708152771,0.09968129483704921,0.7802809476852417,0.6397218704223633,0.8437941670417786,0.7133392691612244,0.9267886281013489,0.797458291053772,0.6631439924240112,0.8986271023750305,0.6816450953483582,0.9884506464004517
196,0.10323785084288391,0.8091975450515747,0.679539680480957,0.8945194482803345,0.7217597961425781,0.9720994830131531,0.10046561471599659,0.7804114818572998,0.6398974657058716,0.8438615202903748,0.7135748267173767,0.926749050617218,0.797458291053772,0.6631439924240112,0.8986271023750305,0.6816450953483582,0.9884506464004517
197,0.10283001902394455,0.8094165921211243,0.6798486709594727,0.8946212530136108,0.7220869660377502,0.9721001386642456,0.10223305989090073,0.7806125283241272,0.6401676535606384,0.8439744114875793,0.7138961553573608,0.9267292022705078,0.797458291053772,0.6631439924240112,0.8986271023750305,0.6816450953483582,0.9884506464004517
198,0.10273906803609506,0.8096373677253723,0.6801602244377136,0.8947256803512573,0.7224050164222717,0.9721085429191589,0.10469137105620475,0.7808103561401367,0.6404339075088501,0.8440804481506348,0.7142359018325806,0.9266866445541382,0.797458291053772,0.6631439924240112,0.8986271023750305,0.6816450953483582,0.9884506464004517
199,0.10244858919594241,0.80990070104599,0.6805320382118225,0.8948504328727722,0.7227839231491089,0.9721192717552185,0.10876873208312404,0.7809169888496399,0.6405773758888245,0.8441365957260132,0.7144237756729126,0.9266589283943176,0.797458291053772,0.6631439924240112,0.8986271023750305,0.6816450953483582,0.9884506464004517
