,train_loss,train_dice,train_iou,train_acc,train_sens,train_spec,val_loss,val_dice,val_iou,val_acc,val_sens,val_spec,test_dice,test_iou,test_acc,test_sens,test_spec
0,0.14783039064018644,0.29838618636131287,0.17535404860973358,0.726763129234314,0.18748527765274048,0.9689331650733948,0.13439100378775748,0.5731683373451233,0.4017070531845093,0.7468803524971008,0.4370861053466797,0.9439693093299866,0.9189668893814087,0.8500820994377136,0.9534457921981812,0.9016521573066711,0.9748867154121399
1,0.12253268140327278,0.47951364517211914,0.3153682053089142,0.7722391486167908,0.3385474383831024,0.9669943451881409,0.12307982584009602,0.6261279582977295,0.4557396173477173,0.7687187194824219,0.49807658791542053,0.9408993721008301,0.9189668893814087,0.8500820994377136,0.9534457921981812,0.9016521573066711,0.9748867154121399
2,0.11428818140219786,0.562653124332428,0.3914523422718048,0.7975714802742004,0.42018014192581177,0.9670442342758179,0.10982042060731076,0.6455675959587097,0.47663331031799316,0.7799068689346313,0.5155020952224731,0.9481193423271179,0.9189668893814087,0.8500820994377136,0.9534457921981812,0.9016521573066711,0.9748867154121399
3,0.11104823516557108,0.6060979962348938,0.43482092022895813,0.8126452565193176,0.46512386202812195,0.9687045216560364,0.1002955764430843,0.6830918192863464,0.5187087655067444,0.7977358102798462,0.5606350898742676,0.9485776424407959,0.9189668893814087,0.8500820994377136,0.9534457921981812,0.9016521573066711,0.9748867154121399
4,0.10828438173228365,0.6369936466217041,0.4673444330692291,0.8245328664779663,0.4967820644378662,0.9717138409614563,0.1003336568595076,0.7150216102600098,0.556446373462677,0.8129135966300964,0.6036219596862793,0.9460635185241699,0.9189668893814087,0.8500820994377136,0.9534457921981812,0.9016521573066711,0.9748867154121399
5,0.10553675909620838,0.670028030872345,0.5037909150123596,0.8367418646812439,0.5348598957061768,0.9723060727119446,0.10928801260638042,0.7247336506843567,0.5682998299598694,0.8195760846138,0.6108505725860596,0.9523658156394958,0.9189668893814087,0.8500820994377136,0.9534457921981812,0.9016521573066711,0.9748867154121399
6,0.10775108611173126,0.6830308437347412,0.5186383128166199,0.8426592946052551,0.5470334887504578,0.9754140973091125,0.1187304913771328,0.7378031015396118,0.5845388174057007,0.8261260390281677,0.6291627883911133,0.9514327645301819,0.9189668893814087,0.8500820994377136,0.9534457921981812,0.9016521573066711,0.9748867154121399
7,0.1073107242987064,0.6995645761489868,0.537946343421936,0.8487905859947205,0.5680739879608154,0.9748502373695374,0.11974003322765182,0.7458904981613159,0.594757080078125,0.8306335210800171,0.6392890810966492,0.952365517616272,0.9189668893814087,0.8500820994377136,0.9534457921981812,0.9016521573066711,0.9748867154121399
8,0.1052580878359706,0.7120429873466492,0.5528467893600464,0.853935718536377,0.5827364325523376,0.9757213592529297,0.1082729919694762,0.7548884153366089,0.6062816977500916,0.8352669477462769,0.6524016261100769,0.9516047239303589,0.9189668893814087,0.8500820994377136,0.9534457921981812,0.9016521573066711,0.9748867154121399
9,0.10432678344155277,0.7231748104095459,0.5663849711418152,0.8585429787635803,0.5962270498275757,0.9763394594192505,0.1046999479210359,0.7635147571563721,0.6174880266189575,0.8399902582168579,0.6643175482749939,0.9517519474029541,0.9189668893814087,0.8500820994377136,0.9534457921981812,0.9016521573066711,0.9748867154121399
10,0.10305016189789631,0.7356796264648438,0.5818774700164795,0.8635640740394592,0.6126838326454163,0.9762252569198608,0.1064791468749698,0.771558403968811,0.6280789971351624,0.8446425199508667,0.6747477054595947,0.9527283906936646,0.9189668893814087,0.8500820994377136,0.9534457921981812,0.9016521573066711,0.9748867154121399
11,0.1027379909928046,0.7450919151306152,0.5937420725822449,0.8675199747085571,0.6247784495353699,0.9765263199806213,0.10211661076347453,0.778150737285614,0.636863112449646,0.8482392430305481,0.6845114231109619,0.9524018168449402,0.9189668893814087,0.8500820994377136,0.9534457921981812,0.9016521573066711,0.9748867154121399
12,0.10278253946090557,0.7538943886756897,0.6050002574920654,0.8711555600166321,0.6368014812469482,0.9763953685760498,0.10488276763705447,0.7811400890350342,0.6408776640892029,0.8503631353378296,0.6867787837982178,0.9544344544410706,0.9189668893814087,0.8500820994377136,0.9534457921981812,0.9016521573066711,0.9748867154121399
13,0.10606354888322768,0.7562888264656067,0.608090341091156,0.8724233508110046,0.6387530565261841,0.9773561954498291,0.11268389852463277,0.7837297916412354,0.6443714499473572,0.8515527844429016,0.6917628049850464,0.9532100558280945,0.9189668893814087,0.8500820994377136,0.9534457921981812,0.9016521573066711,0.9748867154121399
14,0.1063311921837646,0.7598249912261963,0.6126755475997925,0.87384033203125,0.6439553499221802,0.9770733118057251,0.11173607257022339,0.7858361601829529,0.6472241878509521,0.8529564142227173,0.6938210725784302,0.9541972875595093,0.9189668893814087,0.8500820994377136,0.9534457921981812,0.9016521573066711,0.9748867154121399
15,0.1031126029578029,0.7637897729873657,0.6178478002548218,0.8756446242332458,0.64876788854599,0.9775267243385315,0.09183559909889182,0.7886491417884827,0.6510493755340576,0.8543734550476074,0.6987729668617249,0.9533653855323792,0.9189668893814087,0.8500820994377136,0.9534457921981812,0.9016521573066711,0.9748867154121399
16,0.10295226151570958,0.7685343623161316,0.624081015586853,0.8777293562889099,0.6550110578536987,0.9777439832687378,0.10752546093849918,0.7925164699554443,0.6563372611999512,0.856160044670105,0.7065126299858093,0.9513646364212036,0.9189668893814087,0.8500820994377136,0.9534457921981812,0.9016521573066711,0.9748867154121399
17,0.1008861098116991,0.7739657163619995,0.6312757730484009,0.8800511360168457,0.6626638770103455,0.9776718020439148,0.08712079567373401,0.7966756224632263,0.6620622873306274,0.8577607870101929,0.7166829109191895,0.9475135803222656,0.9189668893814087,0.8500820994377136,0.9534457921981812,0.9016521573066711,0.9748867154121399
18,0.1030395667269366,0.7781546711921692,0.6368683576583862,0.8818262219429016,0.6687845587730408,0.977495551109314,0.1070238447341098,0.7991392612457275,0.6654720306396484,0.8591726422309875,0.7204937934875488,0.9473990201950073,0.9189668893814087,0.8500820994377136,0.9534457921981812,0.9016521573066711,0.9748867154121399
19,0.10210220211156297,0.7826539278030396,0.6429182291030884,0.8837692141532898,0.6752877235412598,0.9773905873298645,0.10893001137823984,0.8017153739929199,0.6690525412559509,0.8606869578361511,0.7243332266807556,0.9474342465400696,0.9189668893814087,0.8500820994377136,0.9534457921981812,0.9016521573066711,0.9748867154121399
20,0.10172591981783861,0.7860449552536011,0.64750736951828,0.8853916525840759,0.679345428943634,0.9779194593429565,0.1085397315487457,0.8046971559524536,0.6732161045074463,0.8623401522636414,0.7293678522109985,0.9469361901283264,0.9189668893814087,0.8500820994377136,0.9534457921981812,0.9016521573066711,0.9748867154121399
21,0.10092506386982339,0.7905722856521606,0.6536747217178345,0.8873668313026428,0.6859990954399109,0.9777936935424805,0.11008978244743736,0.8074058294296265,0.6770163774490356,0.8640300631523132,0.7330054640769958,0.9473869800567627,0.9189668893814087,0.8500820994377136,0.9534457921981812,0.9016521573066711,0.9748867154121399
22,0.09995929853478464,0.7952641248703003,0.6601148843765259,0.8894357085227966,0.6929183602333069,0.9776843786239624,0.1054495621163664,0.8102991580963135,0.6810948848724365,0.8657649159431458,0.7373229265213013,0.9474788904190063,0.9189668893814087,0.8500820994377136,0.9534457921981812,0.9016521573066711,0.9748867154121399
23,0.0973927817778931,0.7997808456420898,0.6663623452186584,0.8914906978607178,0.6993298530578613,0.9777830839157104,0.07961540260660319,0.8129789233207703,0.6848901510238647,0.8674413561820984,0.7409902215003967,0.9478886127471924,0.9189668893814087,0.8500820994377136,0.9534457921981812,0.9016521573066711,0.9748867154121399
24,0.09719856731551202,0.8041048645973206,0.672387421131134,0.8934968113899231,0.7053446769714355,0.9779890775680542,0.08582567948300368,0.8157545328140259,0.6888390183448792,0.8691310882568359,0.745100200176239,0.9480386972427368,0.9189668893814087,0.8500820994377136,0.9534457921981812,0.9016521573066711,0.9748867154121399
25,0.09891966266364519,0.8080677390098572,0.6779477000236511,0.8953404426574707,0.7109324336051941,0.9781513214111328,0.11190374611193761,0.818659782409668,0.6929924488067627,0.870909571647644,0.7494093775749207,0.9482071399688721,0.9189668893814087,0.8500820994377136,0.9534457921981812,0.9016521573066711,0.9748867154121399
26,0.09808035450424436,0.8120676279067993,0.6835974454879761,0.8972071409225464,0.7166435122489929,0.9782916307449341,0.10955202095679667,0.821212112903595,0.6966580748558044,0.8724076747894287,0.7536283731460571,0.9479743242263794,0.9189668893814087,0.8500820994377136,0.9534457921981812,0.9016521573066711,0.9748867154121399
27,0.09699834766295382,0.8157047033309937,0.6887680292129517,0.8989241123199463,0.7217984795570374,0.9784649014472961,0.09111891818386947,0.8236667513847351,0.7001983523368835,0.8739356398582458,0.7572250366210938,0.9481861591339111,0.9189668893814087,0.8500820994377136,0.9534457921981812,0.9016521573066711,0.9748867154121399
28,0.09615382682128365,0.8192886114120483,0.69389408826828,0.9006260633468628,0.726898193359375,0.9786409139633179,0.08587408975945232,0.8260303735733032,0.7036215662956238,0.8752367496490479,0.7617715001106262,0.9474225640296936,0.9189668893814087,0.8500820994377136,0.9534457921981812,0.9016521573066711,0.9748867154121399
29,0.09680891498468008,0.8228620290756226,0.6990360617637634,0.9023120403289795,0.7321599125862122,0.9787210822105408,0.09969264122929868,0.828139066696167,0.7066872119903564,0.8765735030174255,0.7648041248321533,0.9476804137229919,0.9189668893814087,0.8500820994377136,0.9534457921981812,0.9016521573066711,0.9748867154121399
30,0.09608993141837376,0.8259493708610535,0.7035040259361267,0.9038020372390747,0.7365350723266602,0.9789154529571533,0.08517194118521552,0.8301463723182678,0.7096156477928162,0.8777115345001221,0.7685656547546387,0.947149395942688,0.9189668893814087,0.8500820994377136,0.9534457921981812,0.9016521573066711,0.9748867154121399
31,0.0984305353196005,0.8289094567298889,0.7078099250793457,0.9052060842514038,0.7409877181053162,0.9789506196975708,0.11876334059395596,0.8318416476249695,0.7120966911315918,0.8787767291069031,0.7711235880851746,0.9472648501396179,0.9189668893814087,0.8500820994377136,0.9534457921981812,0.9016521573066711,0.9748867154121399
32,0.09726941936089949,0.8313252925872803,0.711340069770813,0.9063889980316162,0.7443844079971313,0.9791393876075745,0.09621173975590168,0.8337501883506775,0.7148984670639038,0.879991352558136,0.7739315629005432,0.9474660158157349,0.9189668893814087,0.8500820994377136,0.9534457921981812,0.9016521573066711,0.9748867154121399
33,0.09598432384218675,0.8339588642120361,0.7152054309844971,0.9076762795448303,0.7481553554534912,0.9793113470077515,0.08845074389344393,0.8354451656341553,0.7173944115638733,0.8809446692466736,0.7772699594497681,0.9469016790390015,0.9189668893814087,0.8500820994377136,0.9534457921981812,0.9016521573066711,0.9748867154121399
34,0.09702239288765917,0.8364691138267517,0.7189058065414429,0.9089006781578064,0.7518218755722046,0.9794390201568604,0.10381346914061061,0.8369486331939697,0.7196145057678223,0.8819431662559509,0.7792571783065796,0.9472714066505432,0.9189668893814087,0.8500820994377136,0.9534457921981812,0.9016521573066711,0.9748867154121399
35,0.09580634855330306,0.8389301300048828,0.7225492000579834,0.9100930690765381,0.7555342316627502,0.9794998168945312,0.08474033136082801,0.8383587598800659,0.7217018604278564,0.8828642964363098,0.7812366485595703,0.9475191235542297,0.9189668893814087,0.8500820994377136,0.9534457921981812,0.9016521573066711,0.9748867154121399
36,0.09654860912974615,0.8413116931915283,0.7260896563529968,0.9112659692764282,0.7590173482894897,0.9796352982521057,0.10421962241193489,0.8396965861320496,0.7236870527267456,0.8837752342224121,0.7828776836395264,0.9479654431343079,0.9189668893814087,0.8500820994377136,0.9534457921981812,0.9016521573066711,0.9748867154121399
37,0.09697201908938562,0.8433753848075867,0.7291694283485413,0.9122958779335022,0.7619563341140747,0.97980797290802,0.10597614129998355,0.8411611914634705,0.7258655428886414,0.8846371173858643,0.7856047749519348,0.9476408958435059,0.9189668893814087,0.8500820994377136,0.9534457921981812,0.9016521573066711,0.9748867154121399
38,0.09728068635240579,0.8454791307449341,0.7323203682899475,0.9133408069610596,0.765032172203064,0.9799408912658691,0.11536248828026963,0.8422950506210327,0.7275558710098267,0.885230302810669,0.7882459163665771,0.9469310641288757,0.9189668893814087,0.8500820994377136,0.9534457921981812,0.9016521573066711,0.9748867154121399
39,0.09648123872388926,0.8472900986671448,0.7350419163703918,0.9142491817474365,0.7676321268081665,0.9800894260406494,0.09607580941876634,0.8437003493309021,0.7296555638313293,0.8860241174697876,0.7911501526832581,0.9463823437690735,0.9189668893814087,0.8500820994377136,0.9534457921981812,0.9016521573066711,0.9748867154121399
40,0.09756915330378284,0.8491727113723755,0.7378802299499512,0.9151766896247864,0.7705144882202148,0.9801393151283264,0.1153429447605226,0.8442484736442566,0.7304757237434387,0.8864907622337341,0.7911971211433411,0.9471158981323242,0.9189668893814087,0.8500820994377136,0.9534457921981812,0.9016521573066711,0.9748867154121399
41,0.09804120353625251,0.8508623242378235,0.7404355406761169,0.9160066246986389,0.7731552124023438,0.9801560044288635,0.11570247704957874,0.845243513584137,0.7319669723510742,0.8870915174484253,0.7930037975311279,0.9469494819641113,0.9189668893814087,0.8500820994377136,0.9534457921981812,0.9016521573066711,0.9748867154121399
42,0.09819204577937622,0.8522580862045288,0.7425519824028015,0.9167248606681824,0.7750547528266907,0.980343759059906,0.1182992901626595,0.8463554382324219,0.733636200428009,0.887703537940979,0.7954578399658203,0.9463896155357361,0.9189668893814087,0.8500820994377136,0.9534457921981812,0.9016521573066711,0.9748867154121399
43,0.09709958518612771,0.8536304235458374,0.7446381449699402,0.9174202680587769,0.7770383358001709,0.9804607033729553,0.10001909930423186,0.8470942378044128,0.7347472906112671,0.8881615400314331,0.7967367768287659,0.9463253021240234,0.9189668893814087,0.8500820994377136,0.9534457921981812,0.9016521573066711,0.9748867154121399
44,0.09641319235936285,0.8551348447799683,0.7469305992126465,0.9181758165359497,0.7792945504188538,0.9805424213409424,0.09741998766817954,0.848041296005249,0.7361733913421631,0.8887935280799866,0.798062801361084,0.9465157985687256,0.9189668893814087,0.8500820994377136,0.9534457921981812,0.9016521573066711,0.9748867154121399
45,0.09610416674198378,0.8565931916236877,0.7491586804389954,0.9189197421073914,0.7813929319381714,0.9806780219078064,0.09761786643736693,0.8490281105041504,0.7376619577407837,0.8893443942070007,0.8002305030822754,0.9460381269454956,0.9189668893814087,0.8500820994377136,0.9534457921981812,0.9016521573066711,0.9748867154121399
46,0.09621956854504521,0.8576536178588867,0.7507824897766113,0.9194750785827637,0.7827906012535095,0.9808550477027893,0.08310408516263836,0.8500879406929016,0.7392635941505432,0.8899340629577637,0.8025943040847778,0.945499062538147,0.9189668893814087,0.8500820994377136,0.9534457921981812,0.9016521573066711,0.9748867154121399
47,0.09750656181904344,0.85901939868927,0.7528782486915588,0.9201330542564392,0.7851641774177551,0.9807426929473877,0.10536274884735981,0.8501116633415222,0.7392993569374084,0.8900598287582397,0.8018258810043335,0.9461936950683594,0.9189668893814087,0.8500820994377136,0.9534457921981812,0.9016521573066711,0.9748867154121399
48,0.09916520644318708,0.8600274920463562,0.7544282078742981,0.9206324815750122,0.7867958545684814,0.9807336330413818,0.1207774387580326,0.850935697555542,0.7405465841293335,0.8905324935913086,0.8035702705383301,0.9458572864532471,0.9189668893814087,0.8500820994377136,0.9534457921981812,0.9016521573066711,0.9748867154121399
49,0.09742365361585045,0.8610691428184509,0.7560328841209412,0.9211808443069458,0.78817218542099,0.9809101819992065,0.1103352917209394,0.8515017628669739,0.7414044737815857,0.890886127948761,0.8045626878738403,0.9458044171333313,0.9189668893814087,0.8500820994377136,0.9534457921981812,0.9016521573066711,0.9748867154121399
50,0.09459092427278966,0.8623882532119751,0.7580689191818237,0.921845018863678,0.7902293801307678,0.9809487462043762,0.07391748121440857,0.8523624539375305,0.742710530757904,0.8914355635643005,0.8059917688369751,0.945794403553009,0.9189668893814087,0.8500820994377136,0.9534457921981812,0.9016521573066711,0.9748867154121399
51,0.09604916618822125,0.8637348413467407,0.7601524591445923,0.922533392906189,0.7922449111938477,0.9810411334037781,0.10571413754512213,0.8531931042671204,0.7439728379249573,0.8919488191604614,0.8075067400932312,0.9456703066825867,0.9189668893814087,0.8500820994377136,0.9534457921981812,0.9016521573066711,0.9748867154121399
52,0.09514576884992,0.8650704026222229,0.7622237801551819,0.9232177138328552,0.7942458987236023,0.9811342358589172,0.09618005865353008,0.8539725542068481,0.7451589107513428,0.8924802541732788,0.8085618615150452,0.9458685517311096,0.9189668893814087,0.8500820994377136,0.9534457921981812,0.9016521573066711,0.9748867154121399
53,0.0954729439728173,0.866416871547699,0.7643169164657593,0.9239091277122498,0.7962650060653687,0.9812293648719788,0.10511609566381205,0.854728639125824,0.7463110685348511,0.8929431438446045,0.8099875450134277,0.9457189440727234,0.9189668893814087,0.8500820994377136,0.9534457921981812,0.9016521573066711,0.9748867154121399
54,0.09471921670021446,0.8676996231079102,0.7663156986236572,0.9245712161064148,0.7981690764427185,0.98133385181427,0.09348355810200906,0.8555442690849304,0.7475556135177612,0.8934721946716309,0.8113091588020325,0.94574373960495,0.9189668893814087,0.8500820994377136,0.9534457921981812,0.9016521573066711,0.9748867154121399
55,0.09541108856736397,0.8689145445823669,0.7682130336761475,0.9251990914344788,0.7999799251556396,0.9814304709434509,0.10102312012292353,0.8563291430473328,0.7487548589706421,0.8939322829246521,0.8129630088806152,0.9454444050788879,0.9189668893814087,0.8500820994377136,0.9534457921981812,0.9016521573066711,0.9748867154121399
56,0.09352768667689168,0.8701276183128357,0.7701114416122437,0.9258267879486084,0.801794171333313,0.9815253019332886,0.07486618330541919,0.857016384601593,0.7498064041137695,0.8944039344787598,0.8138912320137024,0.9456255435943604,0.9189668893814087,0.8500820994377136,0.9534457921981812,0.9016521573066711,0.9748867154121399
57,0.09379021771013309,0.8713615536689758,0.772046685218811,0.9264575242996216,0.8037399649620056,0.9815654754638672,0.07875888185963062,0.8575805425643921,0.7506706118583679,0.894702672958374,0.8153397440910339,0.9451928734779358,0.9189668893814087,0.8500820994377136,0.9534457921981812,0.9016521573066711,0.9748867154121399
58,0.09434244802568317,0.8723315596580505,0.7735709547996521,0.9269658923149109,0.8051437735557556,0.9816717505455017,0.07815116556426274,0.8583323359489441,0.7518233060836792,0.8951389193534851,0.8169856071472168,0.9448596239089966,0.9189668893814087,0.8500820994377136,0.9534457921981812,0.9016521573066711,0.9748867154121399
59,0.09550083808542592,0.8734678626060486,0.7753599882125854,0.9275400042533875,0.8070380091667175,0.981653094291687,0.1022176397443206,0.8584862947463989,0.7520595192909241,0.8952900171279907,0.8168428540229797,0.945197582244873,0.9189668893814087,0.8500820994377136,0.9534457921981812,0.9016521573066711,0.9748867154121399
60,0.09569727577045713,0.8743800520896912,0.7767986059188843,0.9280237555503845,0.8083141446113586,0.9817810654640198,0.10166806483389465,0.859193742275238,0.7531461715698242,0.8956843018531799,0.8185301423072815,0.9447692632675171,0.9189668893814087,0.8500820994377136,0.9534457921981812,0.9016521573066711,0.9748867154121399
61,0.09642007180314272,0.8752685785293579,0.7782022356987,0.9284837245941162,0.8096920847892761,0.9818285703659058,0.11008992541360277,0.8597093224525452,0.753938615322113,0.8960264921188354,0.8193338513374329,0.9448179006576538,0.9189668893814087,0.8500820994377136,0.9534457921981812,0.9016521573066711,0.9748867154121399
62,0.09473676369899982,0.8762730956077576,0.7797918319702148,0.9290062785148621,0.8112314939498901,0.9818946719169617,0.09532005982143377,0.8603268265724182,0.7548890709877014,0.8964433670043945,0.8202452659606934,0.9449201822280884,0.9189668893814087,0.8500820994377136,0.9534457921981812,0.9016521573066711,0.9748867154121399
63,0.09352893940589348,0.8772984743118286,0.7814174294471741,0.9295439124107361,0.8127656579017639,0.9819847941398621,0.08123014800951678,0.8609550595283508,0.755856990814209,0.8968551754951477,0.8212746977806091,0.9449389576911926,0.9189668893814087,0.8500820994377136,0.9534457921981812,0.9016521573066711,0.9748867154121399
64,0.09458009278662292,0.878314733505249,0.7830314040184021,0.9300761818885803,0.814304769039154,0.982064962387085,0.10010407358115649,0.8615552186965942,0.7567826509475708,0.8972613215446472,0.8221597075462341,0.9450404644012451,0.9189668893814087,0.8500820994377136,0.9534457921981812,0.9016521573066711,0.9748867154121399
65,0.09374257115794071,0.8793129920959473,0.7846196889877319,0.9306021928787231,0.8157908320426941,0.9821597337722778,0.08874466194342157,0.862158477306366,0.757714033126831,0.8976442217826843,0.8232563734054565,0.9449691772460938,0.9189668893814087,0.8500820994377136,0.9534457921981812,0.9016521573066711,0.9748867154121399
66,0.09270211468309492,0.8802912831306458,0.7861789464950562,0.9311195015907288,0.8172345161437988,0.982261061668396,0.0724117682646952,0.8627426028251648,0.7586167454719543,0.8979962468147278,0.8244746327400208,0.9447701573371887,0.9189668893814087,0.8500820994377136,0.9534457921981812,0.9016521573066711,0.9748867154121399
67,0.09462488118139024,0.881312370300293,0.7878091335296631,0.9316542744636536,0.8188140988349915,0.9823265671730042,0.10521440669817556,0.8633089065551758,0.7594930529594421,0.8983805775642395,0.8253124356269836,0.9448660016059875,0.9189668893814087,0.8500820994377136,0.9534457921981812,0.9016521573066711,0.9748867154121399
68,0.09314050869044302,0.8822931051254272,0.7893778681755066,0.9321706891059875,0.8203096389770508,0.9824034571647644,0.08267730558190783,0.8638599514961243,0.7603464722633362,0.8987676501274109,0.8260241746902466,0.9450464248657227,0.9189668893814087,0.8500820994377136,0.9534457921981812,0.9016521573066711,0.9748867154121399
69,0.0933258430131206,0.8832201957702637,0.7908633351325989,0.9326605796813965,0.8217135071754456,0.9824827909469604,0.08482812910124773,0.8642619848251343,0.7609695792198181,0.8990435600280762,0.8265970349311829,0.9451335072517395,0.9189668893814087,0.8500820994377136,0.9534457921981812,0.9016521573066711,0.9748867154121399
70,0.09325113258511243,0.8840961456298828,0.7922690510749817,0.9331254363059998,0.8230238556861877,0.9825680255889893,0.08111999433804884,0.8648684620857239,0.7619103789329529,0.8994559049606323,0.8274952173233032,0.9452368021011353,0.9189668893814087,0.8500820994377136,0.9534457921981812,0.9016521573066711,0.9748867154121399
71,0.09536813441869871,0.8849577307701111,0.7936540842056274,0.9335805177688599,0.8243473768234253,0.9826331734657288,0.11492903144145054,0.8654032945632935,0.762740969657898,0.8997923135757446,0.8285161852836609,0.9451376795768738,0.9189668893814087,0.8500820994377136,0.9534457921981812,0.9016521573066711,0.9748867154121399
72,0.09387687215317644,0.885803759098053,0.7950159311294556,0.9340280890464783,0.825646698474884,0.9826982021331787,0.09324313464257566,0.865848183631897,0.7634322643280029,0.9001172780990601,0.8289928436279297,0.9453662037849426,0.9189668893814087,0.8500820994377136,0.9534457921981812,0.9016521573066711,0.9748867154121399
73,0.09348459736170216,0.8866063952445984,0.7963098287582397,0.9344561696052551,0.8268436193466187,0.9827811121940613,0.08552307069886848,0.8663013577461243,0.764137327671051,0.9003936052322388,0.8299370408058167,0.9452175498008728,0.9189668893814087,0.8500820994377136,0.9534457921981812,0.9016521573066711,0.9748867154121399
74,0.09442089898159646,0.8874093294143677,0.7976062893867493,0.9348834753036499,0.8280620574951172,0.9828529953956604,0.10272568937824353,0.8668317198753357,0.764962911605835,0.9007429480552673,0.8308280110359192,0.9452222585678101,0.9189668893814087,0.8500820994377136,0.9534457921981812,0.9016521573066711,0.9748867154121399
75,0.09345142787145153,0.8882275223731995,0.7989291548728943,0.9353192448616028,0.8293047547340393,0.9829264879226685,0.09035536617728812,0.8673301935195923,0.7657396197319031,0.9010742902755737,0.831643283367157,0.9452458024024963,0.9189668893814087,0.8500820994377136,0.9534457921981812,0.9016521573066711,0.9748867154121399
76,0.09260980449141334,0.889030396938324,0.8002293109893799,0.9357483983039856,0.8305127620697021,0.983005940914154,0.0788379667359966,0.867810070514679,0.7664880156517029,0.9013799428939819,0.8325435519218445,0.9451732635498047,0.9189668893814087,0.8500820994377136,0.9534457921981812,0.9016521573066711,0.9748867154121399
77,0.09304723594580361,0.8898281455039978,0.8015229105949402,0.9361719489097595,0.8317577242851257,0.9830605387687683,0.0850969485142159,0.8682199120521545,0.7671277523040771,0.9016618132591248,0.8331396579742432,0.9452551007270813,0.9189668893814087,0.8500820994377136,0.9534457921981812,0.9016521573066711,0.9748867154121399
78,0.09348253601778025,0.8906108736991882,0.8027938604354858,0.9365886449813843,0.8329721689224243,0.983119010925293,0.09400044463767082,0.8686710596084595,0.7678325176239014,0.901990532875061,0.8336401581764221,0.9454746246337891,0.9189668893814087,0.8500820994377136,0.9534457921981812,0.9016521573066711,0.9748867154121399
79,0.0935501327470601,0.8914083242416382,0.8040907979011536,0.9370152950286865,0.8341902494430542,0.9831902980804443,0.0976503824479153,0.8690393567085266,0.7684080600738525,0.9022507667541504,0.8341182470321655,0.9455960988998413,0.9189668893814087,0.8500820994377136,0.9534457921981812,0.9016521573066711,0.9748867154121399
80,0.09326733887603347,0.8921513557434082,0.8053006529808044,0.9374136924743652,0.835319459438324,0.983260452747345,0.09105014100610567,0.8694484829902649,0.7690481543540955,0.9025371074676514,0.8346737623214722,0.9457113146781921,0.9189668893814087,0.8500820994377136,0.9534457921981812,0.9016521573066711,0.9748867154121399
81,0.094198473151372,0.8929161429405212,0.8065479397773743,0.9378211498260498,0.8365251421928406,0.9833095669746399,0.10866986975902579,0.8698264956474304,0.769639790058136,0.9028218388557434,0.8350151777267456,0.9459599852561951,0.9189668893814087,0.8500820994377136,0.9534457921981812,0.9016521573066711,0.9748867154121399
82,0.0934248211531101,0.8936705589294434,0.8077796697616577,0.9382246732711792,0.8376998901367188,0.9833666682243347,0.09397944017343544,0.8702722787857056,0.7703380584716797,0.9031274914741516,0.8356770873069763,0.9460389614105225,0.9189668893814087,0.8500820994377136,0.9534457921981812,0.9016521573066711,0.9748867154121399
83,0.09282198451863356,0.8944306969642639,0.8090226650238037,0.9386330246925354,0.8388669490814209,0.9834343791007996,0.0916302312260537,0.8707257509231567,0.7710490822792053,0.9034327268600464,0.8364019393920898,0.9460772275924683,0.9189668893814087,0.8500820994377136,0.9534457921981812,0.9016521573066711,0.9748867154121399
84,0.0921103988625968,0.895170271396637,0.8102337718009949,0.9390316009521484,0.8399938941001892,0.9835057258605957,0.08116266334240019,0.8711854219436646,0.771770179271698,0.9037381410598755,0.8371735215187073,0.9460861086845398,0.9189668893814087,0.8500820994377136,0.9534457921981812,0.9016521573066711,0.9748867154121399
85,0.09231091957465813,0.8959338665008545,0.8114857077598572,0.9394426941871643,0.8411676287651062,0.9835744500160217,0.08792234293192366,0.8716141581535339,0.772443413734436,0.9040098190307617,0.8380109071731567,0.9459978342056274,0.9189668893814087,0.8500820994377136,0.9534457921981812,0.9016521573066711,0.9748867154121399
86,0.0933660207930618,0.8965731263160706,0.8125351667404175,0.9397891163825989,0.8421257734298706,0.9836462140083313,0.0933931795276278,0.872006893157959,0.7730605602264404,0.9042498469352722,0.8388582468032837,0.9458515644073486,0.9189668893814087,0.8500820994377136,0.9534457921981812,0.9016521573066711,0.9748867154121399
87,0.09385287985943179,0.8971658945083618,0.8135093450546265,0.9401070475578308,0.8430647253990173,0.9836851954460144,0.09644078505814924,0.8723138570785522,0.7735431790351868,0.9044459462165833,0.8394481539726257,0.9457970857620239,0.9189668893814087,0.8500820994377136,0.9534457921981812,0.9016521573066711,0.9748867154121399
88,0.09359277019554477,0.8976823091506958,0.8143590688705444,0.9403856992721558,0.8438630700111389,0.9837304949760437,0.08471900879691374,0.8726481795310974,0.7740691304206848,0.9046331644058228,0.8403241038322449,0.9455462694168091,0.9189668893814087,0.8500820994377136,0.9534457921981812,0.9016521573066711,0.9748867154121399
89,0.09622717079351416,0.8981161117553711,0.8150733709335327,0.9406154155731201,0.8445987701416016,0.9837329983711243,0.1133544849207878,0.8729118704795837,0.7744840383529663,0.9048252105712891,0.8406259417533875,0.9456683993339539,0.9189668893814087,0.8500820994377136,0.9534457921981812,0.9016521573066711,0.9748867154121399
90,0.09389503426783322,0.898594319820404,0.8158612847328186,0.9408741593360901,0.8453342318534851,0.983777642250061,0.08981668390266867,0.8732530474662781,0.7750214338302612,0.9050400257110596,0.8413147926330566,0.9455816149711609,0.9189668893814087,0.8500820994377136,0.9534457921981812,0.9016521573066711,0.9748867154121399
91,0.09340135014177256,0.8991805911064148,0.8168284893035889,0.9411891102790833,0.8462727069854736,0.9838126301765442,0.09400625512518633,0.873593807220459,0.775558352470398,0.905281662940979,0.8417647480964661,0.9456907510757446,0.9189668893814087,0.8500820994377136,0.9534457921981812,0.9016521573066711,0.9748867154121399
92,0.09410352622666196,0.8997587561607361,0.817782998085022,0.9415026903152466,0.8471593260765076,0.9838687777519226,0.1063489259471505,0.8739308714866638,0.7760899662971497,0.9055188894271851,0.842227041721344,0.9457847476005554,0.9189668893814087,0.8500820994377136,0.9534457921981812,0.9016521573066711,0.9748867154121399
93,0.09245347339606153,0.9003861546516418,0.8188202977180481,0.9418421387672424,0.848138153553009,0.983921229839325,0.0872623129403397,0.8742938041687012,0.7766626477241516,0.9057537913322449,0.8429085612297058,0.945735514163971,0.9189668893814087,0.8500820994377136,0.9534457921981812,0.9016521573066711,0.9748867154121399
94,0.09310193103775015,0.9009776711463928,0.8197992444038391,0.9421643614768982,0.8490363955497742,0.9839847087860107,0.09689051460368775,0.8746806979179382,0.7772732377052307,0.9060078859329224,0.8436028361320496,0.9457096457481384,0.9189668893814087,0.8500820994377136,0.9534457921981812,0.9016521573066711,0.9748867154121399
95,0.093642944863126,0.9015613198280334,0.8207660913467407,0.942482590675354,0.8499199748039246,0.9840491414070129,0.10583058458336975,0.8750243782997131,0.7778162360191345,0.9062252640724182,0.8442987203598022,0.9456225037574768,0.9189668893814087,0.8500820994377136,0.9534457921981812,0.9016521573066711,0.9748867154121399
96,0.09266708946824838,0.9021948575973511,0.8218169212341309,0.9428249597549438,0.8509318828582764,0.9840908050537109,0.09492411835349956,0.8753509521484375,0.778332531452179,0.9064587354660034,0.8447186946868896,0.9457373023033142,0.9189668893814087,0.8500820994377136,0.9534457921981812,0.9016521573066711,0.9748867154121399
97,0.09257598741601575,0.9028173089027405,0.8228505253791809,0.9431639909744263,0.8518913984298706,0.9841512441635132,0.09628419493757794,0.8757210969924927,0.7789180874824524,0.9067087173461914,0.8453285098075867,0.9457582831382751,0.9189668893814087,0.8500820994377136,0.9534457921981812,0.9016521573066711,0.9748867154121399
98,0.09241550580953052,0.9034383296966553,0.8238828778266907,0.9435033798217773,0.8528360724449158,0.9842188358306885,0.09587954313243614,0.876058042049408,0.7794513702392578,0.9069311618804932,0.8459295034408569,0.9457400441169739,0.9189668893814087,0.8500820994377136,0.9534457921981812,0.9016521573066711,0.9748867154121399
99,0.09249145104559807,0.9040495753288269,0.8248999714851379,0.9438374638557434,0.8537706136703491,0.9842832684516907,0.09394134089976006,0.87639319896698,0.7799820899963379,0.9071620106697083,0.8464431166648865,0.9457909464836121,0.9189668893814087,0.8500820994377136,0.9534457921981812,0.9016521573066711,0.9748867154121399
100,0.09128943623055491,0.9046498537063599,0.8259001970291138,0.9441651105880737,0.8547019958496094,0.9843397736549377,0.07567013183785705,0.8767144680023193,0.7804911732673645,0.9073874354362488,0.8468985557556152,0.9458701610565186,0.9189668893814087,0.8500820994377136,0.9534457921981812,0.9016521573066711,0.9748867154121399
101,0.09104820653277697,0.9052387475967407,0.8268823623657227,0.9444873929023743,0.8556056618690491,0.9844008088111877,0.07382425755975845,0.8770708441734314,0.78105628490448,0.9076278209686279,0.8474938273429871,0.945884644985199,0.9189668893814087,0.8500820994377136,0.9534457921981812,0.9016521573066711,0.9748867154121399
102,0.09226719672564393,0.9057825803756714,0.8277903199195862,0.9447859525680542,0.8564302921295166,0.9844633340835571,0.08938226540518206,0.8773890137672424,0.781561017036438,0.9078304171562195,0.8481370806694031,0.9458068609237671,0.9189668893814087,0.8500820994377136,0.9534457921981812,0.9016521573066711,0.9748867154121399
103,0.0920812386413844,0.906361997127533,0.8287585973739624,0.945102334022522,0.8573399186134338,0.9845131635665894,0.09059389891085562,0.8776600956916809,0.7819913029670715,0.9080256819725037,0.8484779000282288,0.9459095001220703,0.9189668893814087,0.8500820994377136,0.9534457921981812,0.9016521573066711,0.9748867154121399
104,0.09167544529594204,0.9069430828094482,0.829730749130249,0.9454209208488464,0.8582367300987244,0.9845721125602722,0.08758429347473454,0.8779125213623047,0.7823922038078308,0.9082100987434387,0.8487712740898132,0.9460245966911316,0.9189668893814087,0.8500820994377136,0.9534457921981812,0.9016521573066711,0.9748867154121399
105,0.09216876851730255,0.9075121879577637,0.8306841254234314,0.9457346200942993,0.8590943217277527,0.9846416115760803,0.09764575486599895,0.8781746625900269,0.7828087210655212,0.9083995223045349,0.8490955233573914,0.9461283087730408,0.9189668893814087,0.8500820994377136,0.9534457921981812,0.9016521573066711,0.9748867154121399
106,0.09342045131667122,0.9080680012702942,0.8316159248352051,0.9460399746894836,0.8599512577056885,0.9846991896629333,0.1130543345886812,0.8784456849098206,0.7832395434379578,0.9085891842842102,0.8494889140129089,0.9461883902549744,0.9189668893814087,0.8500820994377136,0.9534457921981812,0.9016521573066711,0.9748867154121399
107,0.09223584084546971,0.9086053371429443,0.8325175642967224,0.9463359117507935,0.8607708811759949,0.984760046005249,0.09603947925019732,0.878757655620575,0.7837356925010681,0.9087973237037659,0.850037157535553,0.9461801648139954,0.9189668893814087,0.8500820994377136,0.9534457921981812,0.9016521573066711,0.9748867154121399
108,0.09151363092964321,0.9091653227806091,0.833458423614502,0.9466444253921509,0.861629068851471,0.9848217368125916,0.08817068248304318,0.8790718913078308,0.7842356562614441,0.909014880657196,0.8505169749259949,0.9462308883666992,0.9189668893814087,0.8500820994377136,0.9534457921981812,0.9016521573066711,0.9748867154121399
109,0.09234411737837286,0.9097253084182739,0.8343999981880188,0.9469527006149292,0.8624961972236633,0.9848790168762207,0.10243038136093052,0.879289448261261,0.7845820784568787,0.9091739058494568,0.8507711291313171,0.9463294148445129,0.9189668893814087,0.8500820994377136,0.9534457921981812,0.9016521573066711,0.9748867154121399
110,0.09218811068838123,0.9102569222450256,0.8352950215339661,0.9472464323043823,0.86330646276474,0.984940767288208,0.09654469935311823,0.8795766234397888,0.7850394248962402,0.9093761444091797,0.8511784076690674,0.9464012384414673,0.9189668893814087,0.8500820994377136,0.9534457921981812,0.9016521573066711,0.9748867154121399
111,0.09093039180711682,0.9107879996299744,0.836189866065979,0.9475405812263489,0.8641071915626526,0.9850075244903564,0.08146641822636908,0.8798299431800842,0.785443127155304,0.9095340371131897,0.8517327904701233,0.9463067054748535,0.9189668893814087,0.8500820994377136,0.9534457921981812,0.9016521573066711,0.9748867154121399
112,0.09110152103202308,0.9113079905509949,0.8370667099952698,0.9478276371955872,0.8649081587791443,0.9850637912750244,0.08108825177845885,0.8801165223121643,0.7858999967575073,0.909726619720459,0.8522278666496277,0.9463070034980774,0.9189668893814087,0.8500820994377136,0.9534457921981812,0.9016521573066711,0.9748867154121399
113,0.09208892080355517,0.911835789680481,0.8379577994346619,0.9481196999549866,0.865717351436615,0.9851235151290894,0.10181889139484677,0.8803586959838867,0.7862864136695862,0.9098884463310242,0.8526581525802612,0.9462978839874268,0.9189668893814087,0.8500820994377136,0.9534457921981812,0.9016521573066711,0.9748867154121399
114,0.09146457253795984,0.9123515486717224,0.8388293981552124,0.9484058022499084,0.8664993643760681,0.9851870536804199,0.0910513452080195,0.8806419372558594,0.786738395690918,0.9100849032402039,0.8530915975570679,0.9463436603546143,0.9189668893814087,0.8500820994377136,0.9534457921981812,0.9016521573066711,0.9748867154121399
115,0.0911674604309313,0.9128634929656982,0.8396952748298645,0.9486891031265259,0.8672904372215271,0.9852423071861267,0.08669299245909158,0.8808665871620178,0.7870969772338867,0.9102425575256348,0.8534197211265564,0.9463927149772644,0.9189668893814087,0.8500820994377136,0.9534457921981812,0.9016521573066711,0.9748867154121399
116,0.09198805341798011,0.9133262038230896,0.840478777885437,0.9489448666572571,0.8680149912834167,0.985287606716156,0.09237961992144414,0.8809701800346375,0.787262499332428,0.9103288054466248,0.8534417152404785,0.9465200901031494,0.9189668893814087,0.8500820994377136,0.9534457921981812,0.9016521573066711,0.9748867154121399
117,0.09339605434613954,0.9137540459632874,0.8412036895751953,0.9491803646087646,0.8687041401863098,0.9853193163871765,0.10744170311383316,0.881100058555603,0.7874699234962463,0.9104467630386353,0.8533759117126465,0.9467549324035645,0.9189668893814087,0.8500820994377136,0.9534457921981812,0.9016521573066711,0.9748867154121399
118,0.09291420733577258,0.914037823677063,0.8416846990585327,0.9493376612663269,0.869143545627594,0.9853498339653015,0.08305631289286203,0.8812506198883057,0.787710428237915,0.9105536341667175,0.8535833358764648,0.946797788143158,0.9189668893814087,0.8500820994377136,0.9534457921981812,0.9016521573066711,0.9748867154121399
119,0.09337055242905107,0.9143929481506348,0.8422871828079224,0.9495344758033752,0.8696956634521484,0.9853872060775757,0.10159420384433333,0.8814090490341187,0.7879635691642761,0.9106651544570923,0.8538119792938232,0.9468348026275635,0.9189668893814087,0.8500820994377136,0.9534457921981812,0.9016521573066711,0.9748867154121399
120,0.09393041034290156,0.9147434830665588,0.8428820967674255,0.9497290253639221,0.8702379465103149,0.9854255318641663,0.1110026847440318,0.8816313743591309,0.7883191704750061,0.9108278155326843,0.854073703289032,0.9469344615936279,0.9189668893814087,0.8500820994377136,0.9534457921981812,0.9016521573066711,0.9748867154121399
121,0.09139486876778755,0.915155291557312,0.8435816764831543,0.9499580264091492,0.8708705902099609,0.9854733943939209,0.07937529100832874,0.8818312883377075,0.7886388301849365,0.9109672904014587,0.854374349117279,0.9469712972640991,0.9189668893814087,0.8500820994377136,0.9534457921981812,0.9016521573066711,0.9748867154121399
122,0.09099799207289791,0.9155786037445068,0.8443014621734619,0.9501927495002747,0.8715366125106812,0.9855142831802368,0.07764251314765004,0.8820279240608215,0.7889533638954163,0.9111047983169556,0.8546667695045471,0.9470102787017822,0.9189668893814087,0.8500820994377136,0.9534457921981812,0.9016521573066711,0.9748867154121399
123,0.09202571881756114,0.9160134792327881,0.8450413346290588,0.9504347443580627,0.8722063302993774,0.9855641722679138,0.0924799671083649,0.8822468519210815,0.7893037796020508,0.911261796951294,0.8549560904502869,0.947083055973053,0.9189668893814087,0.8500820994377136,0.9534457921981812,0.9016521573066711,0.9748867154121399
124,0.09118802540397213,0.9164602160453796,0.8458020687103271,0.9506837129592896,0.8728913068771362,0.985617458820343,0.08796956936800085,0.8824560046195984,0.7896388173103333,0.9113994836807251,0.8553508520126343,0.94705730676651,0.9189668893814087,0.8500820994377136,0.9534457921981812,0.9016521573066711,0.9748867154121399
125,0.09260711412966811,0.9168868064880371,0.8465290069580078,0.9509220123291016,0.8735383152961731,0.9856721758842468,0.10838434646619247,0.8826769590377808,0.7899925708770752,0.9115561842918396,0.8556602001190186,0.9471168518066406,0.9189668893814087,0.8500820994377136,0.9534457921981812,0.9016521573066711,0.9748867154121399
126,0.09112695701037916,0.9173306226730347,0.8472859263420105,0.9511690139770508,0.8742305636405945,0.9857193827629089,0.08714217548294667,0.8828548192977905,0.7902776598930359,0.9116844534873962,0.8558898568153381,0.9471805095672607,0.9189668893814087,0.8500820994377136,0.9534457921981812,0.9016521573066711,0.9748867154121399
127,0.09117163242034622,0.91776043176651,0.8480197191238403,0.9514095187187195,0.8748817443847656,0.985775351524353,0.089415480347774,0.8830715417861938,0.7906250953674316,0.9118307828903198,0.8562648892402649,0.9471815228462219,0.9189668893814087,0.8500820994377136,0.9534457921981812,0.9016521573066711,0.9748867154121399
128,0.0910237567075608,0.9181908369064331,0.8487547636032104,0.9516494870185852,0.8755499720573425,0.9858230352401733,0.0864549679671025,0.8832762837409973,0.7909532785415649,0.9119745492935181,0.8565669655799866,0.9472244381904602,0.9189668893814087,0.8500820994377136,0.9534457921981812,0.9016521573066711,0.9748867154121399
129,0.0923509307746107,0.9186281561851501,0.8495025634765625,0.9518933296203613,0.8762344717979431,0.9858689308166504,0.10705239069297856,0.8834245800971985,0.791191041469574,0.9120868444442749,0.8567062616348267,0.947319507598877,0.9189668893814087,0.8500820994377136,0.9534457921981812,0.9016521573066711,0.9748867154121399
130,0.09165912556568452,0.9190531969070435,0.8502297401428223,0.9521309733390808,0.8768889307975769,0.9859194755554199,0.09739400437419565,0.8836015462875366,0.7914750576019287,0.9122127890586853,0.8569512367248535,0.9473696947097778,0.9189668893814087,0.8500820994377136,0.9534457921981812,0.9016521573066711,0.9748867154121399
131,0.09009450648671913,0.9194744229316711,0.8509511351585388,0.9523671269416809,0.8775308728218079,0.9859734177589417,0.07271192638358978,0.8837554454803467,0.7917221188545227,0.9123275279998779,0.8571134209632874,0.9474543333053589,0.9189668893814087,0.8500820994377136,0.9534457921981812,0.9016521573066711,0.9748867154121399
132,0.0900946990359821,0.9198837280273438,0.8516524434089661,0.9525967240333557,0.8781525492668152,0.98602694272995,0.07393797795851313,0.8839653730392456,0.7920591831207275,0.9124799966812134,0.8573748469352722,0.9475374221801758,0.9189668893814087,0.8500820994377136,0.9534457921981812,0.9016521573066711,0.9748867154121399
133,0.09036271324897555,0.9202772378921509,0.8523272275924683,0.9528169631958008,0.8787629008293152,0.9860718846321106,0.07491464018782926,0.8841403126716614,0.7923399209976196,0.9125953912734985,0.8577065467834473,0.9475151896476746,0.9189668893814087,0.8500820994377136,0.9534457921981812,0.9016521573066711,0.9748867154121399
134,0.0907521693543382,0.9206871390342712,0.853030800819397,0.9530467987060547,0.8793933391571045,0.9861219525337219,0.08758289981231727,0.884321928024292,0.7926318645477295,0.9127244353294373,0.8579617142677307,0.9475640654563904,0.9189668893814087,0.8500820994377136,0.9534457921981812,0.9016521573066711,0.9748867154121399
135,0.08991862456817046,0.9210951924324036,0.8537316918373108,0.9532760381698608,0.8800160884857178,0.9861744046211243,0.07405572717180015,0.8844947218894958,0.792909562587738,0.9128449559211731,0.8582261204719543,0.9475930333137512,0.9189668893814087,0.8500820994377136,0.9534457921981812,0.9016521573066711,0.9748867154121399
136,0.09153886512227385,0.9215042591094971,0.8544348478317261,0.9535060524940491,0.8806385397911072,0.9862282276153564,0.10159750008235538,0.8846522569656372,0.7931627035140991,0.9129616618156433,0.8584000468254089,0.9476733207702637,0.9189668893814087,0.8500820994377136,0.9534457921981812,0.9016521573066711,0.9748867154121399
137,0.09008099149748561,0.9218947291374207,0.8551063537597656,0.9537261128425598,0.8812246918678284,0.9862838387489319,0.07720469444637076,0.8848291635513306,0.7934470772743225,0.913081705570221,0.8587040901184082,0.9476763606071472,0.9189668893814087,0.8500820994377136,0.9534457921981812,0.9016521573066711,0.9748867154121399
138,0.09183591960699207,0.922285258769989,0.855778694152832,0.9539458751678467,0.8818210363388062,0.9863344430923462,0.10524811286903704,0.8849891424179077,0.7937044501304626,0.9131895899772644,0.8589865565299988,0.9476731419563293,0.9189668893814087,0.8500820994377136,0.9534457921981812,0.9016521573066711,0.9748867154121399
139,0.09104022656133971,0.9226735234260559,0.8564473986625671,0.9541643261909485,0.8824140429496765,0.9863848090171814,0.09180198580530692,0.8851609826087952,0.7939808964729309,0.9133076667785645,0.8592686653137207,0.9476868510246277,0.9189668893814087,0.8500820994377136,0.9534457921981812,0.9016521573066711,0.9748867154121399
140,0.09073207347208473,0.9230567812919617,0.8571079969406128,0.9543801546096802,0.8830007314682007,0.9864340424537659,0.08976336854576127,0.8853074908256531,0.7942166924476624,0.9134116172790527,0.8594769835472107,0.9477244019508362,0.9189668893814087,0.8500820994377136,0.9534457921981812,0.9016521573066711,0.9748867154121399
141,0.09195747841017174,0.9234338998794556,0.8577587008476257,0.9545928835868835,0.8835741877555847,0.9864847660064697,0.10744972133740928,0.8854702115058899,0.7944787740707397,0.9135178327560425,0.8598002195358276,0.9476926326751709,0.9189668893814087,0.8500820994377136,0.9534457921981812,0.9016521573066711,0.9748867154121399
142,0.09034704699119685,0.92381352186203,0.8584139943122864,0.9548066854476929,0.8841592669487,0.9865318536758423,0.0830609972010959,0.8856369256973267,0.7947472929954529,0.9136354327201843,0.8600459694862366,0.9477286338806152,0.9189668893814087,0.8500820994377136,0.9534457921981812,0.9016521573066711,0.9748867154121399
143,0.09121934011802826,0.9241939783096313,0.8590713739395142,0.9550215005874634,0.8847368359565735,0.9865838289260864,0.0976988407807661,0.8857543468475342,0.7949362397193909,0.9137268662452698,0.8601304888725281,0.9478245973587036,0.9189668893814087,0.8500820994377136,0.9534457921981812,0.9016521573066711,0.9748867154121399
144,0.09150882625677742,0.9245545268058777,0.8596944808959961,0.9552255272865295,0.8852787613868713,0.9866359829902649,0.1016228588165475,0.885922372341156,0.7952069640159607,0.9138418436050415,0.8604127168655396,0.9478331208229065,0.9189668893814087,0.8500820994377136,0.9534457921981812,0.9016521573066711,0.9748867154121399
145,0.09057200115979232,0.9249215126037598,0.860329270362854,0.9554324150085449,0.8858456611633301,0.9866812229156494,0.08663090957948925,0.8860822916030884,0.7954647541046143,0.9139457941055298,0.860737681388855,0.9477962851524353,0.9189668893814087,0.8500820994377136,0.9534457921981812,0.9016521573066711,0.9748867154121399
146,0.09088705398751869,0.9252699613571167,0.8609324097633362,0.9556287527084351,0.8863887786865234,0.986721932888031,0.09063932877458579,0.886207103729248,0.7956659197807312,0.914035439491272,0.8609046936035156,0.9478368163108826,0.9189668893814087,0.8500820994377136,0.9534457921981812,0.9016521573066711,0.9748867154121399
147,0.09027393521460311,0.9256084561347961,0.8615188598632812,0.9558202028274536,0.8869046568870544,0.9867677092552185,0.07909648129292157,0.8863445520401001,0.7958876490592957,0.9141387939453125,0.8610435128211975,0.947917640209198,0.9189668893814087,0.8500820994377136,0.9534457921981812,0.9016521573066711,0.9748867154121399
148,0.09147974808301779,0.9259362816810608,0.8620868921279907,0.956005334854126,0.8874123096466064,0.9868080019950867,0.09761427284422854,0.886418342590332,0.7960065603256226,0.9142037630081177,0.8610219359397888,0.9480376839637756,0.9189668893814087,0.8500820994377136,0.9534457921981812,0.9016521573066711,0.9748867154121399
149,0.08979027627149345,0.926238477230072,0.8626108169555664,0.956176221370697,0.8878758549690247,0.9868473410606384,0.06443587978661654,0.8865326642990112,0.7961909174919128,0.9142919182777405,0.8611153364181519,0.9481224417686462,0.9189668893814087,0.8500820994377136,0.9534457921981812,0.9016521573066711,0.9748867154121399
150,0.09171448785236035,0.9265562891960144,0.8631624579429626,0.9563553333282471,0.888378918170929,0.9868810176849365,0.09814933371932992,0.8866310715675354,0.7963497042655945,0.9143688082695007,0.8611845374107361,0.9482042789459229,0.9189668893814087,0.8500820994377136,0.9534457921981812,0.9016521573066711,0.9748867154121399
151,0.09126140853764364,0.9268699884414673,0.8637070059776306,0.9565324783325195,0.8888676166534424,0.9869183897972107,0.09213401511512093,0.8867545127868652,0.7965490221977234,0.9144624471664429,0.861301600933075,0.9482829570770264,0.9189668893814087,0.8500820994377136,0.9534457921981812,0.9016521573066711,0.9748867154121399
152,0.09179467471781025,0.9271813631057739,0.8642480373382568,0.9567089080810547,0.8893461227416992,0.9869590401649475,0.10292009247260034,0.8868739008903503,0.7967417240142822,0.9145514369010925,0.8614290356636047,0.9483475685119629,0.9189668893814087,0.8500820994377136,0.9534457921981812,0.9016521573066711,0.9748867154121399
153,0.09201920421898675,0.9274889826774597,0.8647826910018921,0.9568833112716675,0.8898148536682129,0.987001359462738,0.10691347198389134,0.8870184421539307,0.7969750761985779,0.914659321308136,0.8615826368331909,0.948426365852356,0.9189668893814087,0.8500820994377136,0.9534457921981812,0.9016521573066711,0.9748867154121399
154,0.09135111727880707,0.9278125762939453,0.8653454184532166,0.9570662975311279,0.8903204202651978,0.9870394468307495,0.09721584868600815,0.8871409296989441,0.7971727848052979,0.9147473573684692,0.8617466688156128,0.9484660029411316,0.9189668893814087,0.8500820994377136,0.9534457921981812,0.9016521573066711,0.9748867154121399
155,0.09116932470374017,0.9281407594680786,0.8659166693687439,0.957252562046051,0.8908224701881409,0.9870837926864624,0.0992957656466362,0.8872459530830383,0.7973423004150391,0.9148277044296265,0.8618382811546326,0.948539137840271,0.9189668893814087,0.8500820994377136,0.9534457921981812,0.9016521573066711,0.9748867154121399
156,0.09147721757693318,0.9284589886665344,0.8664708137512207,0.9574330449104309,0.8913123607635498,0.9871254563331604,0.10101920041964862,0.8873550295829773,0.7975186705589294,0.9149081110954285,0.8619643449783325,0.9485906958580017,0.9189668893814087,0.8500820994377136,0.9534457921981812,0.9016521573066711,0.9748867154121399
157,0.09016605988579789,0.9287693500518799,0.867011547088623,0.9576094746589661,0.8917825222015381,0.9871699810028076,0.0825750715801302,0.8874537944793701,0.7976781725883484,0.9149717688560486,0.8621714115142822,0.9485629796981812,0.9189668893814087,0.8500820994377136,0.9534457921981812,0.9016521573066711,0.9748867154121399
158,0.09065761139686437,0.9290844202041626,0.8675607442855835,0.9577882289886475,0.8922697305679321,0.9872102737426758,0.08844425727667725,0.8875921964645386,0.7979018688201904,0.9150660634040833,0.862409770488739,0.9485657215118408,0.9189668893814087,0.8500820994377136,0.9534457921981812,0.9016521573066711,0.9748867154121399
159,0.09010787655041615,0.9294005036354065,0.8681122064590454,0.9579680562019348,0.8927512764930725,0.9872545003890991,0.08154755739850104,0.8877236247062683,0.7981142401695251,0.9151555895805359,0.8626375198364258,0.9485670924186707,0.9189668893814087,0.8500820994377136,0.9534457921981812,0.9016521573066711,0.9748867154121399
160,0.09105247228295893,0.9297167062759399,0.8686641454696655,0.9581476449966431,0.8932403922080994,0.9872950911521912,0.09873210463702678,0.8878661394119263,0.798344612121582,0.9152609705924988,0.8627989292144775,0.9486369490623474,0.9189668893814087,0.8500820994377136,0.9534457921981812,0.9016521573066711,0.9748867154121399
161,0.0898785076378025,0.9300323724746704,0.8692154288291931,0.9583275318145752,0.8937177658081055,0.9873413443565369,0.08112502033638859,0.8879795670509338,0.7985279560089111,0.9153434038162231,0.8629426956176758,0.9486803412437439,0.9189668893814087,0.8500820994377136,0.9534457921981812,0.9016521573066711,0.9748867154121399
162,0.08972036749416647,0.9303439259529114,0.8697598576545715,0.9585050940513611,0.8941884636878967,0.9873873591423035,0.08020493118327213,0.8880941867828369,0.7987134456634521,0.9154242873191833,0.863112211227417,0.9487049579620361,0.9189668893814087,0.8500820994377136,0.9534457921981812,0.9016521573066711,0.9748867154121399
163,0.09178964076936645,0.930659830570221,0.8703121542930603,0.9586849808692932,0.8946724534034729,0.9874305725097656,0.11082867956324075,0.8882066011428833,0.7988952398300171,0.9155072569847107,0.8632423877716064,0.9487577080726624,0.9189668893814087,0.8500820994377136,0.9534457921981812,0.9016521573066711,0.9748867154121399
164,0.08886607564611756,0.9309724569320679,0.8708590269088745,0.9588632583618164,0.8951452970504761,0.987476646900177,0.061761442462285474,0.8883249163627625,0.7990866899490356,0.9155864715576172,0.863461434841156,0.9487481117248535,0.9189668893814087,0.8500820994377136,0.9534457921981812,0.9016521573066711,0.9748867154121399
165,0.09067202147445025,0.9312788248062134,0.8713954091072083,0.9590380787849426,0.8956093788146973,0.9875215888023376,0.09681208952576244,0.8884273171424866,0.7992526292800903,0.9156462550163269,0.8637421131134033,0.9486673474311829,0.9189668893814087,0.8500820994377136,0.9534457921981812,0.9016521573066711,0.9748867154121399
166,0.08990682482906215,0.931583821773529,0.8719296455383301,0.959212064743042,0.896075427532196,0.9875643849372864,0.08072684260370493,0.8885430693626404,0.7994400262832642,0.9157207012176514,0.8639893531799316,0.948631763458252,0.9189668893814087,0.8500820994377136,0.9534457921981812,0.9016521573066711,0.9748867154121399
167,0.09123990216601197,0.9318869113922119,0.8724609613418579,0.959385097026825,0.8965364098548889,0.9876081347465515,0.10455821477127594,0.8886631727218628,0.7996343970298767,0.9158015847206116,0.8642075061798096,0.9486253261566162,0.9189668893814087,0.8500820994377136,0.9534457921981812,0.9016521573066711,0.9748867154121399
168,0.09091540615893526,0.9321908950805664,0.8729940056800842,0.959558367729187,0.8970054388046265,0.9876486659049988,0.10079475577867449,0.8887654542922974,0.7998000383377075,0.9158762097358704,0.8643344640731812,0.9486667513847351,0.9189668893814087,0.8500820994377136,0.9534457921981812,0.9016521573066711,0.9748867154121399
169,0.09072486895116627,0.9324764013290405,0.8734948635101318,0.9597218036651611,0.8974336385726929,0.9876930713653564,0.095677358410579,0.8888538479804993,0.7999432682991028,0.915942907333374,0.8644228577613831,0.9487195611000061,0.9189668893814087,0.8500820994377136,0.9534457921981812,0.9016521573066711,0.9748867154121399
170,0.09130611655573895,0.9327547550201416,0.8739835023880005,0.9598805904388428,0.8978634476661682,0.9877301454544067,0.10115707377190054,0.8889812231063843,0.8001495599746704,0.9160311222076416,0.8646295666694641,0.9487324357032776,0.9189668893814087,0.8500820994377136,0.9534457921981812,0.9016521573066711,0.9748867154121399
171,0.09100177406666952,0.9330343008041382,0.8744744658470154,0.9600398540496826,0.8983001112937927,0.9877650141716003,0.09893219825149592,0.8890486359596252,0.800258994102478,0.916086733341217,0.864648163318634,0.9488115310668945,0.9189668893814087,0.8500820994377136,0.9534457921981812,0.9016521573066711,0.9748867154121399
172,0.09143530741664273,0.9332980513572693,0.8749380707740784,0.9601907134056091,0.8987039923667908,0.9878020286560059,0.10244980839231738,0.8891540169715881,0.8004295825958252,0.9161667227745056,0.8647470474243164,0.9488794803619385,0.9189668893814087,0.8500820994377136,0.9534457921981812,0.9016521573066711,0.9748867154121399
173,0.09159892102952959,0.9335699081420898,0.8754159212112427,0.9603458642959595,0.8991242051124573,0.9878383278846741,0.10897295185129266,0.8892342448234558,0.8005596399307251,0.916229248046875,0.8648059964179993,0.9489443898200989,0.9189668893814087,0.8500820994377136,0.9534457921981812,0.9016521573066711,0.9748867154121399
174,0.09021620835134522,0.9338400363922119,0.8758909702301025,0.9605005383491516,0.8995330333709717,0.9878789186477661,0.08832245405045602,0.8893430829048157,0.8007360100746155,0.9163060784339905,0.8649681210517883,0.948966920375824,0.9189668893814087,0.8500820994377136,0.9534457921981812,0.9016521573066711,0.9748867154121399
175,0.09058179217319079,0.934116542339325,0.8763777613639832,0.9606587886810303,0.899959146976471,0.9879167675971985,0.09388166608430558,0.8894351124763489,0.8008853793144226,0.9163715839385986,0.8651003837585449,0.948989987373352,0.9189668893814087,0.8500820994377136,0.9534457921981812,0.9016521573066711,0.9748867154121399
176,0.09028494426436989,0.9343926310539246,0.8768638372421265,0.9608169198036194,0.9003773331642151,0.9879581928253174,0.09166346830244763,0.8895485997200012,0.8010693788528442,0.9164530038833618,0.8652565479278564,0.9490239024162292,0.9189668893814087,0.8500820994377136,0.9534457921981812,0.9016521573066711,0.9748867154121399
177,0.08981778692931223,0.9346656203269958,0.8773449063301086,0.9609734416007996,0.9007930755615234,0.9879981279373169,0.08372658544876493,0.8896418213844299,0.8012207746505737,0.9165140390396118,0.8654462099075317,0.9490030407905579,0.9189668893814087,0.8500820994377136,0.9534457921981812,0.9016521573066711,0.9748867154121399
178,0.09045900720998014,0.9349381923675537,0.8778253197669983,0.9611297249794006,0.9012060165405273,0.9880393147468567,0.09132066051968427,0.8897449374198914,0.8013879060745239,0.9165801405906677,0.8656693696975708,0.9489692449569702,0.9189668893814087,0.8500820994377136,0.9534457921981812,0.9016521573066711,0.9748867154121399
179,0.08944484949802033,0.9352099895477295,0.8783047199249268,0.9612854719161987,0.9016231298446655,0.9880776405334473,0.07707000340870891,0.8898547887802124,0.8015660643577576,0.9166545271873474,0.8658667206764221,0.9489653706550598,0.9189668893814087,0.8500820994377136,0.9534457921981812,0.9016521573066711,0.9748867154121399
180,0.09072385970706599,0.9354776740074158,0.8787768483161926,0.9614388346672058,0.9020338654518127,0.9881154894828796,0.10018949960802633,0.8899486064910889,0.8017183542251587,0.9167207479476929,0.8660078048706055,0.9489839673042297,0.9189668893814087,0.8500820994377136,0.9534457921981812,0.9016521573066711,0.9748867154121399
181,0.08874014418617578,0.9357438683509827,0.8792468905448914,0.9615916609764099,0.9024388790130615,0.9881550073623657,0.06705298743270938,0.8900457620620728,0.8018761277198792,0.9167901277542114,0.8661457300186157,0.9490096569061279,0.9189668893814087,0.8500820994377136,0.9534457921981812,0.9016521573066711,0.9748867154121399
182,0.08991323483377284,0.9360102415084839,0.8797172904014587,0.9617447257041931,0.9028415679931641,0.9881958961486816,0.08816123471406971,0.8901487588882446,0.8020433187484741,0.9168555736541748,0.8663756251335144,0.9489705562591553,0.9189668893814087,0.8500820994377136,0.9534457921981812,0.9016521573066711,0.9748867154121399
183,0.09093737723847622,0.936276376247406,0.8801875114440918,0.9618974924087524,0.9032465815544128,0.9882354736328125,0.10558288578332124,0.8902334570884705,0.8021808862686157,0.9169126152992249,0.8665319085121155,0.9489645957946777,0.9189668893814087,0.8500820994377136,0.9534457921981812,0.9016521573066711,0.9748867154121399
184,0.08922212954613858,0.936532735824585,0.8806407451629639,0.962044894695282,0.9036352038383484,0.9882745146751404,0.07557357777332316,0.890308141708374,0.8023022413253784,0.9169647097587585,0.8666508793830872,0.9489741325378418,0.9189668893814087,0.8500820994377136,0.9534457921981812,0.9016521573066711,0.9748867154121399
185,0.08981389284957139,0.9367914199829102,0.8810983300209045,0.9621937274932861,0.9040247201919556,0.9883152842521667,0.08689966491661939,0.8904014825820923,0.8024536967277527,0.9170268177986145,0.8668307065963745,0.9489613175392151,0.9189668893814087,0.8500820994377136,0.9534457921981812,0.9016521573066711,0.9748867154121399
186,0.08862195670687902,0.9370535016059875,0.8815622925758362,0.9623443484306335,0.9044241309165955,0.9883543252944946,0.06887021792719297,0.8904820680618286,0.8025845289230347,0.9170817732810974,0.8669729828834534,0.9489606022834778,0.9189668893814087,0.8500820994377136,0.9534457921981812,0.9016521573066711,0.9748867154121399
187,0.09038801171253354,0.93731290102005,0.8820214867591858,0.9624936580657959,0.9048156142234802,0.9883947968482971,0.09311207669007682,0.8905661106109619,0.8027212023735046,0.9171392917633057,0.8671178817749023,0.9489626884460449,0.9189668893814087,0.8500820994377136,0.9534457921981812,0.9016521573066711,0.9748867154121399
188,0.09060438043121158,0.9375699758529663,0.8824769854545593,0.9626417756080627,0.9052051901817322,0.988434374332428,0.09707915958272764,0.8906518816947937,0.8028606176376343,0.9171963930130005,0.8672845959663391,0.9489498138427734,0.9189668893814087,0.8500820994377136,0.9534457921981812,0.9016521573066711,0.9748867154121399
189,0.09092118384230596,0.937824547290802,0.8829279541969299,0.9627881646156311,0.9055919647216797,0.9884729385375977,0.10344954409987199,0.8907153010368347,0.8029636144638062,0.9172396063804626,0.8673960566520691,0.9489498138427734,0.9189668893814087,0.8500820994377136,0.9534457921981812,0.9016521573066711,0.9748867154121399
190,0.08932651326473774,0.9380650520324707,0.8833545446395874,0.9629269242286682,0.9059526920318604,0.9885119795799255,0.07907308995211973,0.8908162117004395,0.8031275868415833,0.9173071980476379,0.8675868511199951,0.9489389061927795,0.9189668893814087,0.8500820994377136,0.9534457921981812,0.9016521573066711,0.9748867154121399
191,0.09177444849960983,0.9383121132850647,0.8837928175926208,0.9630688428878784,0.9063376188278198,0.988544762134552,0.11531612725884112,0.8908923864364624,0.8032515048980713,0.9173608422279358,0.8677042722702026,0.9489519596099854,0.9189668893814087,0.8500820994377136,0.9534457921981812,0.9016521573066711,0.9748867154121399
192,0.08933503683215371,0.9385517239570618,0.8842179775238037,0.9632070660591125,0.90669846534729,0.988582968711853,0.07925997531377349,0.8909590840339661,0.803360104560852,0.9174056053161621,0.8678303956985474,0.9489450454711914,0.9189668893814087,0.8500820994377136,0.9534457921981812,0.9016521573066711,0.9748867154121399
193,0.08984721276131039,0.938789427280426,0.8846401572227478,0.9633439183235168,0.9070631861686707,0.9886175394058228,0.08722808712837479,0.8910269737243652,0.8034704327583313,0.9174545407295227,0.8679225444793701,0.948966383934021,0.9189668893814087,0.8500820994377136,0.9534457921981812,0.9016521573066711,0.9748867154121399
194,0.0906313560047804,0.9390048384666443,0.885022759437561,0.963468074798584,0.9073935151100159,0.9886490106582642,0.09481214605282452,0.8910965323448181,0.8035834431648254,0.9175055623054504,0.8680070638656616,0.9489961862564087,0.9189668893814087,0.8500820994377136,0.9534457921981812,0.9016521573066711,0.9748867154121399
195,0.09131923849462477,0.9392064213752747,0.8853809237480164,0.9635842442512512,0.9076989889144897,0.988680362701416,0.10200728742195643,0.891166090965271,0.8036966919898987,0.9175577163696289,0.8680809736251831,0.9490344524383545,0.9189668893814087,0.8500820994377136,0.9534457921981812,0.9016521573066711,0.9748867154121399
196,0.09047982585353462,0.9394114017486572,0.8857452869415283,0.9637024998664856,0.90800940990448,0.9887123107910156,0.09139322346635395,0.8912227153778076,0.8037887215614319,0.9175968170166016,0.8681753873825073,0.9490383863449097,0.9189668893814087,0.8500820994377136,0.9534457921981812,0.9016521573066711,0.9748867154121399
197,0.0903490065486178,0.9396205544471741,0.8861172795295715,0.9638233184814453,0.9083278179168701,0.9887441396713257,0.09178607783437934,0.8912879824638367,0.8038948774337769,0.9176405072212219,0.868299126625061,0.9490311741828918,0.9189668893814087,0.8500820994377136,0.9534457921981812,0.9016521573066711,0.9748867154121399
198,0.08933558042865027,0.9398385882377625,0.8865050673484802,0.9639490842819214,0.908659815788269,0.9887773990631104,0.07606241248472644,0.8913590908050537,0.8040106892585754,0.9176878929138184,0.8684378266334534,0.9490204453468323,0.9189668893814087,0.8500820994377136,0.9534457921981812,0.9016521573066711,0.9748867154121399
199,0.09144185056316792,0.9400584101676941,0.8868963718414307,0.9640759229660034,0.9089953899383545,0.9888105988502502,0.10793028722715498,0.8914410471916199,0.804144024848938,0.9177470207214355,0.8685490489006042,0.9490463137626648,0.9189668893814087,0.8500820994377136,0.9534457921981812,0.9016521573066711,0.9748867154121399
