,train_loss,train_dice,train_iou,train_acc,train_sens,train_spec,val_loss,val_dice,val_iou,val_acc,val_sens,val_spec,test_dice,test_iou,test_acc,test_sens,test_spec
0,0.5726575393923492,0.5795961022377014,0.40805020928382874,0.6810684204101562,0.7201524376869202,0.6638935804367065,0.5928626513575632,0.7579970955848694,0.610302209854126,0.8161651492118835,0.740440845489502,0.8643404841423035,0.9280917048454285,0.8658313155174255,0.9563034176826477,0.9631690979003906,0.953461229801178
1,0.5273468175287463,0.6676331162452698,0.5010880827903748,0.7670992016792297,0.7673100233078003,0.7670066952705383,0.5015197272736822,0.7546230554580688,0.6059394478797913,0.7982996106147766,0.7976614832878113,0.7987055778503418,0.9280917048454285,0.8658313155174255,0.9563034176826477,0.9631690979003906,0.953461229801178
2,0.5173383365806208,0.7033712267875671,0.5424615740776062,0.7924196124076843,0.8080419301986694,0.7855774164199829,0.40372910234347475,0.7572370171546936,0.6093173623085022,0.7984143495559692,0.8085829019546509,0.791945219039917,0.9280917048454285,0.8658313155174255,0.9563034176826477,0.9631690979003906,0.953461229801178
3,0.5178894896373747,0.7228537201881409,0.5659914016723633,0.8065289855003357,0.8283301591873169,0.7969797849655151,0.4675071418267516,0.7556659579277039,0.6072854995727539,0.7905251383781433,0.8330928087234497,0.7634438872337341,0.9280917048454285,0.8658313155174255,0.9563034176826477,0.9631690979003906,0.953461229801178
4,0.5219640880328833,0.7415274977684021,0.5892281532287598,0.8223031759262085,0.8362621665000916,0.8161829710006714,0.5756138556657737,0.7543145418167114,0.6055417656898499,0.7849177718162537,0.8491671681404114,0.744042694568634,0.9280917048454285,0.8658313155174255,0.9563034176826477,0.9631690979003906,0.953461229801178
5,0.5347846895562298,0.751123309135437,0.6014390587806702,0.8278623223304749,0.8519238829612732,0.8173072934150696,0.7489033897701658,0.7601074576377869,0.6130430102348328,0.792624831199646,0.8449490070343018,0.7593365907669067,0.9280917048454285,0.8658313155174255,0.9563034176826477,0.9631690979003906,0.953461229801178
6,0.5124443311128825,0.7617087364196777,0.6151289343833923,0.8366668224334717,0.855880618095398,0.8282344937324524,0.4311437367240104,0.7606697678565979,0.6137748956680298,0.7909978032112122,0.8542106747627258,0.7507821917533875,0.9280917048454285,0.8658313155174255,0.9563034176826477,0.9631690979003906,0.953461229801178
7,0.5105663482341081,0.7695121765136719,0.6253716349601746,0.8425700664520264,0.8613029718399048,0.8343445062637329,0.4489339407344963,0.7641937136650085,0.6183766722679138,0.7932999134063721,0.8613989949226379,0.7499757409095764,0.9280917048454285,0.8658313155174255,0.9563034176826477,0.9631690979003906,0.953461229801178
8,0.5170556215844356,0.7764674425125122,0.634611189365387,0.8475791215896606,0.8680630326271057,0.8385913372039795,0.5537553418087364,0.7684066891670227,0.6239126920700073,0.7973747849464417,0.8645184636116028,0.7546584010124207,0.9280917048454285,0.8658313155174255,0.9563034176826477,0.9631690979003906,0.953461229801178
9,0.5226371308578386,0.78325355052948,0.6437279582023621,0.8529378771781921,0.8713040947914124,0.8448790907859802,0.6342319196934576,0.7672784924507141,0.6224265098571777,0.7943382859230042,0.8719378709793091,0.7449699640274048,0.9280917048454285,0.8658313155174255,0.9563034176826477,0.9631690979003906,0.953461229801178
10,0.513965519218024,0.7889728546142578,0.6514906883239746,0.8570559620857239,0.8762081861495972,0.8486522436141968,0.5477522853207792,0.7703768610954285,0.6265146136283875,0.7984017729759216,0.8697408437728882,0.7530163526535034,0.9280917048454285,0.8658313155174255,0.9563034176826477,0.9631690979003906,0.953461229801178
11,0.5112345658748765,0.7947292327880859,0.6593782305717468,0.8616348505020142,0.8783660531044006,0.8542943596839905,0.4709432748004167,0.7738140821456909,0.6310740113258362,0.801648736000061,0.8726131319999695,0.7565016150474548,0.9280917048454285,0.8658313155174255,0.9563034176826477,0.9631690979003906,0.953461229801178
12,0.5080001425494306,0.7998073101043701,0.6663991808891296,0.8653281331062317,0.8824081420898438,0.8578371405601501,0.4867724739855407,0.7775315642356873,0.6360340714454651,0.805264413356781,0.8752066493034363,0.7607676386833191,0.9280917048454285,0.8658313155174255,0.9563034176826477,0.9631690979003906,0.953461229801178
13,0.5101265795311004,0.804563045501709,0.6730284690856934,0.8688529133796692,0.8855575323104858,0.861527681350708,0.490743855904537,0.7803965210914612,0.639877200126648,0.8080592751502991,0.8771195411682129,0.7641235589981079,0.9280917048454285,0.8658313155174255,0.9563034176826477,0.9631690979003906,0.953461229801178
14,0.5181949063490244,0.808976948261261,0.679228663444519,0.8722161650657654,0.8879591226577759,0.8653165102005005,0.5926548051090818,0.7827931642532349,0.64310622215271,0.8101930618286133,0.8796324133872986,0.7660163640975952,0.9280917048454285,0.8658313155174255,0.9563034176826477,0.9631690979003906,0.953461229801178
15,0.5145387376444038,0.8115675449371338,0.6828891038894653,0.874194324016571,0.888952910900116,0.8677248358726501,0.5256403136275943,0.7853183746337891,0.6465218663215637,0.812886118888855,0.8801815509796143,0.7700732350349426,0.9280917048454285,0.8658313155174255,0.9563034176826477,0.9631690979003906,0.953461229801178
16,0.5202801565572264,0.8127039670944214,0.6844998002052307,0.8747772574424744,0.8914082050323486,0.8674865365028381,0.5659419227204889,0.7883011698722839,0.6505751609802246,0.8164879083633423,0.8787267804145813,0.7768920063972473,0.9280917048454285,0.8658313155174255,0.9563034176826477,0.9631690979003906,0.953461229801178
17,0.5106478408330175,0.815329372882843,0.688232958316803,0.8768712878227234,0.8917710781097412,0.8703387379646301,0.4933991208370905,0.7890077233314514,0.6515381932258606,0.8171449303627014,0.8793001770973206,0.7776022553443909,0.9280917048454285,0.8658313155174255,0.9563034176826477,0.9631690979003906,0.953461229801178
18,0.5083367648619264,0.8179180026054382,0.6919299364089966,0.8787086009979248,0.8938007354736328,0.8720918893814087,0.4768976869035011,0.7908733487129211,0.6540865302085876,0.8186160326004028,0.8820881843566895,0.7782354950904846,0.9280917048454285,0.8658313155174255,0.9563034176826477,0.9631690979003906,0.953461229801178
19,0.5099360196754747,0.8208113312721252,0.6960814595222473,0.880774736404419,0.8958010077476501,0.8741856813430786,0.507264845450689,0.7940488457679749,0.6584419012069702,0.8218233585357666,0.8833835124969482,0.7826591730117798,0.9280917048454285,0.8658313155174255,0.9563034176826477,0.9631690979003906,0.953461229801178
20,0.515401959614806,0.8227545022964478,0.6988809704780579,0.8821093440055847,0.8973300457000732,0.8754321336746216,0.520152568278841,0.7960102558135986,0.6611436605453491,0.8243759274482727,0.8812717199325562,0.7881792187690735,0.9280917048454285,0.8658313155174255,0.9563034176826477,0.9631690979003906,0.953461229801178
21,0.5108347132794462,0.825049102306366,0.70219886302948,0.8839226961135864,0.8976832628250122,0.8778867721557617,0.4979080653509297,0.7946008443832397,0.659201443195343,0.822292149066925,0.8840417265892029,0.7830073237419128,0.9280917048454285,0.8658313155174255,0.9563034176826477,0.9631690979003906,0.953461229801178
22,0.5097361459021,0.826827347278595,0.7047789692878723,0.8851360082626343,0.899413526058197,0.8788737654685974,0.49390636473104976,0.796643853187561,0.662018358707428,0.8247615694999695,0.8827789425849915,0.7878512144088745,0.9280917048454285,0.8658313155174255,0.9563034176826477,0.9631690979003906,0.953461229801178
23,0.5134643496919817,0.8288335800170898,0.7076992392539978,0.8866063356399536,0.9004163146018982,0.8805486559867859,0.5644805879973318,0.7963693737983704,0.6616393327713013,0.8239666223526001,0.8852829933166504,0.7849575281143188,0.9280917048454285,0.8658313155174255,0.9563034176826477,0.9631690979003906,0.953461229801178
24,0.5046156009013786,0.831160843372345,0.71109938621521,0.8883296847343445,0.9015085101127625,0.8825490474700928,0.44673073534301977,0.7977014780044556,0.663480281829834,0.8252635598182678,0.8860262036323547,0.7866067886352539,0.9280917048454285,0.8658313155174255,0.9563034176826477,0.9631690979003906,0.953461229801178
25,0.5066913336636383,0.8328089118003845,0.7135154008865356,0.8894166350364685,0.9033395051956177,0.8833099603652954,0.4758909431679524,0.7989316582679749,0.6651840806007385,0.8263829350471497,0.8871027231216431,0.7877534031867981,0.9280917048454285,0.8658313155174255,0.9563034176826477,0.9631690979003906,0.953461229801178
26,0.5008785806454183,0.8349539041519165,0.7166703343391418,0.8909755945205688,0.9046353101730347,0.8849855065345764,0.38793530394368014,0.8002240061759949,0.6669778823852539,0.8275143504142761,0.8884577751159668,0.7887426018714905,0.9280917048454285,0.8658313155174255,0.9563034176826477,0.9631690979003906,0.953461229801178
27,0.5075614726849428,0.836818516254425,0.7194221615791321,0.8922856450080872,0.9061235189437866,0.8862186074256897,0.4946419727474303,0.8020731806755066,0.6695510745048523,0.8293668627738953,0.8891773223876953,0.7913158535957336,0.9280917048454285,0.8658313155174255,0.9563034176826477,0.9631690979003906,0.953461229801178
28,0.5080919216389692,0.8387078642845154,0.7222195267677307,0.8936448097229004,0.9072489738464355,0.8876806497573853,0.444056246763533,0.8030073046684265,0.6708540320396423,0.8300169110298157,0.8910267949104309,0.7912028431892395,0.9280917048454285,0.8658313155174255,0.9563034176826477,0.9631690979003906,0.953461229801178
29,0.5027112406731244,0.840601921081543,0.7250331044197083,0.8949993252754211,0.9083576202392578,0.8891425132751465,0.4067883666002668,0.8032699227333069,0.6712207198143005,0.8300272226333618,0.8924540877342224,0.7903116345405579,0.9280917048454285,0.8658313155174255,0.9563034176826477,0.9631690979003906,0.953461229801178
30,0.5113027881735259,0.8422767519950867,0.7275285720825195,0.8961511850357056,0.909772515296936,0.890179455280304,0.5688176867414767,0.804964005947113,0.6735897660255432,0.8316434621810913,0.8935261368751526,0.7922741770744324,0.9280917048454285,0.8658313155174255,0.9563034176826477,0.9631690979003906,0.953461229801178
31,0.5066730265828246,0.8438612818717957,0.7298962473869324,0.8972384333610535,0.9111345410346985,0.8911466598510742,0.518018155775767,0.8065035939216614,0.6757485270500183,0.8332096934318542,0.8939630389213562,0.7945588231086731,0.9280917048454285,0.8658313155174255,0.9563034176826477,0.9631690979003906,0.953461229801178
32,0.513303832540672,0.8455024361610413,0.7323552370071411,0.898381233215332,0.9123414158821106,0.8922613263130188,0.6203363408447693,0.8081964254379272,0.6781288981437683,0.8348708748817444,0.8947456479072571,0.7967789769172668,0.9280917048454285,0.8658313155174255,0.9563034176826477,0.9631690979003906,0.953461229801178
33,0.5027987589775501,0.8471271395683289,0.7347966432571411,0.8995709419250488,0.9129395484924316,0.8937098979949951,0.46844772473379204,0.808872401714325,0.6790812611579895,0.8352636098861694,0.8965238332748413,0.7962902784347534,0.9280917048454285,0.8658313155174255,0.9563034176826477,0.9631690979003906,0.953461229801178
34,0.5082973771434124,0.848206102848053,0.7364218235015869,0.9003093242645264,0.9138357639312744,0.8943790197372437,0.5084680458454094,0.8084877729415894,0.6785390973091125,0.8346219062805176,0.8977803587913513,0.7944410443305969,0.9280917048454285,0.8658313155174255,0.9563034176826477,0.9631690979003906,0.953461229801178
35,0.5086145682190271,0.8489144444465637,0.7374902963638306,0.9007236957550049,0.9151225686073303,0.894411563873291,0.47802891197703623,0.8099441528320312,0.6805933713912964,0.8360071778297424,0.8986986875534058,0.7961233258247375,0.9280917048454285,0.8658313155174255,0.9563034176826477,0.9631690979003906,0.953461229801178
36,0.5070045324785571,0.8502543568611145,0.7395152449607849,0.901682436466217,0.9159509539604187,0.8954285979270935,0.5173761999521369,0.8113007545471191,0.6825113892555237,0.8374133706092834,0.8989015817642212,0.7982950210571289,0.9280917048454285,0.8658313155174255,0.9563034176826477,0.9631690979003906,0.953461229801178
37,0.5097312966408533,0.8516959547996521,0.7416989803314209,0.902718186378479,0.9167101383209229,0.8965859413146973,0.5696412068314218,0.8124494552612305,0.6841388940811157,0.8384295701980591,0.9000269174575806,0.7992417812347412,0.9280917048454285,0.8658313155174255,0.9563034176826477,0.9631690979003906,0.953461229801178
38,0.5042380772405824,0.8528476357460022,0.7434475421905518,0.9035069942474365,0.9176719188690186,0.8972992897033691,0.43606371957731294,0.8135805130004883,0.6857444047927856,0.8395165801048279,0.9006478190422058,0.8006253242492676,0.9280917048454285,0.8658313155174255,0.9563034176826477,0.9631690979003906,0.953461229801178
39,0.499743728583242,0.8542371392250061,0.7455618977546692,0.9044844508171082,0.9185108542442322,0.8983373045921326,0.3434979823861608,0.8146460652351379,0.6872598528862,0.8405514359474182,0.9011633396148682,0.8019905090332031,0.9280917048454285,0.8658313155174255,0.9563034176826477,0.9631690979003906,0.953461229801178
40,0.5013155994563828,0.8553974628448486,0.7473315000534058,0.9052892327308655,0.9193212389945984,0.8991395831108093,0.4585449976550147,0.8155113458633423,0.6884922981262207,0.8412604928016663,0.9023205041885376,0.8024145364761353,0.9280917048454285,0.8658313155174255,0.9563034176826477,0.9631690979003906,0.953461229801178
41,0.509462670138179,0.8564980626106262,0.7490132451057434,0.9060876369476318,0.9197909235954285,0.900082528591156,0.5383427970796542,0.8158398866653442,0.6889607906341553,0.8414636254310608,0.90313720703125,0.8022273182868958,0.9280917048454285,0.8658313155174255,0.9563034176826477,0.9631690979003906,0.953461229801178
42,0.5101456921917591,0.8572902083396912,0.7502256035804749,0.9066196084022522,0.9204856157302856,0.9005430340766907,0.5701309358498992,0.8166620135307312,0.6901341080665588,0.8421751260757446,0.9040257334709167,0.8028261661529541,0.9280917048454285,0.8658313155174255,0.9563034176826477,0.9631690979003906,0.953461229801178
43,0.5040385183371732,0.8583659529685974,0.7518748641014099,0.9073801040649414,0.9211061000823975,0.9013649821281433,0.49312709812176697,0.8177556395530701,0.6916976571083069,0.843173086643219,0.9049106240272522,0.8038960695266724,0.9280917048454285,0.8658313155174255,0.9563034176826477,0.9631690979003906,0.953461229801178
44,0.501023734579138,0.8596125245094299,0.7537898421287537,0.9082702994346619,0.921695351600647,0.9023871421813965,0.45129365295768886,0.8184219598770142,0.6926516890525818,0.843774139881134,0.9054877758026123,0.8045122027397156,0.9280917048454285,0.8658313155174255,0.9563034176826477,0.9631690979003906,0.953461229801178
45,0.5107783173543988,0.8605344891548157,0.7552089095115662,0.9088848829269409,0.9224595427513123,0.9029352068901062,0.5985369994222645,0.8191734552383423,0.6937288641929626,0.844401478767395,0.9064309000968933,0.804938793182373,0.9280917048454285,0.8658313155174255,0.9563034176826477,0.9631690979003906,0.953461229801178
46,0.5029270265982512,0.8613971471786499,0.7565386295318604,0.9094480872154236,0.9233753085136414,0.9033437967300415,0.47311128024738786,0.8200653791427612,0.6950092315673828,0.8454130291938782,0.9059877395629883,0.8068757653236389,0.9280917048454285,0.8658313155174255,0.9563034176826477,0.9631690979003906,0.953461229801178
47,0.5162977286491126,0.862125813961029,0.7576636075973511,0.9099574685096741,0.9237844347953796,0.9038968086242676,0.6096275677472747,0.8211963176727295,0.6966354250907898,0.84653639793396,0.9063409566879272,0.8084891438484192,0.9280917048454285,0.8658313155174255,0.9563034176826477,0.9631690979003906,0.953461229801178
48,0.5009677875175528,0.8628181219100952,0.7587336301803589,0.9104891419410706,0.9236723780632019,0.9047105312347412,0.3618175958246952,0.8206908702850342,0.6959081888198853,0.8458324074745178,0.9073731303215027,0.8066806197166443,0.9280917048454285,0.8658313155174255,0.9563034176826477,0.9631690979003906,0.953461229801178
49,0.5162864603370294,0.8631782531738281,0.7592906951904297,0.9107766151428223,0.9235602617263794,0.9051734209060669,0.5437071050496294,0.8207106590270996,0.6959366798400879,0.8458473086357117,0.9074074625968933,0.8066831231117249,0.9280917048454285,0.8658313155174255,0.9563034176826477,0.9631690979003906,0.953461229801178
50,0.5059602329879084,0.8638436198234558,0.7603210806846619,0.911243736743927,0.9239465594291687,0.9056761264801025,0.4768238722765395,0.8216544985771179,0.6972951292991638,0.8467700481414795,0.9077919721603394,0.8079483509063721,0.9280917048454285,0.8658313155174255,0.9563034176826477,0.9631690979003906,0.953461229801178
51,0.5039686544274264,0.8644784688949585,0.7613052129745483,0.91168212890625,0.9243664145469666,0.9061225652694702,0.48864284514142287,0.822516918182373,0.6985382437705994,0.8475861549377441,0.908297061920166,0.8089622855186462,0.9280917048454285,0.8658313155174255,0.9563034176826477,0.9631690979003906,0.953461229801178
52,0.5141039343106235,0.8652517199516296,0.762505292892456,0.9122129678726196,0.924909234046936,0.9066482186317444,0.5734518341919772,0.8232547044754028,0.6996031999588013,0.8483863472938538,0.9081137180328369,0.8103882670402527,0.9280917048454285,0.8658313155174255,0.9563034176826477,0.9631690979003906,0.953461229801178
53,0.5107392953383671,0.8659797310829163,0.7636368274688721,0.9127178192138672,0.9253695607185364,0.907172679901123,0.5842634882410509,0.8242339491844177,0.701018750667572,0.8493704199790955,0.9083251357078552,0.811863899230957,0.9280917048454285,0.8658313155174255,0.9563034176826477,0.9631690979003906,0.953461229801178
54,0.5033766433268939,0.866599440574646,0.7646012902259827,0.9131444096565247,0.9257549047470093,0.9076169729232788,0.46378759823858423,0.8247174024581909,0.7017184495925903,0.8497278094291687,0.9092026948928833,0.8118902444839478,0.9280917048454285,0.8658313155174255,0.9563034176826477,0.9631690979003906,0.953461229801178
55,0.5051372669323776,0.867143452167511,0.7654485702514648,0.9135387539863586,0.9259244203567505,0.9081100821495056,0.42009429396400677,0.8255024552345276,0.7028558254241943,0.8504568934440613,0.9097267985343933,0.8127498030662537,0.9280917048454285,0.8658313155174255,0.9563034176826477,0.9631690979003906,0.953461229801178
56,0.5105516018009522,0.8678621649742126,0.766569197177887,0.9140415787696838,0.9263509511947632,0.9086467623710632,0.5436174862753775,0.8261247277259827,0.7037584781646729,0.8509974479675293,0.9103681445121765,0.8132262229919434,0.9280917048454285,0.8658313155174255,0.9563034176826477,0.9631690979003906,0.953461229801178
57,0.5037039891375729,0.8685164451599121,0.7675907611846924,0.9144876003265381,0.9268634915351868,0.9090638160705566,0.48878082672973316,0.8265053033828735,0.7043110132217407,0.851299524307251,0.9109348654747009,0.8133598566055298,0.9280917048454285,0.8658313155174255,0.9563034176826477,0.9631690979003906,0.953461229801178
58,0.5023567982299154,0.8692333698272705,0.7687115669250488,0.9149798154830933,0.9273539185523987,0.9095569252967834,0.49103036817737833,0.826884925365448,0.7048625349998474,0.8516324162483215,0.9113072156906128,0.8136676549911499,0.9280917048454285,0.8658313155174255,0.9563034176826477,0.9631690979003906,0.953461229801178
59,0.5039431251367119,0.8700131177902222,0.769931972026825,0.91551274061203,0.9279235601425171,0.9100739359855652,0.4840420964290151,0.8275826573371887,0.7058771848678589,0.8522224426269531,0.9121254086494446,0.8141125440597534,0.9280917048454285,0.8658313155174255,0.9563034176826477,0.9631690979003906,0.953461229801178
60,0.5019463260354786,0.8707427382469177,0.7710756063461304,0.9159966707229614,0.9285387992858887,0.9104998707771301,0.47884672267420825,0.828546404838562,0.7072805762290955,0.8531826138496399,0.912353515625,0.8155385255813599,0.9280917048454285,0.8658313155174255,0.9563034176826477,0.9631690979003906,0.953461229801178
61,0.5040990968302654,0.8714756369590759,0.7722257971763611,0.9164939522743225,0.9290932416915894,0.9109720587730408,0.511378797861965,0.8292396068572998,0.7082914710044861,0.8538415431976318,0.9127089977264404,0.8163905143737793,0.9280917048454285,0.8658313155174255,0.9563034176826477,0.9631690979003906,0.953461229801178
62,0.5022001319469668,0.8722056150436401,0.7733729481697083,0.9169870615005493,0.9296404719352722,0.9114413261413574,0.49331554689448487,0.8302405476570129,0.7097532153129578,0.8548447489738464,0.9128895998001099,0.817916989326477,0.9280917048454285,0.8658313155174255,0.9563034176826477,0.9631690979003906,0.953461229801178
63,0.502081738818982,0.8729740977287292,0.7745820879936218,0.9175150394439697,0.9300696849822998,0.912011981010437,0.48670232945416336,0.8309861421585083,0.7108437418937683,0.8555355072021484,0.9133731126785278,0.8187395334243774,0.9280917048454285,0.8658313155174255,0.9563034176826477,0.9631690979003906,0.953461229801178
64,0.5110817431696864,0.8736143708229065,0.7755908966064453,0.9179492592811584,0.9305428266525269,0.9124292135238647,0.6156246243305978,0.8316875696182251,0.7118709087371826,0.8562290668487549,0.9135467410087585,0.8197639584541321,0.9280917048454285,0.8658313155174255,0.9563034176826477,0.9631690979003906,0.953461229801178
65,0.5189864658553845,0.8742333650588989,0.7765671014785767,0.9183744192123413,0.9309684634208679,0.9128544926643372,0.6988186080792078,0.8322917222976685,0.7127565145492554,0.8567560315132141,0.914140522480011,0.8202484250068665,0.9280917048454285,0.8658313155174255,0.9563034176826477,0.9631690979003906,0.953461229801178
66,0.514962915279968,0.8748418092727661,0.7775278091430664,0.9188035130500793,0.9312213063240051,0.9133607149124146,0.6217776596928708,0.8322513699531555,0.7126973867416382,0.8565717339515686,0.9150521755218506,0.8193669319152832,0.9280917048454285,0.8658313155174255,0.9563034176826477,0.9631690979003906,0.953461229801178
67,0.5067541711579301,0.875248908996582,0.7781711220741272,0.9190757870674133,0.9316366314888,0.9135709404945374,0.5100721254094341,0.8326348662376404,0.7132600545883179,0.8569467663764954,0.9151721000671387,0.8199043273925781,0.9280917048454285,0.8658313155174255,0.9563034176826477,0.9631690979003906,0.953461229801178
68,0.512001574320528,0.8758352994918823,0.779098629951477,0.9194763898849487,0.9320653080940247,0.9139595627784729,0.5932325879654989,0.8333837985992432,0.7143598794937134,0.8577539324760437,0.9149210453033447,0.821384608745575,0.9280917048454285,0.8658313155174255,0.9563034176826477,0.9631690979003906,0.953461229801178
69,0.5158993215101577,0.8763198852539062,0.7798660397529602,0.9198052883148193,0.9324631094932556,0.9142586588859558,0.6532236271462935,0.8341231346130371,0.7154470682144165,0.8584749698638916,0.915151834487915,0.8224175572395325,0.9280917048454285,0.8658313155174255,0.9563034176826477,0.9631690979003906,0.953461229801178
70,0.5045834410078429,0.8769667148590088,0.7808910608291626,0.9202544093132019,0.9327854514122009,0.9147632718086243,0.5182830995838825,0.8342800736427307,0.7156780958175659,0.8586017489433289,0.9153704643249512,0.8224858045578003,0.9280917048454285,0.8658313155174255,0.9563034176826477,0.9631690979003906,0.953461229801178
71,0.5116461417273609,0.877543032169342,0.7818053960800171,0.9206492900848389,0.9331314563751221,0.9151794910430908,0.6118341552182127,0.8347497582435608,0.7163694500923157,0.8589856624603271,0.9159944653511047,0.8227170705795288,0.9280917048454285,0.8658313155174255,0.9563034176826477,0.9631690979003906,0.953461229801178
72,0.49748006984699833,0.8780515193939209,0.7826130986213684,0.920982837677002,0.9336245656013489,0.9154430627822876,0.4116940222197585,0.8352274298667908,0.717073380947113,0.8594692945480347,0.9160230755805969,0.8234902620315552,0.9280917048454285,0.8658313155174255,0.9563034176826477,0.9631690979003906,0.953461229801178
73,0.5021574942889049,0.878548264503479,0.7834027409553528,0.9213110208511353,0.9340934753417969,0.9157096743583679,0.438608744609857,0.8358039259910583,0.717923641204834,0.8599963784217834,0.9164239168167114,0.8240975141525269,0.9280917048454285,0.8658313155174255,0.9563034176826477,0.9631690979003906,0.953461229801178
74,0.5044224023657542,0.8788013458251953,0.783805251121521,0.921471357345581,0.9344208836555481,0.9157969355583191,0.43763976894431794,0.8360405564308167,0.7182729244232178,0.8602112531661987,0.9165974855422974,0.8243387341499329,0.9280917048454285,0.8658313155174255,0.9563034176826477,0.9631690979003906,0.953461229801178
75,0.4991559464682156,0.8791306018829346,0.7843291759490967,0.9216773509979248,0.9348352551460266,0.9159113168716431,0.39726417153450894,0.8366765379905701,0.7192122936248779,0.8608548045158386,0.9166274666786194,0.825372576713562,0.9280917048454285,0.8658313155174255,0.9563034176826477,0.9631690979003906,0.953461229801178
76,0.5042101419027252,0.8796048164367676,0.7850844860076904,0.9219950437545776,0.9352138042449951,0.9162024855613708,0.5030724056084148,0.837157666683197,0.7199236750602722,0.8612845540046692,0.9170235395431519,0.8258237838745117,0.9280917048454285,0.8658313155174255,0.9563034176826477,0.9631690979003906,0.953461229801178
77,0.5107563802301884,0.8800663352012634,0.7858201265335083,0.9223161339759827,0.93548983335495,0.91654372215271,0.5647674351575396,0.8376551866531372,0.7206597924232483,0.8617779016494751,0.9171066880226135,0.8265781402587891,0.9280917048454285,0.8658313155174255,0.9563034176826477,0.9631690979003906,0.953461229801178
78,0.5039746995714108,0.8806168437004089,0.7866984009742737,0.9226986765861511,0.9357238411903381,0.916991114616394,0.46302509226114463,0.8377812504768372,0.7208463549613953,0.8618180155754089,0.9176911115646362,0.8262718915939331,0.9280917048454285,0.8658313155174255,0.9563034176826477,0.9631690979003906,0.953461229801178
79,0.49839065017731354,0.8810746669769287,0.7874294519424438,0.9229991436004639,0.9361114501953125,0.9172528982162476,0.4439552266492949,0.8381516337394714,0.7213950753211975,0.8621191382408142,0.9181928038597107,0.826445460319519,0.9280917048454285,0.8658313155174255,0.9563034176826477,0.9631690979003906,0.953461229801178
80,0.498397483861248,0.881541907787323,0.7881761789321899,0.9233109354972839,0.9364994168281555,0.9175312519073486,0.3424530827824962,0.8386110663414001,0.7220759987831116,0.8625547289848328,0.918400764465332,0.8270258903503418,0.9280917048454285,0.8658313155174255,0.9563034176826477,0.9631690979003906,0.953461229801178
81,0.49661777975558036,0.8820785880088806,0.7890344858169556,0.923671305179596,0.9368728995323181,0.9178856015205383,0.42862288347616617,0.8389926552772522,0.7226420640945435,0.8628952503204346,0.9187151193618774,0.8273829221725464,0.9280917048454285,0.8658313155174255,0.9563034176826477,0.9631690979003906,0.953461229801178
82,0.5133175033891642,0.8825863599777222,0.7898474931716919,0.9240154027938843,0.9372302293777466,0.9182239174842834,0.6378460274035207,0.83955317735672,0.7234740853309631,0.863418698310852,0.9190177917480469,0.828046977519989,0.9280917048454285,0.8658313155174255,0.9563034176826477,0.9631690979003906,0.953461229801178
83,0.5009517140686294,0.8830817937850952,0.7906414866447449,0.9243475794792175,0.9376813173294067,0.9185047149658203,0.4776732272970389,0.8400110602378845,0.7241544127464294,0.8638455867767334,0.9192683696746826,0.8285859823226929,0.9280917048454285,0.8658313155174255,0.9563034176826477,0.9631690979003906,0.953461229801178
84,0.4994022507594677,0.8836396336555481,0.7915361523628235,0.9247264862060547,0.9380647540092468,0.9188817143440247,0.4673038975226774,0.8405040502548218,0.7248875498771667,0.8642919063568115,0.9196270108222961,0.8290880918502808,0.9280917048454285,0.8658313155174255,0.9563034176826477,0.9631690979003906,0.953461229801178
85,0.5002479170986693,0.8841657042503357,0.7923808693885803,0.9250845313072205,0.9384276270866394,0.9192378520965576,0.4841367140434132,0.8410179018974304,0.7256521582603455,0.8647598624229431,0.9199791550636292,0.8296297788619995,0.9280917048454285,0.8658313155174255,0.9563034176826477,0.9631690979003906,0.953461229801178
86,0.506202969590603,0.8846832513809204,0.7932124733924866,0.9254342913627625,0.9388279318809509,0.9195659160614014,0.5399003994772713,0.8415358662605286,0.7264238595962524,0.8652503490447998,0.9202060699462891,0.8302878737449646,0.9280917048454285,0.8658313155174255,0.9563034176826477,0.9631690979003906,0.953461229801178
87,0.5017544565257449,0.8851718306541443,0.7939984202384949,0.9257596135139465,0.9392152428627014,0.9198638200759888,0.449388739290622,0.8419471979141235,0.7270370125770569,0.8656063675880432,0.9206129312515259,0.830611526966095,0.9280917048454285,0.8658313155174255,0.9563034176826477,0.9631690979003906,0.953461229801178
88,0.5003974518503831,0.8856862187385559,0.7948265075683594,0.9261084794998169,0.9395415782928467,0.9202225804328918,0.4967677361750896,0.8423129320144653,0.727582573890686,0.865906834602356,0.9210847616195679,0.8308029770851135,0.9280917048454285,0.8658313155174255,0.9563034176826477,0.9631690979003906,0.953461229801178
89,0.5015885701837938,0.8861867189407349,0.7956330180168152,0.926445484161377,0.9399055242538452,0.9205479025840759,0.49510048456667655,0.8426913619041443,0.728147566318512,0.8662182688713074,0.9215706586837769,0.8310033679008484,0.9280917048454285,0.8658313155174255,0.9563034176826477,0.9631690979003906,0.953461229801178
90,0.49735748697753934,0.8867163062095642,0.7964872717857361,0.9268087148666382,0.940236508846283,0.920925498008728,0.41795932447466744,0.8428934216499329,0.7284492254257202,0.866357684135437,0.9220146536827087,0.8309490084648132,0.9280917048454285,0.8658313155174255,0.9563034176826477,0.9631690979003906,0.953461229801178
91,0.5131796184355837,0.8871728181838989,0.7972242832183838,0.9271121621131897,0.9405937790870667,0.9212051630020142,0.6485074285993322,0.8432940244674683,0.7290478348731995,0.8667128682136536,0.9223530292510986,0.8313150405883789,0.9280917048454285,0.8658313155174255,0.9563034176826477,0.9631690979003906,0.953461229801178
92,0.504941657059536,0.8876475691795349,0.7979912161827087,0.9274259209632874,0.9409717321395874,0.9214905500411987,0.5678457785707294,0.8438253402709961,0.7298423647880554,0.8671966791152954,0.9227122068405151,0.8318781852722168,0.9280917048454285,0.8658313155174255,0.9563034176826477,0.9631690979003906,0.953461229801178
93,0.5091638112745204,0.8881356120109558,0.7987805008888245,0.9277576804161072,0.9413283467292786,0.9218118786811829,0.5673948441802226,0.8442561030387878,0.7304871678352356,0.8676002025604248,0.9229242205619812,0.8324034214019775,0.9280917048454285,0.8658313155174255,0.9563034176826477,0.9631690979003906,0.953461229801178
94,0.5069072790091238,0.8885629773139954,0.7994722127914429,0.928044319152832,0.9416592121124268,0.9220793843269348,0.5741972494956558,0.844818115234375,0.731329083442688,0.868151843547821,0.9230213165283203,0.833244264125824,0.9280917048454285,0.8658313155174255,0.9563034176826477,0.9631690979003906,0.953461229801178
95,0.4977143491738582,0.8889732360839844,0.8001366257667542,0.9283187985420227,0.9419460892677307,0.922348141670227,0.44187542096544574,0.8452959656715393,0.7320454716682434,0.8685815930366516,0.9233762621879578,0.8337216377258301,0.9280917048454285,0.8658313155174255,0.9563034176826477,0.9631690979003906,0.953461229801178
96,0.500924582501613,0.8893610835075378,0.8007652163505554,0.928577721118927,0.942248523235321,0.9225879907608032,0.44802002374193,0.8456962704658508,0.7326462268829346,0.8689481019973755,0.9236277937889099,0.8341612219810486,0.9280917048454285,0.8658313155174255,0.9563034176826477,0.9631690979003906,0.953461229801178
97,0.5012865671488725,0.8898118734359741,0.8014965057373047,0.9288826584815979,0.9425258040428162,0.9229049682617188,0.5148232660080199,0.8456721901893616,0.7326100468635559,0.8688483834266663,0.9241596460342407,0.8336597681045532,0.9280917048454285,0.8658313155174255,0.9563034176826477,0.9631690979003906,0.953461229801178
98,0.5037150643366866,0.890093982219696,0.8019543886184692,0.9290711283683777,0.9427536129951477,0.9230763912200928,0.506366385201721,0.846097469329834,0.7332485914230347,0.8692448139190674,0.9243767857551575,0.8341701626777649,0.9280917048454285,0.8658313155174255,0.9563034176826477,0.9631690979003906,0.953461229801178
99,0.5062916787385005,0.8903913497924805,0.8024373054504395,0.9292680025100708,0.9430152177810669,0.9232449531555176,0.5501209962206459,0.846490740776062,0.7338395714759827,0.8695996999740601,0.9246594309806824,0.8345710039138794,0.9280917048454285,0.8658313155174255,0.9563034176826477,0.9631690979003906,0.953461229801178
100,0.5077686860570734,0.8907555937767029,0.8030291795730591,0.9295116662979126,0.9432615637779236,0.9234872460365295,0.5670744104867262,0.8469077944755554,0.7344666719436646,0.8699920177459717,0.9248442649841309,0.8350954651832581,0.9280917048454285,0.8658313155174255,0.9563034176826477,0.9631690979003906,0.953461229801178
101,0.5132942724707447,0.8911508917808533,0.8036718368530273,0.9297775626182556,0.9435328841209412,0.9237507581710815,0.6544210230823597,0.847322940826416,0.7350913286209106,0.8703668117523193,0.9251387119293213,0.8355213403701782,0.9280917048454285,0.8658313155174255,0.9563034176826477,0.9631690979003906,0.953461229801178
102,0.496578241566628,0.8915349841117859,0.8042969107627869,0.9300305843353271,0.9438427090644836,0.9239785075187683,0.42875872881892124,0.8477783203125,0.7357771396636963,0.8708032369613647,0.925279974937439,0.8361454606056213,0.9280917048454285,0.8658313155174255,0.9563034176826477,0.9631690979003906,0.953461229801178
103,0.5085835819481965,0.8919531106948853,0.8049778342247009,0.9303115606307983,0.9441258311271667,0.9242585897445679,0.6212498368536541,0.848227858543396,0.7364546060562134,0.8712218999862671,0.9255034923553467,0.836688220500946,0.9280917048454285,0.8658313155174255,0.9563034176826477,0.9631690979003906,0.953461229801178
104,0.500362118199361,0.8923617005348206,0.8056435585021973,0.9305840134620667,0.9443866014480591,0.9245356321334839,0.5030822481033055,0.8485633134841919,0.7369604110717773,0.8715123534202576,0.92582768201828,0.8369573354721069,0.9280917048454285,0.8658313155174255,0.9563034176826477,0.9631690979003906,0.953461229801178
105,0.5098347321109331,0.8927468657493591,0.8062716722488403,0.9308405518531799,0.9446840286254883,0.9247744083404541,0.6027689608282403,0.8488430380821228,0.7373825907707214,0.8717597723007202,0.9260600209236145,0.8372142910957336,0.9280917048454285,0.8658313155174255,0.9563034176826477,0.9631690979003906,0.953461229801178
106,0.49655151180830126,0.8931568264961243,0.8069406747817993,0.9311168789863586,0.9449805021286011,0.9250420928001404,0.4063295177761329,0.84918612241745,0.7379004955291748,0.8720701932907104,0.9262940883636475,0.8375732898712158,0.9280917048454285,0.8658313155174255,0.9563034176826477,0.9631690979003906,0.953461229801178
107,0.495548224302869,0.8935778737068176,0.807628333568573,0.9313981533050537,0.9452762603759766,0.9253168702125549,0.4569123266807186,0.8496742248535156,0.7386378645896912,0.8725215792655945,0.9265551567077637,0.8381457924842834,0.9280917048454285,0.8658313155174255,0.9563034176826477,0.9631690979003906,0.953461229801178
108,0.5070547724280827,0.8939568400382996,0.8082475662231445,0.9316527247428894,0.9455482959747314,0.9255638718605042,0.5184778741644194,0.8502264618873596,0.7394728660583496,0.8730513453483582,0.9267081022262573,0.8389153480529785,0.9280917048454285,0.8658313155174255,0.9563034176826477,0.9631690979003906,0.953461229801178
109,0.5043586465704472,0.8943084478378296,0.8088226914405823,0.9318867921829224,0.9458242058753967,0.9257796406745911,0.5430300581489614,0.8507109880447388,0.7402063012123108,0.8735252618789673,0.9267732501029968,0.8396492600440979,0.9280917048454285,0.8658313155174255,0.9563034176826477,0.9631690979003906,0.953461229801178
110,0.5011969428077103,0.8945946097373962,0.8092909455299377,0.9320715665817261,0.9460921883583069,0.9259278178215027,0.5219405648251942,0.8507701754570007,0.7402960062026978,0.8735352754592896,0.9271323084831238,0.8394371867179871,0.9280917048454285,0.8658313155174255,0.9563034176826477,0.9631690979003906,0.953461229801178
111,0.49892203667894885,0.894940972328186,0.8098580241203308,0.9323079586029053,0.9462571144104004,0.9261952042579651,0.4914001053453294,0.8510627746582031,0.7407391667366028,0.8737793564796448,0.92747962474823,0.8396155834197998,0.9280917048454285,0.8658313155174255,0.9563034176826477,0.9631690979003906,0.953461229801178
112,0.5050541624397624,0.895220160484314,0.8103154897689819,0.9324933886528015,0.9464834332466125,0.9263627529144287,0.5502550275523115,0.8512839674949646,0.7410743236541748,0.873952329158783,0.9278268814086914,0.8396777510643005,0.9280917048454285,0.8658313155174255,0.9563034176826477,0.9631690979003906,0.953461229801178
113,0.5014565358333837,0.8954672813415527,0.8107204437255859,0.9326562881469727,0.9466904997825623,0.926506519317627,0.48992908372439165,0.8517317771911621,0.741753339767456,0.8743940591812134,0.9278560876846313,0.8403818607330322,0.9280917048454285,0.8658313155174255,0.9563034176826477,0.9631690979003906,0.953461229801178
114,0.4968843368150767,0.8957514762878418,0.8111864328384399,0.9328457713127136,0.9469147324562073,0.9266807436943054,0.3948732315497762,0.8521542549133301,0.7423943877220154,0.8747912049293518,0.9280251264572144,0.8409241437911987,0.9280917048454285,0.8658313155174255,0.9563034176826477,0.9631690979003906,0.953461229801178
115,0.509078817370028,0.8960662484169006,0.8117029070854187,0.933054506778717,0.9471401572227478,0.9268821477890015,0.5783754162654144,0.8524355888366699,0.7428215146064758,0.8750482797622681,0.9281916618347168,0.8412388563156128,0.9280917048454285,0.8658313155174255,0.9563034176826477,0.9631690979003906,0.953461229801178
116,0.4979304633397495,0.8963852524757385,0.8122265934944153,0.933265745639801,0.9474025964736938,0.9270709156990051,0.39081938785462583,0.852859616279602,0.7434657216072083,0.8754482269287109,0.9283484220504761,0.8417935371398926,0.9280917048454285,0.8658313155174255,0.9563034176826477,0.9631690979003906,0.953461229801178
117,0.5092884684552677,0.8967103958129883,0.8127606511116028,0.933480978012085,0.9476502537727356,0.927271842956543,0.6003809998520657,0.8530682325363159,0.7437828779220581,0.875617265701294,0.928631603717804,0.8418900370597839,0.9280917048454285,0.8658313155174255,0.9563034176826477,0.9631690979003906,0.953461229801178
118,0.5038353579353593,0.8970574140548706,0.8133310079574585,0.9337143898010254,0.9478523135185242,0.9275187253952026,0.5369333980429059,0.853361189365387,0.7442284822463989,0.875878095626831,0.9288551211357117,0.8421744704246521,0.9280917048454285,0.8658313155174255,0.9563034176826477,0.9631690979003906,0.953461229801178
119,0.5064254489070936,0.8974022269248962,0.8138981461524963,0.9339472055435181,0.9480963349342346,0.9277469515800476,0.505047689110927,0.8536919951438904,0.7447318434715271,0.876176118850708,0.9290797710418701,0.842519223690033,0.9280917048454285,0.8658313155174255,0.9563034176826477,0.9631690979003906,0.953461229801178
120,0.5031364366562145,0.8977161049842834,0.8144145607948303,0.9341575503349304,0.948307991027832,0.9279568195343018,0.5375337049262925,0.8540385961532593,0.7452595233917236,0.8764983415603638,0.9292404055595398,0.8429441452026367,0.9280917048454285,0.8658313155174255,0.9563034176826477,0.9631690979003906,0.953461229801178
121,0.499023534876837,0.8980026245117188,0.8148864507675171,0.9343515634536743,0.9484506845474243,0.9281731247901917,0.475492682320976,0.8543986082077026,0.745807945728302,0.8768263459205627,0.9294552206993103,0.8433442711830139,0.9280917048454285,0.8658313155174255,0.9563034176826477,0.9631690979003906,0.953461229801178
122,0.5063370103063564,0.8982638120651245,0.8153166174888611,0.9345213770866394,0.9487028121948242,0.9283067584037781,0.5481724040746294,0.8548085689544678,0.746432900428772,0.8772157430648804,0.9295786619186401,0.8439028263092041,0.9280917048454285,0.8658313155174255,0.9563034176826477,0.9631690979003906,0.953461229801178
123,0.5047921780847304,0.8985571265220642,0.8158000111579895,0.9347162842750549,0.9489431977272034,0.928481936454773,0.5258101990346158,0.8550735712051392,0.7468371391296387,0.8774427771568298,0.9298446774482727,0.8441051244735718,0.9280917048454285,0.8658313155174255,0.9563034176826477,0.9631690979003906,0.953461229801178
124,0.4983631283491337,0.8988968133926392,0.8163601756095886,0.9349499940872192,0.9491121172904968,0.9287444353103638,0.4619987750543157,0.8551750183105469,0.7469919323921204,0.877495527267456,0.9302061200141907,0.8439614176750183,0.9280917048454285,0.8658313155174255,0.9563034176826477,0.9631690979003906,0.953461229801178
125,0.5034290571231271,0.899188756942749,0.8168419599533081,0.9351435303688049,0.9493277072906494,0.9289281368255615,0.5393623204671094,0.8556085228919983,0.747653603553772,0.8779053688049316,0.9303483366966248,0.8445414304733276,0.9280917048454285,0.8658313155174255,0.9563034176826477,0.9631690979003906,0.953461229801178
126,0.5130409723172247,0.899432361125946,0.8172440528869629,0.9353011250495911,0.9495762586593628,0.9290458559989929,0.6738323634872949,0.8560511469841003,0.7483298778533936,0.878346860408783,0.9303158521652222,0.8452845215797424,0.9280917048454285,0.8658313155174255,0.9563034176826477,0.9631690979003906,0.953461229801178
127,0.4975283525333466,0.8996816277503967,0.8176556825637817,0.9354678392410278,0.9497506618499756,0.9292093515396118,0.4624733060305856,0.8564151525497437,0.7488864660263062,0.8786729574203491,0.930570125579834,0.8456562757492065,0.9280917048454285,0.8658313155174255,0.9563034176826477,0.9631690979003906,0.953461229801178
128,0.5063652054716814,0.9000000357627869,0.8181818127632141,0.9356843829154968,0.9499185085296631,0.9294472336769104,0.5686654502598376,0.8566194176673889,0.749198853969574,0.8788397312164307,0.9308364987373352,0.8457597494125366,0.9280917048454285,0.8658313155174255,0.9563034176826477,0.9631690979003906,0.953461229801178
129,0.5072625441606209,0.9002708196640015,0.8186295628547668,0.9358685612678528,0.9500501155853271,0.9296544194221497,0.564087279986834,0.8568165302276611,0.749500572681427,0.8789966702461243,0.9311248660087585,0.8458331823348999,0.9280917048454285,0.8658313155174255,0.9563034176826477,0.9631690979003906,0.953461229801178
130,0.49718876051926464,0.9005067944526672,0.8190198540687561,0.9360244870185852,0.9502478241920471,0.9297919869422913,0.3949259348883758,0.8571011424064636,0.7499361038208008,0.8792533874511719,0.9313094019889832,0.8461355566978455,0.9280917048454285,0.8658313155174255,0.9563034176826477,0.9631690979003906,0.953461229801178
131,0.4958872702927115,0.900782585144043,0.8194762468338013,0.9362094402313232,0.9504430294036865,0.9299727082252502,0.39353116970423246,0.8574141263961792,0.7504153847694397,0.8795382380485535,0.931491494178772,0.8464859127998352,0.9280917048454285,0.8658313155174255,0.9563034176826477,0.9631690979003906,0.953461229801178
132,0.49788004560737875,0.9010768532752991,0.8199635148048401,0.9364051222801208,0.9506418108940125,0.9301668405532837,0.4875668676797317,0.8576490879058838,0.7507755160331726,0.8797354102134705,0.9317573308944702,0.8466393947601318,0.9280917048454285,0.8658313155174255,0.9563034176826477,0.9631690979003906,0.953461229801178
133,0.5043126822814463,0.9013723134994507,0.8204529881477356,0.9366055727005005,0.9507940411567688,0.9303883910179138,0.560221840612463,0.8577922582626343,0.750994861125946,0.8798341751098633,0.9320841431617737,0.8465932011604309,0.9280917048454285,0.8658313155174255,0.9563034176826477,0.9631690979003906,0.953461229801178
134,0.5061002010442841,0.9015718102455139,0.8207836151123047,0.936734676361084,0.9509975910186768,0.9304850101470947,0.562630995160617,0.8580992221832275,0.7514657378196716,0.8801206350326538,0.9322084784507751,0.8469825983047485,0.9280917048454285,0.8658313155174255,0.9563034176826477,0.9631690979003906,0.953461229801178
135,0.49954114985658205,0.9018368721008301,0.8212229609489441,0.9369148015975952,0.9511464834213257,0.9306788444519043,0.4879218569807039,0.8582952618598938,0.7517664432525635,0.8802802562713623,0.9324679970741272,0.8470787405967712,0.9280917048454285,0.8658313155174255,0.9563034176826477,0.9631690979003906,0.953461229801178
136,0.4960163086990103,0.9021017551422119,0.821662425994873,0.937091052532196,0.9513244032859802,0.9308544397354126,0.4374284713127442,0.858538806438446,0.7521401047706604,0.8804923892021179,0.9326826333999634,0.8472892642021179,0.9280917048454285,0.8658313155174255,0.9563034176826477,0.9631690979003906,0.953461229801178
137,0.49676074125823383,0.9023489356040955,0.8220726847648621,0.9372548460960388,0.9515164494514465,0.9310058951377869,0.42838899274271863,0.8589519262313843,0.7527745962142944,0.8808848261833191,0.9327914714813232,0.847862184047699,0.9280917048454285,0.8658313155174255,0.9563034176826477,0.9631690979003906,0.953461229801178
138,0.49531739287627913,0.9026089310646057,0.8225044012069702,0.937427818775177,0.9516858458518982,0.9311802387237549,0.42869674432235705,0.8591173887252808,0.7530287504196167,0.8810093998908997,0.9330896735191345,0.847876250743866,0.9280917048454285,0.8658313155174255,0.9563034176826477,0.9631690979003906,0.953461229801178
139,0.49711606334338776,0.9028537273406982,0.8229110240936279,0.9375922083854675,0.9518507719039917,0.9313445091247559,0.4199671983649684,0.8593792915344238,0.7534312009811401,0.8812438249588013,0.9332699775695801,0.848145067691803,0.9280917048454285,0.8658313155174255,0.9563034176826477,0.9631690979003906,0.953461229801178
140,0.5023318593089685,0.9030570983886719,0.8232489824295044,0.9377250075340271,0.9520367383956909,0.9314541220664978,0.5064705229465154,0.8597005009651184,0.7539252042770386,0.8815420269966125,0.9334072470664978,0.8485456705093384,0.9280917048454285,0.8658313155174255,0.9563034176826477,0.9631690979003906,0.953461229801178
141,0.5020860496981511,0.9032924175262451,0.8236401677131653,0.9378805160522461,0.9522265195846558,0.931594729423523,0.4583378880545537,0.8599228262901306,0.7542672157287598,0.8817474842071533,0.9335079193115234,0.8488179445266724,0.9280917048454285,0.8658313155174255,0.9563034176826477,0.9631690979003906,0.953461229801178
142,0.5064410090124389,0.9035656452178955,0.8240945339202881,0.938062846660614,0.9524013996124268,0.9317801594734192,0.5991008383514054,0.8601831793785095,0.7546679377555847,0.8819774985313416,0.9337100982666016,0.8490655422210693,0.9280917048454285,0.8658313155174255,0.9563034176826477,0.9631690979003906,0.953461229801178
143,0.5007126247503728,0.9038326144218445,0.8245388269424438,0.9382405877113342,0.9526065587997437,0.9319460391998291,0.4439841077044084,0.860529363155365,0.755200982093811,0.8823037147521973,0.9338158369064331,0.8495320677757263,0.9280917048454285,0.8658313155174255,0.9563034176826477,0.9631690979003906,0.953461229801178
144,0.5046134844709138,0.9041032195091248,0.8249894976615906,0.9384234547615051,0.9527688026428223,0.9321382641792297,0.5570840785163897,0.8608157634735107,0.7556423544883728,0.8825579285621643,0.9340277314186096,0.8498131036758423,0.9280917048454285,0.8658313155174255,0.9563034176826477,0.9631690979003906,0.953461229801178
145,0.5052837442168021,0.9043988585472107,0.8254818320274353,0.9386212825775146,0.9529600739479065,0.9323388338088989,0.5091821909162118,0.8610878586769104,0.7560617923736572,0.8828006386756897,0.9342185258865356,0.8500888347625732,0.9280917048454285,0.8658313155174255,0.9563034176826477,0.9631690979003906,0.953461229801178
146,0.5001965033905931,0.9046505689620972,0.8259013891220093,0.9387883543968201,0.9531493186950684,0.9324963092803955,0.4913491432728264,0.8613454699516296,0.7564589381217957,0.883030891418457,0.9343941807746887,0.8503539562225342,0.9280917048454285,0.8658313155174255,0.9563034176826477,0.9631690979003906,0.953461229801178
147,0.49922555256684154,0.90488600730896,0.8262939453125,0.9389423131942749,0.9533335566520691,0.9326368570327759,0.494085768085285,0.8616957068443298,0.7569994330406189,0.8833703398704529,0.9344218969345093,0.8508915901184082,0.9280917048454285,0.8658313155174255,0.9563034176826477,0.9631690979003906,0.953461229801178
148,0.49224802866547535,0.9051167964935303,0.8266788721084595,0.9390931129455566,0.9535065293312073,0.9327776432037354,0.3882469997180365,0.8619709610939026,0.7574243545532227,0.8836197853088379,0.9345808029174805,0.851198673248291,0.9280917048454285,0.8658313155174255,0.9563034176826477,0.9631690979003906,0.953461229801178
149,0.4953275614307497,0.9053702354431152,0.8271018266677856,0.9392637610435486,0.9536354541778564,0.9329665303230286,0.413561397100659,0.8621683716773987,0.7577292323112488,0.883783221244812,0.9348185658454895,0.8513149619102478,0.9280917048454285,0.8658313155174255,0.9563034176826477,0.9631690979003906,0.953461229801178
150,0.4973967210208211,0.9056128859519958,0.8275068402290344,0.9394254088401794,0.9537858366966248,0.9331330060958862,0.4801726142980404,0.8623979687690735,0.7580838799476624,0.8839828372001648,0.9350187182426453,0.8515142202377319,0.9280917048454285,0.8658313155174255,0.9563034176826477,0.9631690979003906,0.953461229801178
151,0.4983668567215215,0.9058073163032532,0.8278316259384155,0.9395512938499451,0.9539515376091003,0.9332412481307983,0.4703300435019109,0.8626236319541931,0.758432924747467,0.8841860890388489,0.9351593255996704,0.8517572283744812,0.9280917048454285,0.8658313155174255,0.9563034176826477,0.9631690979003906,0.953461229801178
152,0.5019705504467238,0.9059929847717285,0.8281418085098267,0.9396718144416809,0.9541197419166565,0.9333407282829285,0.5336951908823431,0.8629019856452942,0.7588633894920349,0.8844434022903442,0.9352781772613525,0.8521025776863098,0.9280917048454285,0.8658313155174255,0.9563034176826477,0.9631690979003906,0.953461229801178
153,0.49532542383766737,0.9061842560768127,0.8284615278244019,0.9397971630096436,0.95427405834198,0.9334533214569092,0.4156654609906231,0.86318039894104,0.7592941522598267,0.8847076892852783,0.9353400468826294,0.8524956107139587,0.9280917048454285,0.8658313155174255,0.9563034176826477,0.9631690979003906,0.953461229801178
154,0.4956373620969819,0.9064076542854309,0.8288349509239197,0.9399447441101074,0.9544432163238525,0.9335915446281433,0.43738535008526025,0.8634292483329773,0.7596793174743652,0.8849390149116516,0.9354326725006104,0.8528154492378235,0.9280917048454285,0.8658313155174255,0.9563034176826477,0.9631690979003906,0.953461229801178
155,0.5111227446817996,0.9066330790519714,0.8292121887207031,0.9400975108146667,0.9545424580574036,0.933767557144165,0.6409895651435893,0.8633828163146973,0.7596074938774109,0.8848651051521301,0.9356658458709717,0.852545976638794,0.9280917048454285,0.8658313155174255,0.9563034176826477,0.9631690979003906,0.953461229801178
156,0.5001963992984149,0.9068381190299988,0.8295550346374512,0.9402336478233337,0.9546942114830017,0.933897078037262,0.4838673311736054,0.8636577129364014,0.7600330710411072,0.8851343989372253,0.9356568455696106,0.8529923558235168,0.9280917048454285,0.8658313155174255,0.9563034176826477,0.9631690979003906,0.953461229801178
157,0.49697918582330813,0.9070554375648499,0.8299189805984497,0.9403760433197021,0.9548676609992981,0.9340257048606873,0.4572039229186597,0.8639752864837646,0.7605251669883728,0.8854333162307739,0.9357457160949707,0.8534248471260071,0.9280917048454285,0.8658313155174255,0.9563034176826477,0.9631690979003906,0.953461229801178
158,0.49636045418745933,0.9072840213775635,0.830301821231842,0.9405285716056824,0.9550252556800842,0.9341760873794556,0.4489013592326573,0.8641717433929443,0.7608295679092407,0.8856163620948792,0.9358136653900146,0.853681206703186,0.9280917048454285,0.8658313155174255,0.9563034176826477,0.9631690979003906,0.953461229801178
159,0.4978532141351988,0.9075313806533813,0.8307161927223206,0.9406934380531311,0.9551711678504944,0.9343492984771729,0.4985853295232711,0.8643777370452881,0.7611489295959473,0.8857963681221008,0.9359825849533081,0.853868305683136,0.9280917048454285,0.8658313155174255,0.9563034176826477,0.9631690979003906,0.953461229801178
160,0.4987720198218193,0.90776127576828,0.831101655960083,0.9408478140830994,0.9553332924842834,0.9345004558563232,0.4936682914880233,0.8645965456962585,0.7614883780479431,0.8859869837760925,0.9361675381660461,0.8540624976158142,0.9280917048454285,0.8658313155174255,0.9563034176826477,0.9631690979003906,0.953461229801178
161,0.49309212301258115,0.9079837203025818,0.8314745426177979,0.9409939050674438,0.9554948210716248,0.9346397519111633,0.4153186284493601,0.864874541759491,0.7619197964668274,0.886250376701355,0.936227560043335,0.8544551730155945,0.9280917048454285,0.8658313155174255,0.9563034176826477,0.9631690979003906,0.953461229801178
162,0.5047326850929692,0.9082262516021729,0.8318814635276794,0.9411565065383911,0.9556427597999573,0.9348087310791016,0.5505865479699372,0.865071713924408,0.7622259259223938,0.8864424228668213,0.9362270832061768,0.8547697067260742,0.9280917048454285,0.8658313155174255,0.9563034176826477,0.9631690979003906,0.953461229801178
163,0.5039662867567436,0.9084485769271851,0.8322545289993286,0.9413043260574341,0.9557774066925049,0.9349622130393982,0.5637295875861191,0.865286648273468,0.7625596523284912,0.8866361379623413,0.9363530874252319,0.8550064563751221,0.9280917048454285,0.8658313155174255,0.9563034176826477,0.9631690979003906,0.953461229801178
164,0.501698796385808,0.9086732268333435,0.8326317071914673,0.9414538741111755,0.9559195041656494,0.9351149797439575,0.5003199230130069,0.865380585193634,0.7627056241035461,0.8867096304893494,0.9365007877349854,0.8550328016281128,0.9280917048454285,0.8658313155174255,0.9563034176826477,0.9631690979003906,0.953461229801178
165,0.49594227828753107,0.9088972806930542,0.8330079913139343,0.9416038990020752,0.9560532569885254,0.9352721571922302,0.4600788875087302,0.8655783534049988,0.7630128860473633,0.8868827223777771,0.9366592168807983,0.8552152514457703,0.9280917048454285,0.8658313155174255,0.9563034176826477,0.9631690979003906,0.953461229801178
166,0.5020328031353769,0.9091087579727173,0.8333632946014404,0.9417402744293213,0.9562224745750427,0.9353936910629272,0.5590086900412656,0.8658407330513,0.7634207010269165,0.8871400952339172,0.9366397857666016,0.8556486368179321,0.9280917048454285,0.8658313155174255,0.9563034176826477,0.9631690979003906,0.953461229801178
167,0.5049513467739747,0.9092903733253479,0.83366858959198,0.9418607950210571,0.9563658833503723,0.9355045557022095,0.5458564623241731,0.8660416603088379,0.7637330889701843,0.8873169422149658,0.9367912411689758,0.8558417558670044,0.9280917048454285,0.8658313155174255,0.9563034176826477,0.9631690979003906,0.953461229801178
168,0.49560739343963267,0.909503698348999,0.8340272903442383,0.9420043230056763,0.9564774632453918,0.935662031173706,0.4429653317659438,0.8662979006767273,0.7641319036483765,0.8875499367713928,0.936924159526825,0.8561383485794067,0.9280917048454285,0.8658313155174255,0.9563034176826477,0.9631690979003906,0.953461229801178
169,0.5009975342567926,0.9097079038619995,0.8343707919120789,0.9421419501304626,0.9565953612327576,0.9358083605766296,0.46352950770009804,0.8664648532867432,0.7643916010856628,0.8876937031745911,0.9370761513710022,0.8562769889831543,0.9280917048454285,0.8658313155174255,0.9563034176826477,0.9631690979003906,0.953461229801178
170,0.4998201503800083,0.9099191427230835,0.8347262740135193,0.9422807097434998,0.9567535519599915,0.9359384179115295,0.5196354037638189,0.8666883707046509,0.7647396922111511,0.8879027366638184,0.937142014503479,0.8565770983695984,0.9280917048454285,0.8658313155174255,0.9563034176826477,0.9631690979003906,0.953461229801178
171,0.49533538688396495,0.910131573677063,0.8350837826728821,0.942422091960907,0.9568913578987122,0.9360814690589905,0.4451019312925483,0.8668344616889954,0.764967143535614,0.8880258202552795,0.9372982382774353,0.8566790223121643,0.9280917048454285,0.8658313155174255,0.9563034176826477,0.9631690979003906,0.953461229801178
172,0.5010338193901147,0.9103655219078064,0.835477888584137,0.9425789713859558,0.9570320248603821,0.9362456202507019,0.541380279307708,0.8670956492424011,0.7653741240501404,0.8882704973220825,0.9373701214790344,0.8570336699485779,0.9280917048454285,0.8658313155174255,0.9563034176826477,0.9631690979003906,0.953461229801178
173,0.5009553808249789,0.9105865359306335,0.8358503580093384,0.9427269697189331,0.9571564197540283,0.9364039301872253,0.5426177097442966,0.8672367930412292,0.7655940651893616,0.8883876204490662,0.9375360012054443,0.8571196794509888,0.9280917048454285,0.8658313155174255,0.9563034176826477,0.9631690979003906,0.953461229801178
174,0.5056498553767708,0.9107913970947266,0.8361956477165222,0.9428631067276001,0.9572943449020386,0.9365392923355103,0.558212854157081,0.8674447536468506,0.7659182548522949,0.888576865196228,0.9376395344734192,0.8573634028434753,0.9280917048454285,0.8658313155174255,0.9563034176826477,0.9631690979003906,0.953461229801178
175,0.5024164125113403,0.9109829664230347,0.8365185856819153,0.9429897665977478,0.9574403762817383,0.9366575479507446,0.5483732102009887,0.8676370978355408,0.7662181854248047,0.8887546062469482,0.9377115964889526,0.8576085567474365,0.9280917048454285,0.8658313155174255,0.9563034176826477,0.9631690979003906,0.953461229801178
176,0.49797532863031857,0.9111725687980652,0.83683842420578,0.9431143403053284,0.9575778245925903,0.9367763996124268,0.4986266180956781,0.8679102063179016,0.766644299030304,0.8890147805213928,0.9377477765083313,0.8580112457275391,0.9280917048454285,0.8658313155174255,0.9563034176826477,0.9631690979003906,0.953461229801178
177,0.5095664878902963,0.9113900661468506,0.8372054696083069,0.9432594180107117,0.9577061533927917,0.9369288682937622,0.6501110960581851,0.868104875087738,0.7669482827186584,0.8891869783401489,0.9378864169120789,0.8582046627998352,0.9280917048454285,0.8658313155174255,0.9563034176826477,0.9631690979003906,0.953461229801178
178,0.497239984974482,0.9115939736366272,0.8375496864318848,0.943395733833313,0.9578437805175781,0.9370647072792053,0.3743965332825012,0.8683062791824341,0.7672625780105591,0.8893710374832153,0.9379772543907166,0.8584481477737427,0.9280917048454285,0.8658313155174255,0.9563034176826477,0.9631690979003906,0.953461229801178
179,0.4965398149952617,0.9117651581764221,0.8378386497497559,0.9435105323791504,0.9579444527626038,0.9371858835220337,0.40540669319992845,0.8684602379798889,0.7675030827522278,0.8895065188407898,0.938091516494751,0.8585970401763916,0.9280917048454285,0.8658313155174255,0.9563034176826477,0.9631690979003906,0.953461229801178
180,0.5007531789029883,0.9119020700454712,0.8380698561668396,0.9436002969741821,0.9580533504486084,0.9372671842575073,0.45566560524377514,0.8685445785522461,0.7676347494125366,0.8895872831344604,0.9380980730056763,0.8587249517440796,0.9280917048454285,0.8658313155174255,0.9563034176826477,0.9631690979003906,0.953461229801178
181,0.49645235284562356,0.9120922088623047,0.8383911848068237,0.9437276721000671,0.9581684470176697,0.9374001026153564,0.43982868708270834,0.8685747385025024,0.7676819562911987,0.8896054625511169,0.9381918907165527,0.8586949706077576,0.9280917048454285,0.8658313155174255,0.9563034176826477,0.9631690979003906,0.953461229801178
182,0.49870759350921545,0.9122565388679504,0.8386687636375427,0.9438349604606628,0.9583035111427307,0.9374952912330627,0.46803518505006525,0.8688198328018188,0.7680650353431702,0.8898394703865051,0.938217282295227,0.8590617775917053,0.9280917048454285,0.8658313155174255,0.9563034176826477,0.9631690979003906,0.953461229801178
183,0.5014912565644851,0.9124342203140259,0.8389692306518555,0.9439536929130554,0.9584115147590637,0.9376187920570374,0.4132941040225885,0.8688804507255554,0.7681596279144287,0.8898987770080566,0.9382100701332092,0.8591635227203369,0.9280917048454285,0.8658313155174255,0.9563034176826477,0.9631690979003906,0.953461229801178
184,0.5008577189180617,0.9126297831535339,0.8392999768257141,0.9440844058990479,0.9585165977478027,0.9377606511116028,0.5396490490982399,0.8690797686576843,0.7684713006019592,0.8900787234306335,0.9383178949356079,0.8593893051147461,0.9280917048454285,0.8658313155174255,0.9563034176826477,0.9631690979003906,0.953461229801178
185,0.5052646340976337,0.912807822227478,0.8396010398864746,0.9442031979560852,0.9586348533630371,0.9378798007965088,0.5560820154919541,0.8691338300704956,0.7685558199882507,0.8901362419128418,0.9382730722427368,0.8595119714736938,0.9280917048454285,0.8658313155174255,0.9563034176826477,0.9631690979003906,0.953461229801178
186,0.49689944144918075,0.9129877686500549,0.8399057388305664,0.9443247318267822,0.9587079882621765,0.9380224347114563,0.4674084267996942,0.869269847869873,0.7687687277793884,0.8902514576911926,0.9384118318557739,0.8596121072769165,0.9280917048454285,0.8658313155174255,0.9563034176826477,0.9631690979003906,0.953461229801178
187,0.5021048577865006,0.9131372570991516,0.8401587009429932,0.9444222450256348,0.9588310718536377,0.9381088018417358,0.48592844537492913,0.8692173957824707,0.7686866521835327,0.890192449092865,0.9384827613830566,0.8594704866409302,0.9280917048454285,0.8658313155174255,0.9563034176826477,0.9631690979003906,0.953461229801178
188,0.5066856401197966,0.9132441878318787,0.8403399586677551,0.944492518901825,0.9589097499847412,0.9381752610206604,0.5537266661771845,0.8693847060203552,0.7689483165740967,0.8903520107269287,0.9385000467300415,0.8597204685211182,0.9280917048454285,0.8658313155174255,0.9563034176826477,0.9631690979003906,0.953461229801178
189,0.5002138037992099,0.9134075045585632,0.8406164646148682,0.9446011781692505,0.9590132832527161,0.9382862448692322,0.49167455513816544,0.8696320652961731,0.7693355083465576,0.8905805349349976,0.9385884404182434,0.8600382208824158,0.9280917048454285,0.8658313155174255,0.9563034176826477,0.9631690979003906,0.953461229801178
190,0.5077921446028257,0.9135568737983704,0.8408694863319397,0.9446986317634583,0.9591442346572876,0.93836909532547,0.5980530455924602,0.8698659539222717,0.7697015404701233,0.8908004760742188,0.9386370182037354,0.8603671789169312,0.9280917048454285,0.8658313155174255,0.9563034176826477,0.9631690979003906,0.953461229801178
191,0.5049654568692418,0.9137095808982849,0.8411282300949097,0.9448011517524719,0.9592324495315552,0.9384780526161194,0.5425459058230555,0.8700132369995117,0.7699322700500488,0.890932023525238,0.9387276768684387,0.8605247139930725,0.9280917048454285,0.8658313155174255,0.9563034176826477,0.9631690979003906,0.953461229801178
192,0.5033804006268873,0.9138742089271545,0.841407299041748,0.94491046667099,0.9593186974525452,0.9385974407196045,0.5716127665624422,0.8700623512268066,0.7700091004371643,0.8909662365913391,0.938840389251709,0.8605090975761414,0.9280917048454285,0.8658313155174255,0.9563034176826477,0.9631690979003906,0.953461229801178
193,0.5047746152418376,0.9140415191650391,0.8416910171508789,0.9450207352638245,0.9594252705574036,0.938709020614624,0.5719238753858704,0.8702176213264465,0.7702524662017822,0.8911110162734985,0.9388837814331055,0.8607182502746582,0.9280917048454285,0.8658313155174255,0.9563034176826477,0.9631690979003906,0.953461229801178
194,0.498441460622865,0.9142065048217773,0.8419709801673889,0.945129930973053,0.9595309495925903,0.9388197660446167,0.4763013985850849,0.8704066872596741,0.7705486416816711,0.8912840485572815,0.9389628171920776,0.8609511256217957,0.9280917048454285,0.8658313155174255,0.9563034176826477,0.9631690979003906,0.953461229801178
195,0.4987392191572595,0.9143674373626709,0.8422439098358154,0.9452349543571472,0.9596672058105469,0.9389110803604126,0.45015496932793836,0.8705897331237793,0.7708355784416199,0.891456663608551,0.9389956593513489,0.8612126111984253,0.9280917048454285,0.8658313155174255,0.9563034176826477,0.9631690979003906,0.953461229801178
196,0.4942154812571242,0.9145634770393372,0.8425765633583069,0.9453667998313904,0.9597609043121338,0.9390597343444824,0.409216550789076,0.8707278370857239,0.7710522413253784,0.8915753364562988,0.9391196370124817,0.8613279461860657,0.9280917048454285,0.8658313155174255,0.9563034176826477,0.9631690979003906,0.953461229801178
197,0.49617579930326317,0.914723813533783,0.8428487777709961,0.9454721212387085,0.959885835647583,0.9391564726829529,0.45926315900475867,0.8709652423858643,0.7714246511459351,0.8918050527572632,0.9391101598739624,0.8617098331451416,0.9280917048454285,0.8658313155174255,0.9563034176826477,0.9631690979003906,0.953461229801178
198,0.5063419204389703,0.914876401424408,0.8431081175804138,0.9455709457397461,0.9600058794021606,0.939245879650116,0.5876839977396275,0.8711379170417786,0.771695613861084,0.8919584155082703,0.9392221570014954,0.8618894815444946,0.9280917048454285,0.8658313155174255,0.9563034176826477,0.9631690979003906,0.953461229801178
199,0.4990200779083347,0.9150555729866028,0.8434123992919922,0.9456900358200073,0.9600934982299805,0.9393784403800964,0.5008050134490314,0.8712998032569885,0.7719497084617615,0.8920994400978088,0.9393501877784729,0.8620389103889465,0.9280917048454285,0.8658313155174255,0.9563034176826477,0.9631690979003906,0.953461229801178
