,train_loss,train_dice,train_iou,train_acc,train_sens,train_spec,val_loss,val_dice,val_iou,val_acc,val_sens,val_spec,test_dice,test_iou,test_acc,test_sens,test_spec
0,0.7403831268425451,0.1781095266342163,0.09776052087545395,0.6312708258628845,0.12892252206802368,0.856857180595398,0.6927194484464718,0.10151199251413345,0.05346991494297981,0.631930947303772,0.053474895656108856,0.9999406933784485,0.9213778376579285,0.8542174100875854,0.9548195004463196,0.9042463898658752,0.9757551550865173
1,0.670517416630518,0.24591106176376343,0.14019286632537842,0.6899732351303101,0.1631186604499817,0.9265644550323486,0.6452525212848663,0.4380859136581421,0.28048014640808105,0.7115753293037415,0.2891594171524048,0.9803134202957153,0.9213778376579285,0.8542174100875854,0.9548195004463196,0.9042463898658752,0.9757551550865173
2,0.6401544528737653,0.4352697432041168,0.2781754732131958,0.7470574975013733,0.31454920768737793,0.9412811994552612,0.6185785032958864,0.5526918172836304,0.3818756937980652,0.7511097192764282,0.3954574465751648,0.9773732423782349,0.9213778376579285,0.8542174100875854,0.9548195004463196,0.9042463898658752,0.9757551550865173
3,0.6208257744023918,0.543278157711029,0.3729456067085266,0.7835479974746704,0.4154144823551178,0.9488632678985596,0.6236719469345813,0.6182780861854553,0.44746923446655273,0.7776365280151367,0.4631436765193939,0.9777147173881531,0.9213778376579285,0.8542174100875854,0.9548195004463196,0.9042463898658752,0.9757551550865173
4,0.630003342416578,0.5971457362174988,0.4256648123264313,0.8022691607475281,0.4728858172893524,0.9501832127571106,0.6458029341198116,0.6250657439231873,0.4546150267124176,0.7813957929611206,0.46864578127861023,0.9803652167320251,0.9213778376579285,0.8542174100875854,0.9548195004463196,0.9042463898658752,0.9757551550865173
5,0.640679720455491,0.5998246073722839,0.4283923804759979,0.8064042925834656,0.468186616897583,0.9582855701446533,0.632247591689436,0.645977795124054,0.47708067297935486,0.7899936437606812,0.4927596151828766,0.9790919423103333,0.9213778376579285,0.8542174100875854,0.9548195004463196,0.9042463898658752,0.9757551550865173
6,0.6266914338872605,0.6189728379249573,0.44819745421409607,0.8145774006843567,0.4859907627105713,0.9621337056159973,0.5841131315586898,0.6705223917961121,0.5043503046035767,0.7997919321060181,0.5239436030387878,0.97528475522995,0.9213778376579285,0.8542174100875854,0.9548195004463196,0.9042463898658752,0.9757551550865173
7,0.6218658549892967,0.6435369849205017,0.47442278265953064,0.824017345905304,0.5125999450683594,0.9638634920120239,0.6353254402715784,0.6913542151451111,0.5282974243164062,0.8080732226371765,0.5528295636177063,0.9704575538635254,0.9213778376579285,0.8542174100875854,0.9548195004463196,0.9042463898658752,0.9757551550865173
8,0.6181181763396661,0.6640365719795227,0.49704691767692566,0.8319740891456604,0.5358283519744873,0.9649623036384583,0.602497000550005,0.7079598903656006,0.5479395389556885,0.8153206706047058,0.57570481300354,0.9677627086639404,0.9213778376579285,0.8542174100875854,0.9548195004463196,0.9042463898658752,0.9757551550865173
9,0.6175249298637655,0.682525634765625,0.5180560946464539,0.8390407562255859,0.5583106875419617,0.9651063084602356,0.6151873114781712,0.7208437919616699,0.5635307431221008,0.8209989666938782,0.5943809747695923,0.9651719331741333,0.9213778376579285,0.8542174100875854,0.9548195004463196,0.9042463898658752,0.9757551550865173
10,0.6140857399249136,0.696784496307373,0.5346655249595642,0.8449289798736572,0.5749462246894836,0.9661684036254883,0.5921978669708443,0.7337121367454529,0.5794196724891663,0.8266769647598267,0.6141101717948914,0.9619103670120239,0.9213778376579285,0.8542174100875854,0.9548195004463196,0.9042463898658752,0.9757551550865173
11,0.6188206617337663,0.7071536183357239,0.5469741225242615,0.849202036857605,0.5875150561332703,0.9667161107063293,0.6135093464109582,0.7384791970252991,0.5853880643844604,0.8293523192405701,0.6196522116661072,0.9627621173858643,0.9213778376579285,0.8542174100875854,0.9548195004463196,0.9042463898658752,0.9757551550865173
12,0.6188370605524122,0.7128307223320007,0.5537972450256348,0.8520592451095581,0.5924966931343079,0.9686193466186523,0.6043726060159146,0.7445085048675537,0.5930016040802002,0.8321343064308167,0.6290290355682373,0.9613484740257263,0.9213778376579285,0.8542174100875854,0.9548195004463196,0.9042463898658752,0.9757551550865173
13,0.6162471999449122,0.7213941216468811,0.5642036199569702,0.8557082414627075,0.6028003096580505,0.9692800045013428,0.6259229044388077,0.7507056593894958,0.6009038090705872,0.8345147371292114,0.6408143639564514,0.9577455520629883,0.9213778376579285,0.8542174100875854,0.9548195004463196,0.9042463898658752,0.9757551550865173
14,0.618614435114089,0.7288451194763184,0.5733723044395447,0.8588400483131409,0.6121795773506165,0.9696062803268433,0.6536281025935442,0.7555190324783325,0.6070956587791443,0.8366804718971252,0.6490136384963989,0.9560729265213013,0.9213778376579285,0.8542174100875854,0.9548195004463196,0.9042463898658752,0.9757551550865173
15,0.6141481640315745,0.7359477281570435,0.5822130441665649,0.8618192076683044,0.6213758587837219,0.9697935581207275,0.5998727075900449,0.7595725655555725,0.612347424030304,0.8386383056640625,0.6555428504943848,0.9551224708557129,0.9213778376579285,0.8542174100875854,0.9548195004463196,0.9042463898658752,0.9757551550865173
16,0.6146735780581164,0.7419739365577698,0.5897921323776245,0.8644775748252869,0.6287612318992615,0.9703292846679688,0.6263391096230408,0.7633249163627625,0.6172396540641785,0.8404823541641235,0.6615780591964722,0.9543001055717468,0.9213778376579285,0.8542174100875854,0.9548195004463196,0.9042463898658752,0.9757551550865173
17,0.6116344049531426,0.7476915717124939,0.5970506072044373,0.866966187953949,0.6360663175582886,0.9706548452377319,0.584046122828315,0.766926109790802,0.6219627857208252,0.8423726558685303,0.66697096824646,0.9539620280265808,0.9213778376579285,0.8542174100875854,0.9548195004463196,0.9042463898658752,0.9757551550865173
18,0.613940379213803,0.7522627115249634,0.6029015183448792,0.8691485524177551,0.6410712599754333,0.9715697169303894,0.6436019183779346,0.7708837389945984,0.6271854043006897,0.8442320227622986,0.6739487648010254,0.9525650143623352,0.9213778376579285,0.8542174100875854,0.9548195004463196,0.9042463898658752,0.9757551550865173
19,0.6131013382909967,0.7580834627151489,0.6104141473770142,0.8716388940811157,0.6489844918251038,0.9716249108314514,0.6544095832351031,0.7746279239654541,0.6321572661399841,0.8461832404136658,0.6798484325408936,0.9520043730735779,0.9213778376579285,0.8542174100875854,0.9548195004463196,0.9042463898658752,0.9757551550865173
20,0.6065762236733926,0.7622636556625366,0.6158530712127686,0.8736153841018677,0.6538133025169373,0.9723203778266907,0.5486386477985192,0.7784891128540039,0.6373165845870972,0.8481497764587402,0.6862598657608032,0.9511429071426392,0.9213778376579285,0.8542174100875854,0.9548195004463196,0.9042463898658752,0.9757551550865173
21,0.6084591222515631,0.7672470211982727,0.6223851442337036,0.8758440613746643,0.6603244543075562,0.9726260304450989,0.6141672765374053,0.7819370031356812,0.6419512629508972,0.8500518798828125,0.6914271712303162,0.9509679079055786,0.9213778376579285,0.8542174100875854,0.9548195004463196,0.9042463898658752,0.9757551550865173
22,0.6028842846899756,0.7727038860321045,0.6295984983444214,0.8782291412353516,0.6679040789604187,0.9726783633232117,0.5602151707123371,0.7858836650848389,0.6472885608673096,0.85237056016922,0.6967819333076477,0.9513550400733948,0.9213778376579285,0.8542174100875854,0.9548195004463196,0.9042463898658752,0.9757551550865173
23,0.6039612145731316,0.7779712677001953,0.6366226673126221,0.8806341290473938,0.6748137474060059,0.9730606079101562,0.6228110456137168,0.7898489236831665,0.6526861786842346,0.8545579314231873,0.7029394507408142,0.9510166645050049,0.9213778376579285,0.8542174100875854,0.9548195004463196,0.9042463898658752,0.9757551550865173
24,0.6037019315288399,0.7821563482284546,0.6422469615936279,0.8825780153274536,0.6802172064781189,0.9734510183334351,0.584572214922584,0.7939394116401672,0.6582915186882019,0.856864869594574,0.7091763615608215,0.9508232474327087,0.9213778376579285,0.8542174100875854,0.9548195004463196,0.9042463898658752,0.9757551550865173
25,0.602212147719417,0.7864872217178345,0.6481078267097473,0.8845710754394531,0.6860122084617615,0.9737367033958435,0.5860843411139143,0.797936201095581,0.6638052463531494,0.859036922454834,0.7158148884773254,0.9501537680625916,0.9213778376579285,0.8542174100875854,0.9548195004463196,0.9042463898658752,0.9757551550865173
26,0.6008763641563417,0.7909513115882874,0.654193103313446,0.8866373896598816,0.6920250654220581,0.9740307331085205,0.5992539088908251,0.8014520406723022,0.6686857342720032,0.8610681891441345,0.721156120300293,0.9500793814659119,0.9213778376579285,0.8542174100875854,0.9548195004463196,0.9042463898658752,0.9757551550865173
27,0.6018227864881762,0.7954360842704773,0.6603519320487976,0.8887021541595459,0.6982524394989014,0.9742262959480286,0.6328193997786041,0.8046473860740662,0.6731464266777039,0.8629768490791321,0.725764811038971,0.9502701163291931,0.9213778376579285,0.8542174100875854,0.9548195004463196,0.9042463898658752,0.9757551550865173
28,0.5974884389971175,0.7994648814201355,0.6659237146377563,0.8905933499336243,0.7037236094474792,0.9745097756385803,0.564855781355637,0.8079866170883179,0.6778335571289062,0.8647950291633606,0.7316123843193054,0.9495248198509216,0.9213778376579285,0.8542174100875854,0.9548195004463196,0.9042463898658752,0.9757551550865173
29,0.5984367083177407,0.8032968640327454,0.6712582111358643,0.8924076557159424,0.708917498588562,0.9748063683509827,0.5913587415309163,0.8107243180274963,0.6816959381103516,0.8664618730545044,0.7355283498764038,0.9497608542442322,0.9213778376579285,0.8542174100875854,0.9548195004463196,0.9042463898658752,0.9757551550865173
30,0.6000578818256272,0.807080864906311,0.6765595078468323,0.8941870927810669,0.714216947555542,0.975005030632019,0.6254894616998141,0.8130359053611755,0.684971034526825,0.867878794670105,0.7388224005699158,0.9499834775924683,0.9213778376579285,0.8542174100875854,0.9548195004463196,0.9042463898658752,0.9757551550865173
31,0.599143885937813,0.8103528022766113,0.6811707019805908,0.8957691192626953,0.7185778021812439,0.9753392934799194,0.6069425031402289,0.8155831694602966,0.6885946989059448,0.8693618774414062,0.7429391145706177,0.9497911334037781,0.9213778376579285,0.8542174100875854,0.9548195004463196,0.9042463898658752,0.9757551550865173
32,0.5991324166597194,0.8138093948364258,0.686069667339325,0.8974086046218872,0.7234784960746765,0.97551429271698,0.6242596406569982,0.8176844120025635,0.691595733165741,0.8707134127616882,0.745642900466919,0.9502824544906616,0.9213778376579285,0.8542174100875854,0.9548195004463196,0.9042463898658752,0.9757551550865173
33,0.5980158033141948,0.816693902015686,0.6901797652244568,0.898798406124115,0.7274776101112366,0.9757323265075684,0.5815337230485522,0.8199518322944641,0.6948461532592773,0.8721309900283813,0.7488254308700562,0.9505771994590759,0.9213778376579285,0.8542174100875854,0.9548195004463196,0.9042463898658752,0.9757551550865173
34,0.5946992739545784,0.8195258378982544,0.6942344307899475,0.9001753926277161,0.7313660979270935,0.9759815335273743,0.5453224028117187,0.8217182755470276,0.6973869204521179,0.8732156753540039,0.7514451742172241,0.9506852030754089,0.9213778376579285,0.8542174100875854,0.9548195004463196,0.9042463898658752,0.9757551550865173
35,0.5944391829864567,0.8223484754562378,0.6982952356338501,0.9015437364578247,0.7353261113166809,0.9761859178543091,0.5527296487693183,0.8238953948020935,0.7005290985107422,0.874424397945404,0.7554786205291748,0.9500969052314758,0.9213778376579285,0.8542174100875854,0.9548195004463196,0.9042463898658752,0.9757551550865173
36,0.5991773971866778,0.8249931335449219,0.7021178007125854,0.9028398394584656,0.7389810681343079,0.9764227867126465,0.6325733357785439,0.8258342742919922,0.7033370733261108,0.8754854798316956,0.759216845035553,0.9494547843933105,0.9213778376579285,0.8542174100875854,0.9548195004463196,0.9042463898658752,0.9757551550865173
37,0.5980172140213139,0.8277036547660828,0.7060533165931702,0.9041596055030823,0.7428431510925293,0.9766009449958801,0.629537195624027,0.8276885747909546,0.7060314416885376,0.8766055703163147,0.7621921300888062,0.9493945240974426,0.9213778376579285,0.8542174100875854,0.9548195004463196,0.9042463898658752,0.9757551550865173
38,0.5927857617231757,0.8303412795066833,0.7099004983901978,0.9054412245750427,0.7466761469841003,0.9767367243766785,0.5492829371996946,0.8290385007858276,0.7079980969429016,0.8775008916854858,0.7638799548149109,0.9497856497764587,0.9213778376579285,0.8542174100875854,0.9548195004463196,0.9042463898658752,0.9757551550865173
39,0.595025353540118,0.8328649997711182,0.7135977149009705,0.906679093837738,0.7503013610839844,0.9769025444984436,0.5926981677562293,0.8304927349090576,0.7101218104362488,0.8784225583076477,0.765977144241333,0.9499596357345581,0.9213778376579285,0.8542174100875854,0.9548195004463196,0.9042463898658752,0.9757551550865173
40,0.5963673185493594,0.8351364731788635,0.7169392704963684,0.9078097939491272,0.7534715533256531,0.9771175980567932,0.6098474141478281,0.8320045471191406,0.7123354077339172,0.8793720006942749,0.7682309746742249,0.9500791430473328,0.9213778376579285,0.8542174100875854,0.9548195004463196,0.9042463898658752,0.9757551550865173
41,0.5950128731113669,0.8372763991355896,0.7200992107391357,0.9088804125785828,0.7564486861228943,0.9773319959640503,0.5878504470863163,0.8336910605430603,0.7148115038871765,0.8803563714027405,0.7712492346763611,0.9497694969177246,0.9213778376579285,0.8542174100875854,0.9548195004463196,0.9042463898658752,0.9757551550865173
42,0.5967800403846252,0.8395041227340698,0.7234012484550476,0.9099952578544617,0.7595801949501038,0.9775413274765015,0.6391098365763732,0.8350419402122498,0.7168000340461731,0.8811385631561279,0.7737333178520203,0.9494690895080566,0.9213778376579285,0.8542174100875854,0.9548195004463196,0.9042463898658752,0.9757551550865173
43,0.5951946300392358,0.8416103720664978,0.7265347838401794,0.9110419750213623,0.762639045715332,0.9776843786239624,0.6032253912878061,0.8362112641334534,0.7185249924659729,0.8819289207458496,0.775159478187561,0.9498550295829773,0.9213778376579285,0.8542174100875854,0.9548195004463196,0.9042463898658752,0.9757551550865173
44,0.5942883444664668,0.8435733318328857,0.7294654846191406,0.9120205640792847,0.7654959559440613,0.9778193831443787,0.5831537176186734,0.8375440239906311,0.7204952239990234,0.8827768564224243,0.7771428227424622,0.9499804377555847,0.9213778376579285,0.8542174100875854,0.9548195004463196,0.9042463898658752,0.9757551550865173
45,0.5924814393294644,0.8455125093460083,0.7323703765869141,0.913001298904419,0.7682265639305115,0.9780142903327942,0.573499798225225,0.8388046026229858,0.7223630547523499,0.8835360407829285,0.7793192267417908,0.9498381018638611,0.9213778376579285,0.8542174100875854,0.9548195004463196,0.9042463898658752,0.9757551550865173
46,0.5923300913949894,0.847417950630188,0.7352343797683716,0.9139626026153564,0.7709588408470154,0.9781802892684937,0.5745750633222104,0.8399732112884521,0.7240981459617615,0.8841123580932617,0.7822137475013733,0.9489396214485168,0.9213778376579285,0.8542174100875854,0.9548195004463196,0.9042463898658752,0.9757551550865173
47,0.5954425835564103,0.8492078185081482,0.737933337688446,0.9148612022399902,0.7735929489135742,0.9782995581626892,0.6131761541709855,0.8412193655967712,0.7259521484375,0.8848474025726318,0.7845145463943481,0.9486784934997559,0.9213778376579285,0.8542174100875854,0.9548195004463196,0.9042463898658752,0.9757551550865173
48,0.5932764040046087,0.8510702252388,0.7407504320144653,0.9157958030700684,0.7763671278953552,0.9784082174301147,0.5985960780230943,0.842212438583374,0.7274325489997864,0.8855214715003967,0.7857574820518494,0.9489906430244446,0.9213778376579285,0.8542174100875854,0.9548195004463196,0.9042463898658752,0.9757551550865173
49,0.5949150060824079,0.8527414202690125,0.7432861328125,0.9166464805603027,0.7787717580795288,0.9785611033439636,0.6174266580959964,0.8431475162506104,0.7288287878036499,0.8861405253410339,0.7870399951934814,0.9491875171661377,0.9213778376579285,0.8542174100875854,0.9548195004463196,0.9042463898658752,0.9757551550865173
50,0.592943018995316,0.8544074296951294,0.7458213567733765,0.9174880385398865,0.7812540531158447,0.9786657094955444,0.5866877186639885,0.8439354300498962,0.7300071120262146,0.8866688013076782,0.788079023361206,0.9493910074234009,0.9213778376579285,0.8542174100875854,0.9548195004463196,0.9042463898658752,0.9757551550865173
51,0.5921007831049312,0.8557865023612976,0.7479255795478821,0.9182063341140747,0.7831211686134338,0.9788681864738464,0.5603724871816668,0.8448770046234131,0.7314173579216003,0.8871747851371765,0.7902033925056458,0.9488674402236938,0.9213778376579285,0.8542174100875854,0.9548195004463196,0.9042463898658752,0.9757551550865173
52,0.5915648340718707,0.8573479056358337,0.7503140568733215,0.9189969301223755,0.7854714393615723,0.978958249092102,0.5672862811687303,0.8458468914031982,0.7328723669052124,0.8877830505371094,0.7917963266372681,0.9488492012023926,0.9213778376579285,0.8542174100875854,0.9548195004463196,0.9042463898658752,0.9757551550865173
53,0.5964833772259935,0.8586485981941223,0.75230872631073,0.9196711182594299,0.7872942090034485,0.979116678237915,0.6294628645606499,0.8468778729438782,0.7344216108322144,0.8883641958236694,0.7939658761024475,0.9484198689460754,0.9213778376579285,0.8542174100875854,0.9548195004463196,0.9042463898658752,0.9757551550865173
54,0.5951402532842571,0.8599614500999451,0.7543267011642456,0.9203470349311829,0.7891925573348999,0.979243814945221,0.6130030439613465,0.8475834131240845,0.7354835867881775,0.8887943625450134,0.7952296137809753,0.948319673538208,0.9213778376579285,0.8542174100875854,0.9548195004463196,0.9042463898658752,0.9757551550865173
55,0.5945068207201976,0.8613438606262207,0.7564563751220703,0.9210582971572876,0.791212797164917,0.979367196559906,0.6213969373184376,0.8482354283332825,0.7364660501480103,0.8892519474029541,0.7959723472595215,0.9485956430435181,0.9213778376579285,0.8542174100875854,0.9548195004463196,0.9042463898658752,0.9757551550865173
56,0.5932427571999035,0.8626928329467773,0.7585399150848389,0.9217456579208374,0.7932702898979187,0.9794391393661499,0.5941569677102472,0.8488131165504456,0.7373373508453369,0.8896500468254089,0.7966833114624023,0.9487948417663574,0.9213778376579285,0.8542174100875854,0.9548195004463196,0.9042463898658752,0.9757551550865173
57,0.5915713145126289,0.8639237880706787,0.7604451775550842,0.922385573387146,0.7950329184532166,0.979574978351593,0.5699598027554627,0.8496884703636169,0.7386595010757446,0.890159547328949,0.7984459400177002,0.9485070109367371,0.9213778376579285,0.8542174100875854,0.9548195004463196,0.9042463898658752,0.9757551550865173
58,0.5926225982939313,0.8651440739631653,0.7623381614685059,0.9230287075042725,0.7967032194137573,0.9797569513320923,0.6021424592219218,0.8505206108093262,0.7399181127548218,0.8906252980232239,0.8002684712409973,0.9481098055839539,0.9213778376579285,0.8542174100875854,0.9548195004463196,0.9042463898658752,0.9757551550865173
59,0.593278662641511,0.8664526343345642,0.7643725275993347,0.9237006902694702,0.7986922264099121,0.9798374772071838,0.6160524157266752,0.8513203263282776,0.7411293983459473,0.8911263942718506,0.801640510559082,0.9480566382408142,0.9213778376579285,0.8542174100875854,0.9548195004463196,0.9042463898658752,0.9757551550865173
60,0.5921794817345409,0.8677735924720764,0.7664310932159424,0.9243795871734619,0.800713300704956,0.979913592338562,0.6081254946121452,0.8518513441085815,0.7419347763061523,0.8915170431137085,0.8021274209022522,0.948386013507843,0.9213778376579285,0.8542174100875854,0.9548195004463196,0.9042463898658752,0.9757551550865173
61,0.5911674739282584,0.8689320683479309,0.7682404518127441,0.9249774813652039,0.8024730086326599,0.9799898266792297,0.5718471820403291,0.8525606393814087,0.7430115342140198,0.8919618725776672,0.8033498525619507,0.9483361840248108,0.9213778376579285,0.8542174100875854,0.9548195004463196,0.9042463898658752,0.9757551550865173
62,0.590889964485575,0.8701105117797852,0.7700846195220947,0.9255971908569336,0.8041542172431946,0.9801328182220459,0.5920077691368015,0.8533427119255066,0.7442003488540649,0.8924130201339722,0.8049982786178589,0.9480258226394653,0.9213778376579285,0.8542174100875854,0.9548195004463196,0.9042463898658752,0.9757551550865173
63,0.5910218372189138,0.871288001537323,0.7719311714172363,0.9262098670005798,0.8059169054031372,0.9802291393280029,0.5928368225013424,0.8540422916412354,0.7452650666236877,0.892837643623352,0.8063251972198486,0.9478762149810791,0.9213778376579285,0.8542174100875854,0.9548195004463196,0.9042463898658752,0.9757551550865173
64,0.586849218432912,0.8725346922874451,0.773890495300293,0.9268606901168823,0.807776927947998,0.9803367853164673,0.5488843641656438,0.8547459840774536,0.746337354183197,0.8932570219039917,0.8077247738838196,0.9476721286773682,0.9213778376579285,0.8542174100875854,0.9548195004463196,0.9042463898658752,0.9757551550865173
65,0.5900963939684968,0.87374347448349,0.7757943868637085,0.9274951219558716,0.8095567226409912,0.9804569482803345,0.6046356108218782,0.8554103374481201,0.7473509907722473,0.8936699032783508,0.8089262247085571,0.9475831985473633,0.9213778376579285,0.8542174100875854,0.9548195004463196,0.9042463898658752,0.9757551550865173
66,0.5906218386415997,0.8748838901519775,0.7775942087173462,0.9280934929847717,0.811250627040863,0.9805632829666138,0.6045549787050224,0.8561035990715027,0.7484101057052612,0.8940778374671936,0.8103615045547485,0.9473375678062439,0.9213778376579285,0.8542174100875854,0.9548195004463196,0.9042463898658752,0.9757551550865173
67,0.5881984418890942,0.8760437369346619,0.7794287800788879,0.9287022948265076,0.8129847049713135,0.9806668758392334,0.5768715288047186,0.856682538986206,0.7492954134941101,0.8944259881973267,0.8115090131759644,0.9471771717071533,0.9213778376579285,0.8542174100875854,0.9548195004463196,0.9042463898658752,0.9757551550865173
68,0.5909450107539054,0.8771697878837585,0.7812131643295288,0.9292948842048645,0.8146647810935974,0.9807711243629456,0.622180336633253,0.8573601841926575,0.7503328323364258,0.8948563933372498,0.8126821517944336,0.9471351504325867,0.9213778376579285,0.8542174100875854,0.9548195004463196,0.9042463898658752,0.9757551550865173
69,0.5906952640238443,0.8782160878181458,0.7828744649887085,0.9298492670059204,0.8161936402320862,0.9808878898620605,0.6119316722717305,0.8578762412071228,0.7511237263679504,0.8951852917671204,0.8135716319084167,0.9471073150634766,0.9213778376579285,0.8542174100875854,0.9548195004463196,0.9042463898658752,0.9757551550865173
70,0.589753718896429,0.8792397975921631,0.7845029830932617,0.930389940738678,0.8177209496498108,0.9809854626655579,0.5952096893117376,0.8584175705909729,0.7519539594650269,0.8955233097076416,0.8145620822906494,0.9470301866531372,0.9213778376579285,0.8542174100875854,0.9548195004463196,0.9042463898658752,0.9757551550865173
71,0.5912208577319512,0.8802264928817749,0.7860754728317261,0.9309133291244507,0.8191764950752258,0.9810903072357178,0.6195166673280126,0.8589787483215332,0.7528157830238342,0.895905077457428,0.8153481483459473,0.9471548199653625,0.9213778376579285,0.8542174100875854,0.9548195004463196,0.9042463898658752,0.9757551550865173
72,0.5892054342865544,0.8810933232307434,0.7874593138694763,0.9313732385635376,0.8204628229141235,0.9811790585517883,0.564537193672386,0.8595339059829712,0.7536689639091492,0.8962408900260925,0.8164568543434143,0.9469989538192749,0.9213778376579285,0.8542174100875854,0.9548195004463196,0.9042463898658752,0.9757551550865173
73,0.5899234971534649,0.8820280432701111,0.7889536023139954,0.9318690299987793,0.8218597769737244,0.9812701344490051,0.5971108992261429,0.8599134087562561,0.7542527318000793,0.8964669704437256,0.8172455430030823,0.9468671083450317,0.9213778376579285,0.8542174100875854,0.9548195004463196,0.9042463898658752,0.9757551550865173
74,0.5894054709490871,0.8828979730606079,0.7903467416763306,0.9323298335075378,0.8231760859489441,0.981346845626831,0.5779076653359524,0.860454261302948,0.7550854086875916,0.8967772722244263,0.8184692859649658,0.9465962052345276,0.9213778376579285,0.8542174100875854,0.9548195004463196,0.9042463898658752,0.9757551550865173
75,0.593811889886519,0.8837548494338989,0.791720986366272,0.9327754378318787,0.8245832920074463,0.9813606142997742,0.6353619278671283,0.8606827855110168,0.755437433719635,0.8969687819480896,0.8185080289840698,0.9468849897384644,0.9213778376579285,0.8542174100875854,0.9548195004463196,0.9042463898658752,0.9757551550865173
76,0.5910879365641564,0.8845034837722778,0.7929235696792603,0.9331754446029663,0.8256887793540955,0.9814438223838806,0.5895385005171474,0.8611674904823303,0.7561845183372498,0.8972517251968384,0.819570779800415,0.9466719031333923,0.9213778376579285,0.8542174100875854,0.9548195004463196,0.9042463898658752,0.9757551550865173
77,0.5910889652346953,0.8852270245552063,0.794087290763855,0.9335600733757019,0.8267878293991089,0.9815075397491455,0.5846624349495151,0.8615097999572754,0.7567124962806702,0.8974820375442505,0.8200808167457581,0.9467241764068604,0.9213778376579285,0.8542174100875854,0.9548195004463196,0.9042463898658752,0.9757551550865173
78,0.593315225892651,0.8858867287635803,0.7951495051383972,0.9339128732681274,0.8277676701545715,0.9815788269042969,0.612076842396801,0.8620361685752869,0.7575250267982483,0.897806704044342,0.8211038112640381,0.9466045498847961,0.9213778376579285,0.8542174100875854,0.9548195004463196,0.9042463898658752,0.9757551550865173
79,0.5918722159244862,0.8865782022476196,0.7962644696235657,0.9342832565307617,0.8287926912307739,0.9816552996635437,0.6016776163326695,0.862396776676178,0.7580821514129639,0.8979734778404236,0.8222561478614807,0.9461442828178406,0.9213778376579285,0.8542174100875854,0.9548195004463196,0.9042463898658752,0.9757551550865173
80,0.590209139406655,0.8872893452644348,0.7974122762680054,0.9346614480018616,0.8298878073692322,0.9817113280296326,0.5801162927080012,0.8628644347190857,0.7588053345680237,0.8982935547828674,0.8229176998138428,0.9462472796440125,0.9213778376579285,0.8542174100875854,0.9548195004463196,0.9042463898658752,0.9757551550865173
81,0.5905244769138067,0.8880741596221924,0.7986809611320496,0.9350764751434326,0.8311327695846558,0.9817538261413574,0.6038610737401457,0.8631594777107239,0.7592617273330688,0.8984705209732056,0.8235384225845337,0.9461418390274048,0.9213778376579285,0.8542174100875854,0.9548195004463196,0.9042463898658752,0.9757551550865173
82,0.5929970313759021,0.8888081312179565,0.7998692989349365,0.9354709982872009,0.832223117351532,0.9818358421325684,0.646531759239275,0.8636066913604736,0.759954035282135,0.8987534046173096,0.8243639469146729,0.946079432964325,0.9213778376579285,0.8542174100875854,0.9548195004463196,0.9042463898658752,0.9757551550865173
83,0.5868783414451869,0.8895770907402039,0.8011155724525452,0.9358873963356018,0.833329975605011,0.9819422960281372,0.5690472226453078,0.8640429973602295,0.7606298327445984,0.8990030288696289,0.8253864049911499,0.9458373785018921,0.9213778376579285,0.8542174100875854,0.9548195004463196,0.9042463898658752,0.9757551550865173
84,0.5875485055676745,0.8904008865356445,0.8024526834487915,0.9363295435905457,0.8345754742622375,0.9820236563682556,0.591953953565022,0.8644684553146362,0.761289656162262,0.8992502689361572,0.8263578414916992,0.9456239938735962,0.9213778376579285,0.8542174100875854,0.9548195004463196,0.9042463898658752,0.9757551550865173
85,0.5887688595729141,0.8912050724029541,0.8037599921226501,0.9367629289627075,0.8357765078544617,0.9821122884750366,0.6144238813920089,0.864891767501831,0.7619465589523315,0.8995053172111511,0.8272533416748047,0.9454716444015503,0.9213778376579285,0.8542174100875854,0.9548195004463196,0.9042463898658752,0.9757551550865173
86,0.5888981986199886,0.8920249938964844,0.805094838142395,0.9372028112411499,0.8370347619056702,0.9821847081184387,0.6211473452837968,0.8651858568191528,0.762403130531311,0.8996751308441162,0.8279388546943665,0.9453132152557373,0.9213778376579285,0.8542174100875854,0.9548195004463196,0.9042463898658752,0.9757551550865173
87,0.5847198135479819,0.8928074240684509,0.8063704371452332,0.937624454498291,0.838218092918396,0.9822642803192139,0.5521553057998733,0.8656148910522461,0.7630696296691895,0.8999693393707275,0.8285567760467529,0.9454014897346497,0.9213778376579285,0.8542174100875854,0.9548195004463196,0.9042463898658752,0.9757551550865173
88,0.5901177485433242,0.8935855031013489,0.807640790939331,0.9380427002906799,0.8394163250923157,0.982332170009613,0.639462666063914,0.8659305572509766,0.7635603547096252,0.9001575112342834,0.8292468786239624,0.9452704191207886,0.9213778376579285,0.8542174100875854,0.9548195004463196,0.9042463898658752,0.9757551550865173
89,0.5857284770370232,0.8943285942077637,0.8088556528091431,0.9384449124336243,0.8405293822288513,0.9824152588844299,0.5693024734293326,0.8662943243980408,0.7641263008117676,0.9003790020942688,0.8300076723098755,0.945148766040802,0.9213778376579285,0.8542174100875854,0.9548195004463196,0.9042463898658752,0.9757551550865173
90,0.588568372182949,0.8950622081756592,0.8100566864013672,0.9388443827629089,0.8416038155555725,0.9825115203857422,0.6214334489110607,0.8665833473205566,0.7645761370658875,0.900534987449646,0.8307806849479675,0.9449120759963989,0.9213778376579285,0.8542174100875854,0.9548195004463196,0.9042463898658752,0.9757551550865173
91,0.5861066914857233,0.8957991600036621,0.8112646341323853,0.9392431378364563,0.842721700668335,0.982587456703186,0.5824601112603043,0.8669401407241821,0.7651318907737732,0.9007586240768433,0.8314780592918396,0.9448344111442566,0.9213778376579285,0.8542174100875854,0.9548195004463196,0.9042463898658752,0.9757551550865173
92,0.5836976451728296,0.8965370059013367,0.8124757409095764,0.9396417140960693,0.8438582420349121,0.9826546311378479,0.5461484012417073,0.8672438263893127,0.7656049728393555,0.900962769985199,0.8319557309150696,0.9448646903038025,0.9213778376579285,0.8542174100875854,0.9548195004463196,0.9042463898658752,0.9757551550865173
93,0.5872737118137353,0.8972326517105103,0.813619077205658,0.9400199055671692,0.8449022769927979,0.9827337861061096,0.6001273406699985,0.8675151467323303,0.7660280466079712,0.9011334180831909,0.8324840664863586,0.9448076486587524,0.9213778376579285,0.8542174100875854,0.9548195004463196,0.9042463898658752,0.9757551550865173
94,0.5864252127027157,0.8978898525238037,0.8147006034851074,0.9403777718544006,0.845885694026947,0.9828107357025146,0.5801122694290878,0.8678040504455566,0.7664785981178284,0.9012945890426636,0.8332206606864929,0.9446027278900146,0.9213778376579285,0.8542174100875854,0.9548195004463196,0.9042463898658752,0.9757551550865173
95,0.5893998204385965,0.8985792398452759,0.815836489200592,0.9407533407211304,0.8469207882881165,0.9828901886940002,0.6421652050017074,0.868120551109314,0.7669726014137268,0.901491105556488,0.8338614702224731,0.9445165991783142,0.9213778376579285,0.8542174100875854,0.9548195004463196,0.9042463898658752,0.9757551550865173
96,0.5834609042786384,0.8992758989334106,0.8169857263565063,0.9411341547966003,0.8479538559913635,0.982978105545044,0.5565172838403971,0.8684150576591492,0.767432451248169,0.9016467332839966,0.8346905708312988,0.9442437291145325,0.9213778376579285,0.8542174100875854,0.9548195004463196,0.9042463898658752,0.9757551550865173
97,0.588497032859746,0.8999671339988708,0.8181275129318237,0.9415105581283569,0.8490068316459656,0.9830505847930908,0.6356676529554302,0.8686880469322205,0.7678589820861816,0.9018077850341797,0.8353190422058105,0.9441074132919312,0.9213778376579285,0.8542174100875854,0.9548195004463196,0.9042463898658752,0.9757551550865173
98,0.5857468127576013,0.9006533026695251,0.8192623257637024,0.9418856501579285,0.8500359058380127,0.983132004737854,0.5977065783508926,0.8689289689064026,0.7682353854179382,0.901939868927002,0.8359595537185669,0.9439160227775574,0.9213778376579285,0.8542174100875854,0.9548195004463196,0.9042463898658752,0.9757551550865173
99,0.5857578532351759,0.9013332724571228,0.8203883171081543,0.9422571063041687,0.8510655760765076,0.9832079410552979,0.5991917169741579,0.8691969513893127,0.768654465675354,0.9020969271659851,0.8365885615348816,0.9437728524208069,0.9213778376579285,0.8542174100875854,0.9548195004463196,0.9042463898658752,0.9757551550865173
100,0.5842800167854201,0.901988685131073,0.8214749097824097,0.9426164627075195,0.8520441055297852,0.9832891821861267,0.5745754884626373,0.8694496750831604,0.7690498232841492,0.902253270149231,0.8371126651763916,0.9436953663825989,0.9213778376579285,0.8542174100875854,0.9548195004463196,0.9042463898658752,0.9757551550865173
101,0.5849234642773462,0.9026219248771667,0.8225258588790894,0.9429630637168884,0.853002667427063,0.9833608865737915,0.5795857734298622,0.8696634769439697,0.7693846225738525,0.9023950099945068,0.8374763131141663,0.9436959624290466,0.9213778376579285,0.8542174100875854,0.9548195004463196,0.9042463898658752,0.9757551550865173
102,0.5845158512653079,0.9032382369041443,0.8235500454902649,0.9433012008666992,0.8539292812347412,0.9834349751472473,0.5726523738212828,0.8698869347572327,0.7697343826293945,0.9025315046310425,0.8379571437835693,0.9436131119728088,0.9213778376579285,0.8542174100875854,0.9548195004463196,0.9042463898658752,0.9757551550865173
103,0.5846075600991801,0.9038425087928772,0.8245553374290466,0.9436325430870056,0.8548451662063599,0.9835037589073181,0.5734787202066911,0.870111882686615,0.770086944103241,0.9026575684547424,0.8385401964187622,0.9434486031532288,0.9213778376579285,0.8542174100875854,0.9548195004463196,0.9042463898658752,0.9757551550865173
104,0.5834274905387331,0.9044435024261475,0.8255562782287598,0.9439629912376404,0.8557480573654175,0.9835771918296814,0.5589710440274577,0.8703820705413818,0.770510196685791,0.9028071761131287,0.8392567038536072,0.9432374835014343,0.9213778376579285,0.8542174100875854,0.9548195004463196,0.9042463898658752,0.9757551550865173
105,0.5864905241212953,0.9050453305244446,0.8265596628189087,0.9442933201789856,0.856664776802063,0.9836441278457642,0.6106310060951774,0.8705698251724243,0.7708044052124023,0.902905285358429,0.8398066759109497,0.9430481195449829,0.9213778376579285,0.8542174100875854,0.9548195004463196,0.9042463898658752,0.9757551550865173
106,0.5841655059724913,0.9056230783462524,0.8275238275527954,0.9446113109588623,0.8575347661972046,0.98371422290802,0.5708037625675493,0.8708096146583557,0.7711805105209351,0.9030401110649109,0.8404282927513123,0.9428732991218567,0.9213778376579285,0.8542174100875854,0.9548195004463196,0.9042463898658752,0.9757551550865173
107,0.5833601026325684,0.9061873555183411,0.8284667134284973,0.9449213743209839,0.8583991527557373,0.9837753772735596,0.5544314295175543,0.8710367679595947,0.7715368270874023,0.9031704664230347,0.8409958481788635,0.9427255988121033,0.9213778376579285,0.8542174100875854,0.9548195004463196,0.9042463898658752,0.9757551550865173
108,0.5851310625927492,0.9067244529724121,0.8293648362159729,0.945218563079834,0.8591922521591187,0.9838497638702393,0.5824483068352181,0.8712484836578369,0.7718691229820251,0.9032930135726929,0.8415175676345825,0.9425941109657288,0.9213778376579285,0.8542174100875854,0.9548195004463196,0.9042463898658752,0.9757551550865173
109,0.5814676846995948,0.9072670340538025,0.8302733302116394,0.9455161094665527,0.8600397706031799,0.9839005470275879,0.5214115828797827,0.8714619278907776,0.7722042202949524,0.9034175276756287,0.8420355319976807,0.9424683451652527,0.9213778376579285,0.8542174100875854,0.9548195004463196,0.9042463898658752,0.9757551550865173
110,0.5839110096889746,0.9078171253204346,0.8311951756477356,0.9458199739456177,0.8608679175376892,0.9839688539505005,0.572742674422313,0.8716903924942017,0.7725630402565002,0.9035602807998657,0.8425086140632629,0.9424009919166565,0.9213778376579285,0.8542174100875854,0.9548195004463196,0.9042463898658752,0.9757551550865173
111,0.5821642915327119,0.9083725214004517,0.8321268558502197,0.9461261630058289,0.8617202043533325,0.9840297698974609,0.5480957877598924,0.871899425983429,0.7728915810585022,0.9036779403686523,0.8430564999580383,0.9422448873519897,0.9213778376579285,0.8542174100875854,0.9548195004463196,0.9042463898658752,0.9757551550865173
112,0.586207444385128,0.9089164137840271,0.8330402374267578,0.9464267492294312,0.8625450134277344,0.9840949177742004,0.6140283743155769,0.8721204996109009,0.773239016532898,0.9038226008415222,0.8434593081474304,0.9422252774238586,0.9213778376579285,0.8542174100875854,0.9548195004463196,0.9042463898658752,0.9757551550865173
113,0.5847807084860708,0.9094545841217041,0.8339446187019348,0.9467244744300842,0.8633598685264587,0.9841603636741638,0.5933271877392339,0.8723340034484863,0.7735747694969177,0.9039410352706909,0.8440357446670532,0.9420524835586548,0.9213778376579285,0.8542174100875854,0.9548195004463196,0.9042463898658752,0.9757551550865173
114,0.5806955636548831,0.9099937081336975,0.8348518013954163,0.9470233917236328,0.864170253276825,0.9842298030853271,0.5333083432713863,0.8725441694259644,0.7739053964614868,0.9040615558624268,0.8445711731910706,0.9419087767601013,0.9213778376579285,0.8542174100875854,0.9548195004463196,0.9042463898658752,0.9757551550865173
115,0.5832235523511268,0.9105298519134521,0.8357547521591187,0.9473204016685486,0.8649834394454956,0.9842950105667114,0.5751031645010756,0.872718870639801,0.7741803526878357,0.9041523933410645,0.845098078250885,0.9417223930358887,0.9213778376579285,0.8542174100875854,0.9548195004463196,0.9042463898658752,0.9757551550865173
116,0.5837963604659533,0.9110610485076904,0.8366503119468689,0.9476152062416077,0.8657856583595276,0.9843619465827942,0.5865066787892601,0.8729254603385925,0.7745055556297302,0.9042743444442749,0.8455954194068909,0.9416055083274841,0.9213778376579285,0.8542174100875854,0.9548195004463196,0.9042463898658752,0.9757551550865173
117,0.5839585648358981,0.9115860462188721,0.837536096572876,0.9479070901870728,0.8665723204612732,0.9844315648078918,0.5919732482477524,0.8730630874633789,0.774722158908844,0.9043425917625427,0.8460412621498108,0.9414335489273071,0.9213778376579285,0.8542174100875854,0.9548195004463196,0.9042463898658752,0.9757551550865173
118,0.5838664589382796,0.9120900630950928,0.8383874297142029,0.9481869339942932,0.8673388957977295,0.9844927787780762,0.58356533682478,0.8732531070709229,0.7750215530395508,0.904473602771759,0.8463335633277893,0.941461980342865,0.9213778376579285,0.8542174100875854,0.9548195004463196,0.9042463898658752,0.9757551550865173
119,0.5855870831336785,0.9125667214393616,0.8391933441162109,0.9484525322914124,0.868050217628479,0.9845582842826843,0.606329735688443,0.8734119534492493,0.7752717137336731,0.904556155204773,0.8468175530433655,0.9412891268730164,0.9213778376579285,0.8542174100875854,0.9548195004463196,0.9042463898658752,0.9757551550865173
120,0.5842227920404246,0.9130654335021973,0.8400371670722961,0.9487295746803284,0.8688119649887085,0.9846177101135254,0.5936958145330993,0.8735823631286621,0.7755404710769653,0.9046575427055359,0.8472239971160889,0.9411964416503906,0.9213778376579285,0.8542174100875854,0.9548195004463196,0.9042463898658752,0.9757551550865173
121,0.5833787829871145,0.9135590195655823,0.8408732414245605,0.9490043520927429,0.8695610165596008,0.9846795201301575,0.5826272022874075,0.8738001585006714,0.7758837938308716,0.9047950506210327,0.8476731777191162,0.9411356449127197,0.9213778376579285,0.8542174100875854,0.9548195004463196,0.9042463898658752,0.9757551550865173
122,0.5831902760139707,0.9140380024909973,0.8416850566864014,0.9492714405059814,0.8702825307846069,0.9847424030303955,0.5779676265898748,0.8739608526229858,0.776137113571167,0.904888391494751,0.8480777740478516,0.9410308599472046,0.9213778376579285,0.8542174100875854,0.9548195004463196,0.9042463898658752,0.9757551550865173
123,0.583171647831293,0.9145238995552063,0.8425094485282898,0.9495422840118408,0.8710182905197144,0.9848045706748962,0.5836209638695691,0.8741269707679749,0.7763993144035339,0.904992401599884,0.8484296798706055,0.9409772753715515,0.9213778376579285,0.8542174100875854,0.9548195004463196,0.9042463898658752,0.9757551550865173
124,0.5853246745777035,0.914995551109314,0.843310534954071,0.9498053193092346,0.8717352151870728,0.984863817691803,0.6151850346998986,0.8742679357528687,0.7766216993331909,0.9050824046134949,0.8487122654914856,0.9409448504447937,0.9213778376579285,0.8542174100875854,0.9548195004463196,0.9042463898658752,0.9757551550865173
125,0.5795715913611738,0.9154482483863831,0.844079852104187,0.9500582218170166,0.8724194169044495,0.9849228858947754,0.5191358872726798,0.8743758797645569,0.7767919898033142,0.9051525592803955,0.848919153213501,0.9409277439117432,0.9213778376579285,0.8542174100875854,0.9548195004463196,0.9042463898658752,0.9757551550865173
126,0.5831608464413869,0.9158879518508911,0.8448277115821838,0.9503040313720703,0.8730815649032593,0.984981894493103,0.5745408563922089,0.8745339512825012,0.7770415544509888,0.9052606821060181,0.8491736650466919,0.9409427046775818,0.9213778376579285,0.8542174100875854,0.9548195004463196,0.9042463898658752,0.9757551550865173
127,0.58600776957115,0.9162653684616089,0.8454703092575073,0.9505143761634827,0.8736652135848999,0.9850245118141174,0.5926443286360532,0.8746706247329712,0.7772574424743652,0.9053618311882019,0.8493239879608154,0.9410128593444824,0.9213778376579285,0.8542174100875854,0.9548195004463196,0.9042463898658752,0.9757551550865173
128,0.5843548512480027,0.9166314601898193,0.8460939526557922,0.9507182836532593,0.8742356896400452,0.9850637316703796,0.5625038810237637,0.8748301267623901,0.777509331703186,0.9054467082023621,0.8497984409332275,0.940849781036377,0.9213778376579285,0.8542174100875854,0.9548195004463196,0.9042463898658752,0.9757551550865173
129,0.5850959837567848,0.916998028755188,0.8467186689376831,0.9509219527244568,0.8748157024383545,0.9850985407829285,0.5757685829369179,0.8749810457229614,0.7777478098869324,0.9055489301681519,0.8500508069992065,0.9408565163612366,0.9213778376579285,0.8542174100875854,0.9548195004463196,0.9042463898658752,0.9757551550865173
130,0.5843311786130779,0.9173628091812134,0.8473409414291382,0.9511246085166931,0.8753982186317444,0.9851305484771729,0.5644407474334155,0.8751345276832581,0.7779903411865234,0.9056500792503357,0.8503340482711792,0.9408416748046875,0.9213778376579285,0.8542174100875854,0.9548195004463196,0.9042463898658752,0.9757551550865173
131,0.583132817660988,0.9177625775337219,0.8480232357978821,0.9513471722602844,0.8760294318199158,0.9851695895195007,0.5645279334608007,0.8752662539482117,0.7781986594200134,0.9057454466819763,0.8504995703697205,0.9408925175666809,0.9213778376579285,0.8542174100875854,0.9548195004463196,0.9042463898658752,0.9757551550865173
132,0.5847436970193316,0.918154776096344,0.8486931920051575,0.9515669345855713,0.876626193523407,0.9852200150489807,0.5946718679068397,0.8754371404647827,0.7784688472747803,0.9058540463447571,0.8508511185646057,0.9408465623855591,0.9213778376579285,0.8542174100875854,0.9548195004463196,0.9042463898658752,0.9757551550865173
133,0.5860090170064716,0.9185449481010437,0.8493602871894836,0.9517862200737,0.8772091269493103,0.9852759838104248,0.6191048948259723,0.875613272190094,0.7787473797798157,0.9059705138206482,0.8511730432510376,0.940832257270813,0.9213778376579285,0.8542174100875854,0.9548195004463196,0.9042463898658752,0.9757551550865173
134,0.5854453445658292,0.9189475774765015,0.8500490784645081,0.9520124197006226,0.8778152465820312,0.9853317141532898,0.6178981849287859,0.8757571578025818,0.7789750099182129,0.9060521721839905,0.8515588641166687,0.9407203793525696,0.9213778376579285,0.8542174100875854,0.9548195004463196,0.9042463898658752,0.9757551550865173
135,0.5789281181697695,0.91934734582901,0.8507334589958191,0.952237069606781,0.8784192204475403,0.9853859543800354,0.5148556582889144,0.8759093284606934,0.779215931892395,0.9061350226402283,0.8519989848136902,0.9405760169029236,0.9213778376579285,0.8542174100875854,0.9548195004463196,0.9042463898658752,0.9757551550865173
136,0.5824916788113106,0.9197570085525513,0.8514353036880493,0.9524673223495483,0.8790391087532043,0.985441267490387,0.5792237649273828,0.8760420083999634,0.7794259190559387,0.9062001705169678,0.8524482846260071,0.9403967261314392,0.9213778376579285,0.8542174100875854,0.9548195004463196,0.9042463898658752,0.9757551550865173
137,0.582608725272575,0.9201423525810242,0.8520960211753845,0.952683687210083,0.8796284794807434,0.985490083694458,0.5711075927162643,0.8761924505233765,0.7796640992164612,0.9062691926956177,0.8530027270317078,0.9401569366455078,0.9213778376579285,0.8542174100875854,0.9548195004463196,0.9042463898658752,0.9757551550865173
138,0.5840588683949638,0.9205135703086853,0.8527328372001648,0.9528927803039551,0.880185067653656,0.9855431318283081,0.5930863714680745,0.8763570785522461,0.7799248695373535,0.906356692314148,0.8535009026527405,0.9399832487106323,0.9213778376579285,0.8542174100875854,0.9548195004463196,0.9042463898658752,0.9757551550865173
139,0.584567492484046,0.9208943247795105,0.853386402130127,0.953106701374054,0.8807691335678101,0.9855908751487732,0.6054616713283623,0.8765009045600891,0.7801528573036194,0.9064456820487976,0.8538234829902649,0.9399235844612122,0.9213778376579285,0.8542174100875854,0.9548195004463196,0.9042463898658752,0.9757551550865173
140,0.5839855778994928,0.9212775230407715,0.8540449142456055,0.9533221125602722,0.8813573122024536,0.9856387972831726,0.5999569069498556,0.8766539096832275,0.7803951501846313,0.9065440893173218,0.8541316390037537,0.939888596534729,0.9213778376579285,0.8542174100875854,0.9548195004463196,0.9042463898658752,0.9757551550865173
141,0.5846929926796489,0.9216510653495789,0.8546872138977051,0.9535324573516846,0.8819267153739929,0.9856880307197571,0.6104437443589608,0.8767458200454712,0.780540943145752,0.9065899848937988,0.8544384241104126,0.9397684931755066,0.9213778376579285,0.8542174100875854,0.9548195004463196,0.9042463898658752,0.9757551550865173
142,0.5843355951510436,0.922031044960022,0.8553409576416016,0.9537463188171387,0.8825096487998962,0.9857361912727356,0.6099549440870222,0.8768947124481201,0.7807769775390625,0.9066818356513977,0.8547764420509338,0.9397037029266357,0.9213778376579285,0.8542174100875854,0.9548195004463196,0.9042463898658752,0.9757551550865173
143,0.583001150430967,0.9224075675010681,0.8559893369674683,0.9539582133293152,0.8830903768539429,0.9857823848724365,0.5887504458374995,0.8770074844360352,0.7809557914733887,0.9067513346672058,0.8550334572792053,0.9396538138389587,0.9213778376579285,0.8542174100875854,0.9548195004463196,0.9042463898658752,0.9757551550865173
144,0.5815960206581531,0.9227797389030457,0.8566305637359619,0.9541683793067932,0.8836542367935181,0.9858336448669434,0.569049801846278,0.8771069645881653,0.7811135053634644,0.9068102836608887,0.8552810549736023,0.9395927786827087,0.9213778376579285,0.8542174100875854,0.9548195004463196,0.9042463898658752,0.9757551550865173
145,0.5817148952784308,0.923150360584259,0.8572694063186646,0.9543777108192444,0.8842130303382874,0.9858861565589905,0.5735576218316372,0.877246618270874,0.7813350558280945,0.906899631023407,0.8555690050125122,0.9395558834075928,0.9213778376579285,0.8542174100875854,0.9548195004463196,0.9042463898658752,0.9757551550865173
146,0.5853558414273891,0.9235146045684814,0.8578978776931763,0.9545837640762329,0.8847599625587463,0.9859391450881958,0.632155842138977,0.877362072467804,0.7815182209014893,0.9069606065750122,0.8559269905090332,0.9394277334213257,0.9213778376579285,0.8542174100875854,0.9548195004463196,0.9042463898658752,0.9757551550865173
147,0.5814725502730409,0.9238754510879517,0.8585209846496582,0.95478755235672,0.8853118419647217,0.985986590385437,0.5684875218006722,0.8774827122688293,0.7817097902297974,0.9070297479629517,0.8562503457069397,0.939335286617279,0.9213778376579285,0.8542174100875854,0.9548195004463196,0.9042463898658752,0.9757551550865173
148,0.5850447135045388,0.9242401719093323,0.8591511845588684,0.9549936652183533,0.8858681917190552,0.9860354661941528,0.6306810204820442,0.8776130080223083,0.7819165587425232,0.9071140885353088,0.8565114140510559,0.9393071532249451,0.9213778376579285,0.8542174100875854,0.9548195004463196,0.9042463898658752,0.9757551550865173
149,0.5809594085579963,0.9246038794517517,0.8597797155380249,0.9551994204521179,0.8864192962646484,0.9860861897468567,0.5679960738869394,0.8777105808258057,0.7820713520050049,0.9071732759475708,0.856743574142456,0.9392563104629517,0.9213778376579285,0.8542174100875854,0.9548195004463196,0.9042463898658752,0.9757551550865173
150,0.5777530493789225,0.9249629974365234,0.8604012131690979,0.955403208732605,0.8869560956954956,0.9861403703689575,0.5191172647915749,0.8778248429298401,0.7822529673576355,0.9072384238243103,0.8570548892021179,0.9391648769378662,0.9213778376579285,0.8542174100875854,0.9548195004463196,0.9042463898658752,0.9757551550865173
151,0.5822157348577817,0.9253154397010803,0.8610111474990845,0.9556027054786682,0.8874936103820801,0.9861879944801331,0.586940929540509,0.8779374361038208,0.7824319005012512,0.907314658164978,0.8572503924369812,0.9391652941703796,0.9213778376579285,0.8542174100875854,0.9548195004463196,0.9042463898658752,0.9757551550865173
152,0.5831292550414043,0.9256531000137329,0.8615961074829102,0.9557942748069763,0.8880000710487366,0.9862382411956787,0.5983357246740292,0.87800133228302,0.7825333476066589,0.9073481559753418,0.8574516773223877,0.9390920400619507,0.9213778376579285,0.8542174100875854,0.9548195004463196,0.9042463898658752,0.9757551550865173
153,0.5824483823299849,0.9259890913963318,0.8621785044670105,0.9559844136238098,0.8885194063186646,0.9862805008888245,0.585261182164306,0.8780755996704102,0.7826513051986694,0.907394528388977,0.8576173186302185,0.9390624761581421,0.9213778376579285,0.8542174100875854,0.9548195004463196,0.9042463898658752,0.9757551550865173
154,0.5809158545807614,0.9263101816177368,0.8627352118492126,0.9561665058135986,0.8890044689178467,0.9863265752792358,0.5578223593825304,0.8781713247299194,0.7828034162521362,0.9074521064758301,0.8578510284423828,0.9390079975128174,0.9213778376579285,0.8542174100875854,0.9548195004463196,0.9042463898658752,0.9757551550865173
155,0.583563965658444,0.9266409873962402,0.8633094429969788,0.9563544392585754,0.8895034790039062,0.9863747358322144,0.6081666364054878,0.8782786130905151,0.7829740643501282,0.9075254797935486,0.8580321073532104,0.9390127658843994,0.9213778376579285,0.8542174100875854,0.9548195004463196,0.9042463898658752,0.9757551550865173
156,0.5835247673199757,0.9269653558731079,0.8638726472854614,0.9565384984016418,0.8899965882301331,0.9864201545715332,0.6055229505366115,0.8783644437789917,0.7831104397773743,0.9075808525085449,0.8582067489624023,0.9389922618865967,0.9213778376579285,0.8542174100875854,0.9548195004463196,0.9042463898658752,0.9757551550865173
157,0.5855296654164155,0.9272732734680176,0.8644077777862549,0.9567135572433472,0.8904625177383423,0.9864644408226013,0.6314845816490515,0.878451406955719,0.7832486629486084,0.9076457619667053,0.8583020567893982,0.9390379190444946,0.9213778376579285,0.8542174100875854,0.9548195004463196,0.9042463898658752,0.9757551550865173
158,0.5808920657120992,0.9275762438774109,0.8649342656135559,0.956885576248169,0.8909228444099426,0.9865070581436157,0.5562117433305944,0.8785322904586792,0.7833772301673889,0.9076987504959106,0.8584601879119873,0.9390239119529724,0.9213778376579285,0.8542174100875854,0.9548195004463196,0.9042463898658752,0.9757551550865173
159,0.5813919239748142,0.9278700351715088,0.8654454350471497,0.9570522904396057,0.8913751840591431,0.9865455627441406,0.56004208998317,0.878617525100708,0.7835128307342529,0.9077483415603638,0.8586851358413696,0.938961923122406,0.9213778376579285,0.8542174100875854,0.9548195004463196,0.9042463898658752,0.9757551550865173
160,0.5831917850241497,0.9281635880470276,0.8659563660621643,0.9572190642356873,0.8918260931968689,0.9865846037864685,0.5909768113009652,0.8787280321121216,0.7836885452270508,0.9078185558319092,0.8589207530021667,0.9389270544052124,0.9213778376579285,0.8542174100875854,0.9548195004463196,0.9042463898658752,0.9757551550865173
161,0.584180088525452,0.9284181594848633,0.8663997054100037,0.9573640823364258,0.8922073245048523,0.9866236448287964,0.5892931150793999,0.8788260817527771,0.7838445901870728,0.9078701734542847,0.8592305779457092,0.9388143420219421,0.9213778376579285,0.8542174100875854,0.9548195004463196,0.9042463898658752,0.9757551550865173
162,0.5824188227537515,0.9286668300628662,0.8668328523635864,0.9575046300888062,0.8926052451133728,0.9866485595703125,0.5532984176754352,0.8789396286010742,0.7840251922607422,0.9079415202140808,0.8594809174537659,0.9387718439102173,0.9213778376579285,0.8542174100875854,0.9548195004463196,0.9042463898658752,0.9757551550865173
163,0.582379867740836,0.9289063215255737,0.8672503232955933,0.9576399326324463,0.8929924964904785,0.986670732498169,0.5481612633149531,0.8790372014045715,0.7841805815696716,0.9080071449279785,0.8596569895744324,0.93876713514328,0.9213778376579285,0.8542174100875854,0.9548195004463196,0.9042463898658752,0.9757551550865173
164,0.5831964544530412,0.929144024848938,0.8676647543907166,0.9577742218971252,0.8933753967285156,0.9866933822631836,0.562242016601362,0.8790619373321533,0.7842198610305786,0.9079989790916443,0.8599323034286499,0.9385787844657898,0.9213778376579285,0.8542174100875854,0.9548195004463196,0.9042463898658752,0.9757551550865173
165,0.5824768367432979,0.9293908476829529,0.8680953979492188,0.9579146504402161,0.8937538266181946,0.9867268800735474,0.5626551373723097,0.8791980743408203,0.7844365835189819,0.9080777168273926,0.8602984547615051,0.9384745955467224,0.9213778376579285,0.8542174100875854,0.9548195004463196,0.9042463898658752,0.9757551550865173
166,0.587360484602491,0.9295762777328491,0.8684189915657043,0.9580197930335999,0.8940473198890686,0.9867475032806396,0.603843691073175,0.8792859315872192,0.7845765352249146,0.9081242084503174,0.8605756163597107,0.9383742809295654,0.9213778376579285,0.8542174100875854,0.9548195004463196,0.9042463898658752,0.9757551550865173
167,0.5857820225339749,0.92976975440979,0.8687567710876465,0.9581279158592224,0.8943877220153809,0.9867513179779053,0.5758304558679783,0.8793591856956482,0.78469318151474,0.9081779718399048,0.8606656789779663,0.93840491771698,0.9213778376579285,0.8542174100875854,0.9548195004463196,0.9042463898658752,0.9757551550865173
168,0.5843381920885,0.9299920201301575,0.869144856929779,0.9582533240318298,0.8947533965110779,0.9867687821388245,0.5761586499752736,0.879440188407898,0.7848222851753235,0.9082461595535278,0.8606836199760437,0.9385051727294922,0.9213778376579285,0.8542174100875854,0.9548195004463196,0.9042463898658752,0.9757551550865173
169,0.5839320503847963,0.9302259087562561,0.8695535659790039,0.9583863615989685,0.8951148390769958,0.986799418926239,0.5838767338367967,0.8794919848442078,0.7849047183990479,0.9082666635513306,0.8609119057655334,0.9383934736251831,0.9213778376579285,0.8542174100875854,0.9548195004463196,0.9042463898658752,0.9757551550865173
170,0.582282651109149,0.9304736852645874,0.8699866533279419,0.9585270285606384,0.8955075740814209,0.9868267774581909,0.5650329081077908,0.8795433640480042,0.7849864959716797,0.9083057641983032,0.8609616160392761,0.9384258389472961,0.9213778376579285,0.8542174100875854,0.9548195004463196,0.9042463898658752,0.9757551550865173
171,0.5817757304495155,0.9307271838188171,0.8704302310943604,0.9586711525917053,0.8959063291549683,0.9868566393852234,0.5630016262678583,0.8796086311340332,0.7850905060768127,0.9083512425422668,0.8610657453536987,0.9384339451789856,0.9213778376579285,0.8542174100875854,0.9548195004463196,0.9042463898658752,0.9757551550865173
172,0.5818527550361916,0.9309963583946228,0.8709009885787964,0.9588244557380676,0.896324098110199,0.986890971660614,0.576875206018318,0.8796889781951904,0.7852185368537903,0.9084095358848572,0.8611719608306885,0.9384616017341614,0.9213778376579285,0.8542174100875854,0.9548195004463196,0.9042463898658752,0.9757551550865173
173,0.5819121556328101,0.931258499622345,0.8713598847389221,0.9589741826057434,0.8967226147651672,0.986929178237915,0.577936822986443,0.8797642588615417,0.7853385210037231,0.9084523320198059,0.8613815307617188,0.9383984804153442,0.9213778376579285,0.8542174100875854,0.9548195004463196,0.9042463898658752,0.9757551550865173
174,0.5801250698213831,0.9315268397331238,0.8718299269676208,0.9591277241706848,0.8971267938613892,0.986970067024231,0.5561577553193449,0.879842221736908,0.7854627370834351,0.9085037708282471,0.8615320920944214,0.9383867979049683,0.9213778376579285,0.8542174100875854,0.9548195004463196,0.9042463898658752,0.9757551550865173
175,0.5786196293794735,0.9317994117736816,0.8723074197769165,0.9592835307121277,0.897538959980011,0.9870108962059021,0.5361103018866553,0.8799208998680115,0.7855881452560425,0.9085503816604614,0.8617345690727234,0.9383342862129211,0.9213778376579285,0.8542174100875854,0.9548195004463196,0.9042463898658752,0.9757551550865173
176,0.5830036883223108,0.9320744276046753,0.872789740562439,0.9594411849975586,0.8979503512382507,0.9870544672012329,0.6111646113838856,0.8799974918365479,0.7857100963592529,0.908595085144043,0.8619377613067627,0.9382781982421875,0.9213778376579285,0.8542174100875854,0.9548195004463196,0.9042463898658752,0.9757551550865173
177,0.5803275557397986,0.932352602481842,0.8732776641845703,0.9596003293991089,0.898373544216156,0.9870949983596802,0.5704478957959146,0.8800868988037109,0.7858527302742004,0.9086480736732483,0.8621678948402405,0.9382184743881226,0.9213778376579285,0.8542174100875854,0.9548195004463196,0.9042463898658752,0.9757551550865173
178,0.5794094064255186,0.932630181312561,0.8737649321556091,0.9597592353820801,0.8987933397293091,0.9871369004249573,0.5580894756227825,0.8801700472831726,0.7859854102134705,0.9086999893188477,0.8623576760292053,0.9381827116012573,0.9213778376579285,0.8542174100875854,0.9548195004463196,0.9042463898658752,0.9757551550865173
179,0.5811338362352679,0.9329037666320801,0.8742451667785645,0.9599159955978394,0.899206280708313,0.9871785044670105,0.585366026216511,0.880252480506897,0.7861168384552002,0.90874844789505,0.8625741004943848,0.9381242394447327,0.9213778376579285,0.8542174100875854,0.9548195004463196,0.9042463898658752,0.9757551550865173
180,0.5776425692386423,0.9331742525100708,0.8747203946113586,0.9600710272789001,0.8996142148971558,0.987220048904419,0.5298350944811514,0.8803306818008423,0.7862416505813599,0.9087992906570435,0.8627330660820007,0.9381064772605896,0.9213778376579285,0.8542174100875854,0.9548195004463196,0.9042463898658752,0.9757551550865173
181,0.5814516125694569,0.9334436655044556,0.8751940131187439,0.9602256417274475,0.9000194668769836,0.9872620105743408,0.5922758494190208,0.8803991675376892,0.7863507866859436,0.9088340401649475,0.8629650473594666,0.9380155801773071,0.9213778376579285,0.8542174100875854,0.9548195004463196,0.9042463898658752,0.9757551550865173
182,0.5803518126198219,0.9337086081504822,0.8756598234176636,0.9603776335716248,0.9004175662994385,0.9873035550117493,0.5738853191899875,0.8804830312728882,0.7864846587181091,0.9088840484619141,0.8631792664527893,0.9379611611366272,0.9213778376579285,0.8542174100875854,0.9548195004463196,0.9042463898658752,0.9757551550865173
183,0.5809454865473557,0.9339748024940491,0.8761283755302429,0.9605302214622498,0.9008233547210693,0.9873424768447876,0.5847584984178316,0.8805604577064514,0.7866083383560181,0.9089295864105225,0.8633840680122375,0.9379053711891174,0.9213778376579285,0.8542174100875854,0.9548195004463196,0.9042463898658752,0.9757551550865173
184,0.579528759955945,0.9342421889305115,0.8765990138053894,0.9606837630271912,0.9012267589569092,0.9873836636543274,0.5658916159162671,0.8806148767471313,0.7866951823234558,0.9089664816856384,0.8634806275367737,0.9379042983055115,0.9213778376579285,0.8542174100875854,0.9548195004463196,0.9042463898658752,0.9757551550865173
185,0.5814288865030464,0.9344983100891113,0.87704998254776,0.9608309268951416,0.9016097784042358,0.9874250888824463,0.5916368472178579,0.8806805610656738,0.7868000864982605,0.9090097546577454,0.8636103272438049,0.9378925561904907,0.9213778376579285,0.8542174100875854,0.9548195004463196,0.9042463898658752,0.9757551550865173
186,0.5802586906128824,0.9347543716430664,0.877501368522644,0.9609782099723816,0.9019923210144043,0.9874666333198547,0.5751694788470088,0.8807598352432251,0.7869264483451843,0.9090515375137329,0.8638640642166138,0.9377996325492859,0.9213778376579285,0.8542174100875854,0.9548195004463196,0.9042463898658752,0.9757551550865173
187,0.5778167647580892,0.9350100159645081,0.8779518604278564,0.961124837398529,0.9023835062980652,0.9875034689903259,0.5349280653918487,0.8808301687240601,0.7870388031005859,0.9090894460678101,0.8640834093093872,0.9377219676971436,0.9213778376579285,0.8542174100875854,0.9548195004463196,0.9042463898658752,0.9757551550865173
188,0.581277408554203,0.9352641701698303,0.8784002065658569,0.9612708687782288,0.902769923210144,0.9875414967536926,0.5920323085452303,0.8808867931365967,0.787129282951355,0.9091219902038574,0.8642399907112122,0.9376755952835083,0.9213778376579285,0.8542174100875854,0.9548195004463196,0.9042463898658752,0.9757551550865173
189,0.5807498551422559,0.9355045557022095,0.8788243532180786,0.9614091515541077,0.9031305909156799,0.9875799417495728,0.5776413547519913,0.8809710144996643,0.7872637510299683,0.9091737866401672,0.8644415736198425,0.937632143497467,0.9213778376579285,0.8542174100875854,0.9548195004463196,0.9042463898658752,0.9757551550865173
190,0.582629088444886,0.935745120048523,0.8792491555213928,0.9615473747253418,0.9034978151321411,0.9876154065132141,0.6079231210936424,0.8810270428657532,0.7873533964157104,0.9092111587524414,0.8645482063293457,0.9376254081726074,0.9213778376579285,0.8542174100875854,0.9548195004463196,0.9042463898658752,0.9757551550865173
191,0.5814935986355285,0.9359897375106812,0.8796811699867249,0.9616881608963013,0.9038673639297485,0.9876533150672913,0.5950971991160019,0.8810877799987793,0.78745037317276,0.9092499017715454,0.8646799921989441,0.9376049637794495,0.9213778376579285,0.8542174100875854,0.9548195004463196,0.9042463898658752,0.9757551550865173
192,0.5808470499177292,0.9362325072288513,0.8801100850105286,0.9618279337882996,0.9042320251464844,0.98769211769104,0.5859570069421118,0.8811599612236023,0.7875655889511108,0.9092979431152344,0.8648176789283752,0.9375960826873779,0.9213778376579285,0.8542174100875854,0.9548195004463196,0.9042463898658752,0.9757551550865173
193,0.5805128701997059,0.9364749193191528,0.8805386424064636,0.9619675278663635,0.9045968055725098,0.9877306222915649,0.5820676104472602,0.8812233209609985,0.7876669764518738,0.9093353748321533,0.8649846315383911,0.9375510215759277,0.9213778376579285,0.8542174100875854,0.9548195004463196,0.9042463898658752,0.9757551550865173
194,0.581787373412624,0.9367210865020752,0.8809739947319031,0.9621092081069946,0.9049710631370544,0.9877678155899048,0.6058323009845585,0.8812880516052246,0.7877703309059143,0.9093738794326782,0.86515212059021,0.9375075697898865,0.9213778376579285,0.8542174100875854,0.9548195004463196,0.9042463898658752,0.9757551550865173
195,0.579337548578954,0.9369639754295349,0.8814037442207336,0.962249219417572,0.9053353667259216,0.9878072142601013,0.5676640318317524,0.8813512325286865,0.7878713607788086,0.9094125032424927,0.8653059601783752,0.9374728202819824,0.9213778376579285,0.8542174100875854,0.9548195004463196,0.9042463898658752,0.9757551550865173
196,0.5785298516119031,0.9372051954269409,0.8818308711051941,0.962388277053833,0.9056993126869202,0.987845242023468,0.5547031645598908,0.8814138174057007,0.7879711985588074,0.909450113773346,0.8654639720916748,0.9374338388442993,0.9213778376579285,0.8542174100875854,0.9548195004463196,0.9042463898658752,0.9757551550865173
197,0.5773487757061392,0.9374458193778992,0.8822569251060486,0.9625271558761597,0.9060577154159546,0.9878855347633362,0.5384410030796472,0.8814839720726013,0.7880833745002747,0.9094923734664917,0.8656405806541443,0.9373906254768372,0.9213778376579285,0.8542174100875854,0.9548195004463196,0.9042463898658752,0.9757551550865173
198,0.5802842209859731,0.9376834034919739,0.8826779127120972,0.9626640677452087,0.9064189195632935,0.9879217147827148,0.5830355311284252,0.8815428018569946,0.788177490234375,0.9095311164855957,0.8657580614089966,0.9373793601989746,0.9213778376579285,0.8542174100875854,0.9548195004463196,0.9042463898658752,0.9757551550865173
199,0.579646159084319,0.9379113912582397,0.8830820322036743,0.9627955555915833,0.9067631363868713,0.987957775592804,0.5685964647744755,0.8815891742706299,0.7882516980171204,0.9095563888549805,0.865900993347168,0.9373296499252319,0.9213778376579285,0.8542174100875854,0.9548195004463196,0.9042463898658752,0.9757551550865173
