,train_loss,train_dice,train_iou,train_acc,train_sens,train_spec,val_loss,val_dice,val_iou,val_acc,val_sens,val_spec,test_dice,test_iou,test_acc,test_sens,test_spec
0,0.7170608145110955,9.19418380362913e-06,4.597113274940057e-06,0.6957404017448425,4.59725333712413e-06,0.9999866485595703,0.693152467395325,0.0,0.0,0.6111747622489929,0.0,1.0,0.0,0.0,0.7072296142578125,0.0,1.0
1,0.6931472303022158,4.584534963214537e-06,2.2922727112018038e-06,0.6949055790901184,2.2923074993741466e-06,0.9999933242797852,0.693147183746283,0.0,0.0,0.6111747622489929,0.0,1.0,0.0,0.0,0.7072296142578125,0.0,1.0
2,0.6931471824814173,3.0604467156081228e-06,1.5302257452276535e-06,0.6953128576278687,1.5302412066375837e-06,0.9999955296516418,0.6931471824646445,0.0,0.0,0.6111747622489929,0.0,1.0,0.0,0.0,0.7072296142578125,0.0,1.0
3,0.6931471824648319,2.294283149240073e-06,1.1471428251752513e-06,0.6951729655265808,1.147151579061756e-06,0.9999967217445374,0.6931471824645997,0.0,0.0,0.6111747622489929,0.0,1.0,0.0,0.0,0.7072296142578125,0.0,1.0
4,0.693147182464608,1.8361777165409876e-06,9.180897109217767e-07,0.6952975392341614,9.180952815768251e-07,0.9999973773956299,0.6931471824645996,0.0,0.0,0.6111747622489929,0.0,1.0,0.0,0.0,0.7072296142578125,0.0,1.0
5,0.6931471824645996,1.5308686442949693e-06,7.654348905816732e-07,0.6954408288002014,7.654388127775746e-07,0.9999977350234985,0.6931471824645996,0.0,0.0,0.6111747622489929,0.0,1.0,0.0,0.0,0.7072296142578125,0.0,1.0
6,0.6931471824645996,1.3122519249009201e-06,6.561263603543921e-07,0.6954590678215027,6.56129259368754e-07,0.9999980926513672,0.6931471824645996,0.0,0.0,0.6111747622489929,0.0,1.0,0.0,0.0,0.7072296142578125,0.0,1.0
7,0.6931471824645996,1.1478231272121775e-06,5.739119046666019e-07,0.695353627204895,5.739140647165186e-07,0.9999983310699463,0.6931471824645996,0.0,0.0,0.6111747622489929,0.0,1.0,0.0,0.0,0.7072296142578125,0.0,1.0
8,0.6931471824645996,1.0204593081653002e-06,5.102299382997444e-07,0.6954049468040466,5.102316436023102e-07,0.9999985098838806,0.6931471824645996,0.0,0.0,0.6111747622489929,0.0,1.0,0.0,0.0,0.7072296142578125,0.0,1.0
9,0.6931471824646271,9.184843747789273e-07,4.592424147631391e-07,0.6954284906387329,4.5924377900519175e-07,0.9999986886978149,0.6931471824645996,0.0,0.0,0.6111747622489929,0.0,1.0,0.0,0.0,0.7072296142578125,0.0,1.0
10,0.6931471824645996,8.350335178874957e-07,4.1751687263058557e-07,0.6954458355903625,4.175180947640911e-07,0.9999987483024597,0.6931471824645996,0.0,0.0,0.6111747622489929,0.0,1.0,0.0,0.0,0.7072296142578125,0.0,1.0
11,0.6931471824645996,7.651079272363859e-07,3.8255407730503066e-07,0.695310652256012,3.825550720648607e-07,0.999998927116394,0.6931471824645996,0.0,0.0,0.6111747622489929,0.0,1.0,0.0,0.0,0.7072296142578125,0.0,1.0
12,0.6931471824645996,7.063897555781296e-07,3.5319501989761193e-07,0.6953694820404053,3.53195815705476e-07,0.9999988675117493,0.6931471824645996,0.0,0.0,0.6111747622489929,0.0,1.0,0.0,0.0,0.7072296142578125,0.0,1.0
13,0.6931471824645996,6.55960207041062e-07,3.279802172073687e-07,0.6953818798065186,3.2798092775010446e-07,0.9999990463256836,0.6931471824645996,0.0,0.0,0.6111747622489929,0.0,1.0,0.0,0.0,0.7072296142578125,0.0,1.0
14,0.6931471824645996,6.122750733084104e-07,3.0613762191933347e-07,0.6954045295715332,3.0613824719694094e-07,0.9999991059303284,0.6931471824645996,0.0,0.0,0.6111747622489929,0.0,1.0,0.0,0.0,0.7072296142578125,0.0,1.0
15,0.6931471824645996,5.740890287597722e-07,2.8704457122330496e-07,0.695447564125061,2.8704511123578413e-07,0.9999991655349731,0.6931471824645996,0.0,0.0,0.6111747622489929,0.0,1.0,0.0,0.0,0.7072296142578125,0.0,1.0
16,0.6931471824645996,5.401997782428225e-07,2.7009997438653954e-07,0.6953803300857544,2.701004859773093e-07,0.9999992251396179,0.6931471824645996,0.0,0.0,0.6111747622489929,0.0,1.0,0.0,0.0,0.7072296142578125,0.0,1.0
17,0.6931471824645996,5.101380224914465e-07,2.550690680891421e-07,0.6953501105308533,2.5506949441478355e-07,0.9999992847442627,0.6931471824645996,0.0,0.0,0.6111747622489929,0.0,1.0,0.0,0.0,0.7072296142578125,0.0,1.0
18,0.6931471824645996,4.832944000554562e-07,2.4164725687114696e-07,0.6953536868095398,2.41647654775079e-07,0.9999992847442627,0.6931471824645996,0.0,0.0,0.6111747622489929,0.0,1.0,0.0,0.0,0.7072296142578125,0.0,1.0
19,0.6931471824645996,4.5920387492515147e-07,2.296019943059946e-07,0.6954028606414795,2.2960233536650776e-07,0.9999993443489075,0.6931471824645996,0.0,0.0,0.6111747622489929,0.0,1.0,0.0,0.0,0.7072296142578125,0.0,1.0
20,0.6931471824645998,4.373058857254364e-07,2.1865299970613705e-07,0.6953811645507812,2.1865331234494079e-07,0.9999993443489075,0.6931471824645996,0.0,0.0,0.6111748218536377,0.0,1.0,0.0,0.0,0.7072296142578125,0.0,1.0
21,0.6931471824645996,4.173792262918141e-07,2.086896557784712e-07,0.6953453421592712,2.086899399955655e-07,0.9999994039535522,0.6931471824645996,0.0,0.0,0.6111747622489929,0.0,1.0,0.0,0.0,0.7072296142578125,0.0,1.0
22,0.6931471824645996,3.9928460182636627e-07,1.9964234354574728e-07,0.6953852772712708,1.9964259934113215e-07,0.9999994039535522,0.6931471824645996,0.0,0.0,0.6111747622489929,0.0,1.0,0.0,0.0,0.7072296142578125,0.0,1.0
23,0.6931471824645997,3.826351644420356e-07,1.9131761064272723e-07,0.6953752040863037,1.913178664381121e-07,0.999999463558197,0.6931471824645996,0.0,0.0,0.6111747622489929,0.0,1.0,0.0,0.0,0.7072296142578125,0.0,1.0
24,0.6931471824645996,3.673213200272585e-07,1.8366068843533867e-07,0.695368230342865,1.8366091580901411e-07,0.9999994039535522,0.6931471824645996,0.0,0.0,0.6111748218536377,0.0,1.0,0.0,0.0,0.7072296142578125,0.0,1.0
25,0.6931471824645996,3.5323523661645595e-07,1.7661766094079212e-07,0.6954042315483093,1.7661787410361285e-07,0.9999995231628418,0.6931471824645996,0.0,0.0,0.6111747622489929,0.0,1.0,0.0,0.0,0.7072296142578125,0.0,1.0
26,0.6931471824645996,3.401297590244212e-07,1.7006490793392004e-07,0.6953838467597961,1.7006510688588605e-07,0.9999995827674866,0.6931471824645996,0.0,0.0,0.6111747622489929,0.0,1.0,0.0,0.0,0.7072296142578125,0.0,1.0
27,0.6931471824645997,3.2792584647722833e-07,1.639629516603236e-07,0.6953313946723938,1.639631364014349e-07,0.9999995827674866,0.6931471824645996,0.0,0.0,0.6111747622489929,0.0,1.0,0.0,0.0,0.7072296142578125,0.0,1.0
28,0.6931471824645996,3.16628103291805e-07,1.5831409427846665e-07,0.6953410506248474,1.583142363870138e-07,0.9999995827674866,0.6931471824645996,0.0,0.0,0.6111748218536377,0.0,1.0,0.0,0.0,0.7072296142578125,0.0,1.0
29,0.6931471824645996,3.0608356382799684e-07,1.5304181033570785e-07,0.6953507661819458,1.5304196665510972e-07,0.9999995231628418,0.6931471824645996,0.0,0.0,0.6111747622489929,0.0,1.0,0.0,0.0,0.7072296142578125,0.0,1.0
30,0.6931471824645996,2.962078156087955e-07,1.481039504369619e-07,0.6953486204147339,1.4810409254550905e-07,0.9999996423721313,0.6931471824645996,0.0,0.0,0.6111747622489929,0.0,1.0,0.0,0.0,0.7072296142578125,0.0,1.0
31,0.6931471824646,2.8692724640677625e-07,1.4346365162509755e-07,0.6953230500221252,1.434637937336447e-07,0.9999995231628418,0.6931471824645996,0.0,0.0,0.6111747622489929,0.0,1.0,0.0,0.0,0.7072296142578125,0.0,1.0
32,0.6931471824645996,2.782620640573441e-07,1.3913106045038148e-07,0.6953554153442383,1.391311741372192e-07,0.9999996423721313,0.6931471824645996,0.0,0.0,0.6111748218536377,0.0,1.0,0.0,0.0,0.7072296142578125,0.0,1.0
33,0.6931471824645996,2.7006706204701914e-07,1.35033559445219e-07,0.6953431963920593,1.35033658921202e-07,0.9999996423721313,0.6931471824645996,0.0,0.0,0.6111747622489929,0.0,1.0,0.0,0.0,0.7072296142578125,0.0,1.0
34,0.6931471824645996,2.623428372316994e-07,1.3117144703755912e-07,0.6953339576721191,1.3117156072439684e-07,0.9999996423721313,0.6931471824646,0.0,0.0,0.6111747622489929,0.0,1.0,0.0,0.0,0.7072296142578125,0.0,1.0
35,0.6931471824645996,2.5505420353511e-07,1.2752713018926443e-07,0.6953322887420654,1.2752722966524743e-07,0.9999997019767761,0.6931471824645996,0.0,0.0,0.6111747622489929,0.0,1.0,0.0,0.0,0.7072296142578125,0.0,1.0
36,0.6931471824645996,2.481836816059513e-07,1.2409185501383035e-07,0.6953603625297546,1.2409196870066808e-07,0.9999995827674866,0.6931471824645996,0.0,0.0,0.6111748218536377,0.0,1.0,0.0,0.0,0.7072296142578125,0.0,1.0
37,0.6931471824645996,2.4165370859918767e-07,1.2082688272130326e-07,0.695361852645874,1.2082698219728627e-07,0.9999996423721313,0.6931471824645996,0.0,0.0,0.6111747622489929,0.0,1.0,0.0,0.0,0.7072296142578125,0.0,1.0
38,0.6931471824645996,2.3543978500129015e-07,1.1771991381692715e-07,0.6953389644622803,1.1771999908205544e-07,0.9999996423721313,0.6931471824645996,0.0,0.0,0.6111747622489929,0.0,1.0,0.0,0.0,0.7072296142578125,0.0,1.0
39,0.6931471824646003,2.2958006695716904e-07,1.1479004768943923e-07,0.6953738331794739,1.1479014005999488e-07,0.9999997019767761,0.6931471824646053,0.0,0.0,0.6111747622489929,0.0,1.0,0.0,0.0,0.7072296142578125,0.0,1.0
40,0.6931471824645996,2.2397220789116545e-07,1.119861252618648e-07,0.6953624486923218,1.1198620342156573e-07,0.9999996423721313,0.6931471824645996,0.0,0.0,0.6111748218536377,0.0,1.0,0.0,0.0,0.7072296142578125,0.0,1.0
41,0.6931471824645996,2.186492196187828e-07,1.0932462402024612e-07,0.6953759789466858,1.093246950745197e-07,0.9999996423721313,0.6931471824645996,0.0,0.0,0.6111748218536377,0.0,1.0,0.0,0.0,0.7072296142578125,0.0,1.0
42,0.6931471824645996,2.1356237311920268e-07,1.0678120787588341e-07,0.6953731179237366,1.0678127182472963e-07,0.9999997019767761,0.6931471824645996,0.0,0.0,0.6111747622489929,0.0,1.0,0.0,0.0,0.7072296142578125,0.0,1.0
43,0.6931471824645996,2.0869777017651359e-07,1.0434889929911151e-07,0.6953571438789368,1.0434896324795773e-07,0.9999997615814209,0.6931471824645996,0.0,0.0,0.6111747622489929,0.0,1.0,0.0,0.0,0.7072296142578125,0.0,1.0
44,0.6931471824645996,2.0406871215072897e-07,1.020343702862192e-07,0.6953701376914978,1.0203444134049278e-07,0.9999997019767761,0.6931471824645996,0.0,0.0,0.6111747622489929,0.0,1.0,0.0,0.0,0.7072296142578125,0.0,1.0
45,0.6931471824645996,1.996537548620836e-07,9.982689164189651e-08,0.6954026222229004,9.982694848531537e-08,0.9999997615814209,0.6931471824645996,0.0,0.0,0.6111747622489929,0.0,1.0,0.0,0.0,0.7072296142578125,0.0,1.0
46,0.6931471824645997,1.953776092022963e-07,9.768881881200286e-08,0.6953587532043457,9.768888276084908e-08,0.9999997615814209,0.6931471824645996,0.0,0.0,0.6111747622489929,0.0,1.0,0.0,0.0,0.7072296142578125,0.0,1.0
47,0.6931471824645996,1.9129852546484472e-07,9.564926983784972e-08,0.695344865322113,9.564933378669593e-08,0.9999997615814209,0.6931471824645996,0.0,0.0,0.6111747622489929,0.0,1.0,0.0,0.0,0.7072296142578125,0.0,1.0
48,0.6931471824645997,1.8739284257662803e-07,9.369642839374137e-08,0.6953421235084534,9.369648523716023e-08,0.9999997615814209,0.6931471824645996,0.0,0.0,0.6111747622489929,0.0,1.0,0.0,0.0,0.7072296142578125,0.0,1.0
49,0.6931471824645996,1.836549188283243e-07,9.182747362501686e-08,0.6953586339950562,9.182752336300837e-08,0.9999997615814209,0.6931471824645996,0.0,0.0,0.6111748218536377,0.0,1.0,0.0,0.0,0.7072296142578125,0.0,1.0
50,0.6931471824645996,1.8006058155606297e-07,9.003029788345884e-08,0.6953700184822083,9.00303547268777e-08,0.9999997615814209,0.6931471824645996,0.0,0.0,0.6111747622489929,0.0,1.0,0.0,0.0,0.7072296142578125,0.0,1.0
51,0.6931471824645996,1.7661182027950417e-07,8.830591724517944e-08,0.6953940987586975,8.83059740885983e-08,0.9999996423721313,0.6931471824645996,0.0,0.0,0.6111747622489929,0.0,1.0,0.0,0.0,0.7072296142578125,0.0,1.0
52,0.6931471824645996,1.7328392232229817e-07,8.66419753720038e-08,0.6954018473625183,8.664201800456794e-08,0.9999996423721313,0.6931471824645996,0.0,0.0,0.6111747622489929,0.0,1.0,0.0,0.0,0.7072296142578125,0.0,1.0
53,0.6931471824645998,1.700779677094033e-07,8.503899096012901e-08,0.6954072117805481,8.503904069812052e-08,0.9999997615814209,0.6931471824646009,0.0,0.0,0.6111747622489929,0.0,1.0,0.0,0.0,0.7072296142578125,0.0,1.0
54,0.6931471824645996,1.6698967897355033e-07,8.349484659220252e-08,0.6954146027565002,8.349489633019402e-08,0.9999997019767761,0.6931471824645996,0.0,0.0,0.6111747622489929,0.0,1.0,0.0,0.0,0.7072296142578125,0.0,1.0
55,0.6931471824645996,1.6400140623318293e-07,8.200071022201882e-08,0.6954028010368347,8.200075996001033e-08,0.9999997615814209,0.6931471824645996,0.0,0.0,0.6111747622489929,0.0,1.0,0.0,0.0,0.7072296142578125,0.0,1.0
56,0.6931471824645998,1.611136895007803e-07,8.055684475039016e-08,0.6953830122947693,8.055689448838166e-08,0.9999997019767761,0.6931471824645996,0.0,0.0,0.6111747622489929,0.0,1.0,0.0,0.0,0.7072296142578125,0.0,1.0
57,0.6931471824645996,1.583443349773006e-07,7.91721674886503e-08,0.695399284362793,7.91722172266418e-08,0.9999998211860657,0.6931471824645996,0.0,0.0,0.6111748218536377,0.0,1.0,0.0,0.0,0.7072296142578125,0.0,1.0
58,0.6931471824645997,1.5565710498322005e-07,7.782855249161003e-08,0.6953925490379333,7.782859512417417e-08,0.9999998211860657,0.6931471824645996,0.0,0.0,0.6111747622489929,0.0,1.0,0.0,0.0,0.7072296142578125,0.0,1.0
59,0.6931471824645996,1.5305731437820214e-07,7.652865718910107e-08,0.6953815817832947,7.652869982166521e-08,0.9999998211860657,0.6931471824645996,0.0,0.0,0.6111747622489929,0.0,1.0,0.0,0.0,0.7072296142578125,0.0,1.0
60,0.6931471824645996,1.505512585708857e-07,7.527562928544285e-08,0.6953878998756409,7.527567191800699e-08,0.9999997019767761,0.6931471824645996,0.0,0.0,0.6111747622489929,0.0,1.0,0.0,0.0,0.7072296142578125,0.0,1.0
61,0.6931471824645996,1.4813001314450958e-07,7.406500657225479e-08,0.6954022645950317,7.406505631024629e-08,0.9999998211860657,0.6931471824645996,0.0,0.0,0.6111747622489929,0.0,1.0,0.0,0.0,0.7072296142578125,0.0,1.0
62,0.6931471824645997,1.457804046367528e-07,7.28902023183764e-08,0.6954057216644287,7.289023784551318e-08,0.9999998211860657,0.6931471824645996,0.0,0.0,0.6111747622489929,0.0,1.0,0.0,0.0,0.7072296142578125,0.0,1.0
63,0.6931471824645997,1.4350918320360506e-07,7.175459160180253e-08,0.6954197287559509,7.175463423436668e-08,0.9999997019767761,0.6931471824646003,0.0,0.0,0.6111747622489929,0.0,1.0,0.0,0.0,0.7072296142578125,0.0,1.0
64,0.6931471824645996,1.41290371402647e-07,7.06451857013235e-08,0.6953960657119751,7.064522122846029e-08,0.9999997019767761,0.6931471824645996,0.0,0.0,0.6111747622489929,0.0,1.0,0.0,0.0,0.7072296142578125,0.0,1.0
65,0.6931471824645996,1.3914858243424533e-07,6.957429121712266e-08,0.6953938007354736,6.957432674425945e-08,0.9999997615814209,0.6931471824645996,0.0,0.0,0.6111748218536377,0.0,1.0,0.0,0.0,0.7072296142578125,0.0,1.0
66,0.6931471824645996,1.3707800405882153e-07,6.853900202941077e-08,0.6954077482223511,6.853903755654756e-08,0.9999998211860657,0.6931471824645996,0.0,0.0,0.6111747622489929,0.0,1.0,0.0,0.0,0.7072296142578125,0.0,1.0
67,0.6931471824645996,1.3506894447345985e-07,6.753447223672993e-08,0.6954230666160583,6.753450776386671e-08,0.9999997615814209,0.6931471824645996,0.0,0.0,0.6111747622489929,0.0,1.0,0.0,0.0,0.7072296142578125,0.0,1.0
68,0.6931471824646047,1.3311239399627084e-07,6.655619699813542e-08,0.695425271987915,6.655623252527221e-08,0.9999998211860657,0.6931471824645996,0.0,0.0,0.6111747622489929,0.0,1.0,0.0,0.0,0.7072296142578125,0.0,1.0
69,0.6931471824645996,1.31213965914867e-07,6.56069829574335e-08,0.6954326629638672,6.560701848457029e-08,0.9999998211860657,0.6931471824645996,0.0,0.0,0.6111747622489929,0.0,1.0,0.0,0.0,0.7072296142578125,0.0,1.0
70,0.6931471824645996,1.293673506097548e-07,6.46836753048774e-08,0.6954361200332642,6.468371083201419e-08,0.9999998211860657,0.6931471824645996,0.0,0.0,0.6111747622489929,0.0,1.0,0.0,0.0,0.7072296142578125,0.0,1.0
71,0.6931471824645996,1.2757088541093253e-07,6.378544270546627e-08,0.6954368352890015,6.37854711271757e-08,0.9999998211860657,0.6931471824645996,0.0,0.0,0.6111747622489929,0.0,1.0,0.0,0.0,0.7072296142578125,0.0,1.0
72,0.6931471824645996,1.2582664510318864e-07,6.291332255159432e-08,0.6954448223114014,6.291335097330375e-08,0.9999998211860657,0.6931471824645996,0.0,0.0,0.6111747622489929,0.0,1.0,0.0,0.0,0.7072296142578125,0.0,1.0
73,0.6931471824645996,1.2412024830155133e-07,6.206012415077566e-08,0.6954299807548523,6.20601525724851e-08,0.9999998211860657,0.6931471824645996,0.0,0.0,0.6111748218536377,0.0,1.0,0.0,0.0,0.7072296142578125,0.0,1.0
74,0.6931471824645996,1.2246219682765513e-07,6.123109841382757e-08,0.6954222321510315,6.1231126835537e-08,0.9999998211860657,0.6931471824645996,0.0,0.0,0.6111747622489929,0.0,1.0,0.0,0.0,0.7072296142578125,0.0,1.0
75,0.6931471824645996,1.2085517653304123e-07,6.042758826652062e-08,0.6954331994056702,6.042761668823005e-08,0.9999998211860657,0.6931471824645996,0.0,0.0,0.6111747622489929,0.0,1.0,0.0,0.0,0.7072296142578125,0.0,1.0
76,0.6931471824645996,1.192916982972747e-07,5.964584914863735e-08,0.695448637008667,5.964587757034678e-08,0.9999998211860657,0.6931471824645996,0.0,0.0,0.6111747622489929,0.0,1.0,0.0,0.0,0.7072296142578125,0.0,1.0
77,0.6931471824645998,1.1776617725445249e-07,5.888308862722624e-08,0.6954586505889893,5.888312060164935e-08,0.9999998211860657,0.6931471824645996,0.0,0.0,0.6111747622489929,0.0,1.0,0.0,0.0,0.7072296142578125,0.0,1.0
78,0.6931471824645998,1.1627145823922547e-07,5.8135729119612733e-08,0.6954481601715088,5.8135753988608485e-08,0.9999997615814209,0.6931471824645996,0.0,0.0,0.6111747622489929,0.0,1.0,0.0,0.0,0.7072296142578125,0.0,1.0
79,0.6931471824645998,1.1481409245561736e-07,5.740704622780868e-08,0.6954376101493835,5.740706754409075e-08,0.9999997615814209,0.6931471824645996,0.0,0.0,0.6111747622489929,0.0,1.0,0.0,0.0,0.7072296142578125,0.0,1.0
80,0.6931471824645996,1.133976255118796e-07,5.66988127559398e-08,0.6954402923583984,5.669883762493555e-08,0.9999997615814209,0.6931471824645996,0.0,0.0,0.6111747622489929,0.0,1.0,0.0,0.0,0.7072296142578125,0.0,1.0
81,0.6931471824645996,1.1201579042108278e-07,5.600789521054139e-08,0.6954431533813477,5.600792363225082e-08,0.9999998807907104,0.6931471824645996,0.0,0.0,0.6111748218536377,0.0,1.0,0.0,0.0,0.7072296142578125,0.0,1.0
82,0.6931471824645996,1.1066843086382505e-07,5.5334215431912526e-08,0.6954492926597595,5.53342367481946e-08,0.9999998807907104,0.6931471824645996,0.0,0.0,0.6111747622489929,0.0,1.0,0.0,0.0,0.7072296142578125,0.0,1.0
83,0.6931471824645996,1.0935264072031714e-07,5.467632036015857e-08,0.6954540014266968,5.467634522915432e-08,0.9999998807907104,0.6931471824645996,0.0,0.0,0.6111748218536377,0.0,1.0,0.0,0.0,0.7072296142578125,0.0,1.0
84,0.6931471824645996,1.0806297723320313e-07,5.4031488616601564e-08,0.6954451203346252,5.403150993288364e-08,0.9999998211860657,0.6931471824645996,0.0,0.0,0.6111747622489929,0.0,1.0,0.0,0.0,0.7072296142578125,0.0,1.0
85,0.6931471824645996,1.0680552975372848e-07,5.340276487686424e-08,0.6954424977302551,5.340278974585999e-08,0.9999998807907104,0.6931471824645996,0.0,0.0,0.6111747622489929,0.0,1.0,0.0,0.0,0.7072296142578125,0.0,1.0
86,0.6931471824646009,1.0557237573038947e-07,5.2786184312481055e-08,0.6954266428947449,5.2786209181476806e-08,0.9999998807907104,0.6931471824645996,0.0,0.0,0.6111747622489929,0.0,1.0,0.0,0.0,0.7072296142578125,0.0,1.0
87,0.6931471824645996,1.0437146613639925e-07,5.2185733068199625e-08,0.6954230666160583,5.218575083176802e-08,0.9999998807907104,0.6931471824645996,0.0,0.0,0.6111747622489929,0.0,1.0,0.0,0.0,0.7072296142578125,0.0,1.0
88,0.6931471824645996,1.031978271726075e-07,5.159891358630375e-08,0.6954203248023987,5.1598931349872146e-08,0.9999998807907104,0.6931471824645996,0.0,0.0,0.6111747622489929,0.0,1.0,0.0,0.0,0.7072296142578125,0.0,1.0
89,0.6931471824645996,1.0204800560131844e-07,5.102400280065922e-08,0.6954108476638794,5.102402056422761e-08,0.9999998807907104,0.6931471824645996,0.0,0.0,0.6111747622489929,0.0,1.0,0.0,0.0,0.7072296142578125,0.0,1.0
90,0.6931471824645996,1.0092429647556855e-07,5.046214823778428e-08,0.6954038739204407,5.046216600135267e-08,0.9999998807907104,0.6931471824645996,0.0,0.0,0.6111748218536377,0.0,1.0,0.0,0.0,0.7072296142578125,0.0,1.0
91,0.6931471824645996,9.982764481719641e-08,4.991382240859821e-08,0.6954050064086914,4.991384372488028e-08,0.9999998807907104,0.6931471824645996,0.0,0.0,0.6111747622489929,0.0,1.0,0.0,0.0,0.7072296142578125,0.0,1.0
92,0.6931471824645996,9.87549029218826e-08,4.93774514609413e-08,0.6954070329666138,4.9377469224509696e-08,0.9999998807907104,0.6931471824645996,0.0,0.0,0.6111747622489929,0.0,1.0,0.0,0.0,0.7072296142578125,0.0,1.0
93,0.6931471824645996,9.770015196863824e-08,4.885007598431912e-08,0.6953940391540527,4.885009374788751e-08,0.9999998807907104,0.6931471824645998,0.0,0.0,0.6111747622489929,0.0,1.0,0.0,0.0,0.7072296142578125,0.0,1.0
94,0.6931471824645998,9.666734257507414e-08,4.833367128753707e-08,0.6953802704811096,4.8333692603819145e-08,0.9999998807907104,0.6931471824645996,0.0,0.0,0.6111747622489929,0.0,1.0,0.0,0.0,0.7072296142578125,0.0,1.0
95,0.6931471824645996,9.566358016854792e-08,4.783179008427396e-08,0.6953904032707214,4.7831807847842356e-08,0.9999998211860657,0.6931471824645996,0.0,0.0,0.6111747622489929,0.0,1.0,0.0,0.0,0.7072296142578125,0.0,1.0
96,0.6931471824645997,9.467402151130955e-08,4.7337010755654774e-08,0.6953796744346619,4.733702851922317e-08,0.9999998807907104,0.6931471824645996,0.0,0.0,0.6111747622489929,0.0,1.0,0.0,0.0,0.7072296142578125,0.0,1.0
97,0.6931471824645996,9.370857867452287e-08,4.6854285784547756e-08,0.6953816413879395,4.685430354811615e-08,0.9999998807907104,0.6931471824645996,0.0,0.0,0.6111747622489929,0.0,1.0,0.0,0.0,0.7072296142578125,0.0,1.0
98,0.6931471824645997,9.27607146650189e-08,4.638035733250945e-08,0.6953773498535156,4.638037509607784e-08,0.9999998807907104,0.6931471824645996,0.0,0.0,0.6111748218536377,0.0,1.0,0.0,0.0,0.7072296142578125,0.0,1.0
99,0.6931471824645996,9.183241900245775e-08,4.59162059485152e-08,0.6953750848770142,4.591622371208359e-08,0.9999998807907104,0.6931471824645996,0.0,0.0,0.6111748218536377,0.0,1.0,0.0,0.0,0.7072296142578125,0.0,1.0
100,0.6931471824645996,9.092211428196606e-08,4.546105714098303e-08,0.6953715085983276,4.5461071351837745e-08,0.9999998807907104,0.6931471824645996,0.0,0.0,0.6111747622489929,0.0,1.0,0.0,0.0,0.7072296142578125,0.0,1.0
101,0.6931471824645996,9.003170475807565e-08,4.5015852379037824e-08,0.6953747868537903,4.501587014260622e-08,0.9999998807907104,0.6931471824645996,0.0,0.0,0.6111747622489929,0.0,1.0,0.0,0.0,0.7072296142578125,0.0,1.0
102,0.6931471824645996,8.915811378074068e-08,4.457905689037034e-08,0.6953765153884888,4.4579071101225054e-08,0.9999998807907104,0.6931471824645996,0.0,0.0,0.6111747622489929,0.0,1.0,0.0,0.0,0.7072296142578125,0.0,1.0
103,0.6931471824645996,8.83048514310758e-08,4.41524257155379e-08,0.6953904628753662,4.415243992639262e-08,0.9999998807907104,0.6931471824645996,0.0,0.0,0.6111747622489929,0.0,1.0,0.0,0.0,0.7072296142578125,0.0,1.0
104,0.6931471824646,8.746622626176759e-08,4.3733113130883794e-08,0.6953986883163452,4.373312734173851e-08,0.9999998807907104,0.6931471824645996,0.0,0.0,0.6111747622489929,0.0,1.0,0.0,0.0,0.7072296142578125,0.0,1.0
105,0.6931471824646,8.664098771760109e-08,4.3320493858800546e-08,0.6953983902931213,4.332050806965526e-08,0.9999998807907104,0.6931471824646025,0.0,0.0,0.6111747622489929,0.0,1.0,0.0,0.0,0.7072296142578125,0.0,1.0
106,0.6931471824645996,8.583091926084307e-08,4.291545963042154e-08,0.695397138595581,4.291547384127625e-08,0.9999998807907104,0.6931471824645996,0.0,0.0,0.6111748218536377,0.0,1.0,0.0,0.0,0.7072296142578125,0.0,1.0
107,0.6931471824645996,8.50352890324757e-08,4.251764451623785e-08,0.695393979549408,4.251765517437889e-08,0.9999998807907104,0.6931471824645996,0.0,0.0,0.6111747622489929,0.0,1.0,0.0,0.0,0.7072296142578125,0.0,1.0
108,0.6931471824645996,8.425760711361363e-08,4.2128803556806815e-08,0.6954028606414795,4.212881776766153e-08,0.9999998807907104,0.6931471824645996,0.0,0.0,0.6111747622489929,0.0,1.0,0.0,0.0,0.7072296142578125,0.0,1.0
109,0.6931471824645996,8.349294233767068e-08,4.174647116883534e-08,0.6954076290130615,4.174648537969006e-08,0.9999998807907104,0.6931471824645996,0.0,0.0,0.6111747622489929,0.0,1.0,0.0,0.0,0.7072296142578125,0.0,1.0
110,0.6931471824645996,8.274232499161371e-08,4.137115894309318e-08,0.6954134106636047,4.137117315394789e-08,0.9999998807907104,0.6931471824645996,0.0,0.0,0.6111747622489929,0.0,1.0,0.0,0.0,0.7072296142578125,0.0,1.0
111,0.6931471824645996,8.200495926757867e-08,4.1002479633789335e-08,0.695418655872345,4.100249029193037e-08,0.9999997615814209,0.6931471824645996,0.0,0.0,0.6111747622489929,0.0,1.0,0.0,0.0,0.7072296142578125,0.0,1.0
112,0.6931471824645996,8.127754114184427e-08,4.063877767634949e-08,0.6954122185707092,4.063878478177685e-08,0.9999998807907104,0.6931471824645996,0.0,0.0,0.6111747622489929,0.0,1.0,0.0,0.0,0.7072296142578125,0.0,1.0
113,0.6931471824645996,8.056215250462628e-08,4.028107980502682e-08,0.6954030394554138,4.028109046316786e-08,0.9999998807907104,0.6931471824645996,0.0,0.0,0.6111747622489929,0.0,1.0,0.0,0.0,0.7072296142578125,0.0,1.0
114,0.6931471824645996,7.98599018025925e-08,3.992995445400993e-08,0.6953964829444885,3.992996155943729e-08,0.9999998807907104,0.6931471824645996,0.0,0.0,0.6111748218536377,0.0,1.0,0.0,0.0,0.7072296142578125,0.0,1.0
115,0.6931471824646,7.916941768826291e-08,3.9584712396845134e-08,0.695388674736023,3.958472305498617e-08,0.9999998807907104,0.6931471824645996,0.0,0.0,0.6111748218536377,0.0,1.0,0.0,0.0,0.7072296142578125,0.0,1.0
116,0.6931471824645996,7.849466499010305e-08,3.92473360477652e-08,0.6953961253166199,3.924734315319256e-08,0.9999998211860657,0.6931471824645996,0.0,0.0,0.6111747622489929,0.0,1.0,0.0,0.0,0.7072296142578125,0.0,1.0
117,0.6931471824645996,7.783079070122767e-08,3.8915398903327514e-08,0.6954013109207153,3.891540956146855e-08,0.9999998807907104,0.6931471824645996,0.0,0.0,0.6111747622489929,0.0,1.0,0.0,0.0,0.7072296142578125,0.0,1.0
118,0.6931471824646007,7.7174540535907e-08,3.858727737338086e-08,0.6953926086425781,3.8587280926094536e-08,0.9999998807907104,0.6931471824645996,0.0,0.0,0.6111747622489929,0.0,1.0,0.0,0.0,0.7072296142578125,0.0,1.0
119,0.6931471824645997,7.653222411363458e-08,3.826611560953097e-08,0.6953957676887512,3.826612626767201e-08,0.9999998807907104,0.6931471824645996,0.0,0.0,0.6111747622489929,0.0,1.0,0.0,0.0,0.7072296142578125,0.0,1.0
120,0.6931471824645997,7.589738260094236e-08,3.794869840589854e-08,0.6953864097595215,3.794870195861222e-08,0.9999998807907104,0.6931471824645996,0.0,0.0,0.6111747622489929,0.0,1.0,0.0,0.0,0.7072296142578125,0.0,1.0
121,0.6931471824645996,7.527322765099598e-08,3.7636620930925346e-08,0.6953781247138977,3.7636628036352704e-08,0.9999998807907104,0.6931471824645996,0.0,0.0,0.6111747622489929,0.0,1.0,0.0,0.0,0.7072296142578125,0.0,1.0
122,0.6931471824645996,7.466250906418281e-08,3.7331258084805086e-08,0.6953832507133484,3.733126519023244e-08,0.9999998807907104,0.6931471824645996,0.0,0.0,0.6111748218536377,0.0,1.0,0.0,0.0,0.7072296142578125,0.0,1.0
123,0.6931471824646009,7.406002566767711e-08,3.7030016386552234e-08,0.695381760597229,3.703001993926591e-08,0.9999998211860657,0.6931471824645996,0.0,0.0,0.6111747622489929,0.0,1.0,0.0,0.0,0.7072296142578125,0.0,1.0
124,0.6931471824645996,7.346712749267681e-08,3.6733567299052083e-08,0.6953800320625305,3.673357440447944e-08,0.9999998807907104,0.6931471824645996,0.0,0.0,0.6111747622489929,0.0,1.0,0.0,0.0,0.7072296142578125,0.0,1.0
125,0.6931471824645996,7.28842195485413e-08,3.644211332698433e-08,0.695380687713623,3.6442116879698006e-08,0.9999998807907104,0.6931471824645996,0.0,0.0,0.6111747622489929,0.0,1.0,0.0,0.0,0.7072296142578125,0.0,1.0
126,0.6931471824645999,7.230906362565293e-08,3.615453891825382e-08,0.695375382900238,3.615454602368118e-08,0.9999998807907104,0.6931471824645996,0.0,0.0,0.6111747622489929,0.0,1.0,0.0,0.0,0.7072296142578125,0.0,1.0
127,0.6931471824645996,7.174423188871515e-08,3.587211949707125e-08,0.6953756809234619,3.587212660249861e-08,0.9999998807907104,0.6931471824645996,0.0,0.0,0.6111747622489929,0.0,1.0,0.0,0.0,0.7072296142578125,0.0,1.0
128,0.6931471824645998,7.118738665212732e-08,3.5593696878777337e-08,0.6953727602958679,3.5593700431491015e-08,0.9999998807907104,0.6931471824645996,0.0,0.0,0.6111747622489929,0.0,1.0,0.0,0.0,0.7072296142578125,0.0,1.0
129,0.6931471824645996,7.063916740435161e-08,3.5319587254889484e-08,0.695370078086853,3.531959080760316e-08,0.9999998211860657,0.6931471824645996,0.0,0.0,0.6111747622489929,0.0,1.0,0.0,0.0,0.7072296142578125,0.0,1.0
130,0.6931471824645996,7.010094549286805e-08,3.5050476299147704e-08,0.6953744292259216,3.505048340457506e-08,0.9999999403953552,0.6931471824645996,0.0,0.0,0.6111747622489929,0.0,1.0,0.0,0.0,0.7072296142578125,0.0,1.0
131,0.6931471824645996,6.956761211540652e-08,3.478380961041694e-08,0.6953645348548889,3.478381316313062e-08,0.9999999403953552,0.6931471824645996,0.0,0.0,0.6111748218536377,0.0,1.0,0.0,0.0,0.7072296142578125,0.0,1.0
132,0.6931471824645996,6.9043259998125e-08,3.4521633551776176e-08,0.6953588724136353,3.4521637104489855e-08,0.9999999403953552,0.6931471824645996,0.0,0.0,0.6111747622489929,0.0,1.0,0.0,0.0,0.7072296142578125,0.0,1.0
133,0.6931471824645996,6.852742728824524e-08,3.4263717196836296e-08,0.6953563094139099,3.4263724302263654e-08,0.9999999403953552,0.6931471824645996,0.0,0.0,0.6111747622489929,0.0,1.0,0.0,0.0,0.7072296142578125,0.0,1.0
134,0.6931471824645996,6.801927554533904e-08,3.40096413253832e-08,0.6953538656234741,3.400964843081056e-08,0.9999999403953552,0.6931471824645996,0.0,0.0,0.6111747622489929,0.0,1.0,0.0,0.0,0.7072296142578125,0.0,1.0
135,0.6931471824645996,6.751974979124498e-08,3.375987844833617e-08,0.6953566074371338,3.3759885553763525e-08,0.9999999403953552,0.6931471824645996,0.0,0.0,0.6111747622489929,0.0,1.0,0.0,0.0,0.7072296142578125,0.0,1.0
136,0.6931471824646048,6.702799737468013e-08,3.351400224005374e-08,0.6953615546226501,3.35140093454811e-08,0.9999999403953552,0.6931471824645996,0.0,0.0,0.6111747622489929,0.0,1.0,0.0,0.0,0.7072296142578125,0.0,1.0
137,0.6931471824645996,6.654226325508716e-08,3.327113518025726e-08,0.6953614950180054,3.327113873297094e-08,0.9999998211860657,0.6931471824645996,0.0,0.0,0.6111747622489929,0.0,1.0,0.0,0.0,0.7072296142578125,0.0,1.0
138,0.6931471824645996,6.606526881114405e-08,3.3032637958285704e-08,0.6953694820404053,3.303264151099938e-08,0.9999998211860657,0.6931471824645996,0.0,0.0,0.6111747622489929,0.0,1.0,0.0,0.0,0.7072296142578125,0.0,1.0
139,0.6931471824645996,6.559278631357301e-08,3.279639315678651e-08,0.6953666806221008,3.2796400262213865e-08,0.9999999403953552,0.6931471824645996,0.0,0.0,0.6111747622489929,0.0,1.0,0.0,0.0,0.7072296142578125,0.0,1.0
140,0.6931471824645996,6.512767214417181e-08,3.2563839624799584e-08,0.6953670978546143,3.256384317751326e-08,0.9999999403953552,0.6931471824645998,0.0,0.0,0.6111747622489929,0.0,1.0,0.0,0.0,0.7072296142578125,0.0,1.0
141,0.6931471824645996,6.466839863605855e-08,3.233419931802928e-08,0.6953641176223755,3.2334206423456635e-08,0.9999999403953552,0.6931471824646,0.0,0.0,0.6111747622489929,0.0,1.0,0.0,0.0,0.7072296142578125,0.0,1.0
142,0.6931471824645996,6.42168842546198e-08,3.210844568002358e-08,0.6953675150871277,3.2108452785450936e-08,0.9999999403953552,0.6931471824645996,0.0,0.0,0.6111747622489929,0.0,1.0,0.0,0.0,0.7072296142578125,0.0,1.0
143,0.6931471824645997,6.377288030989803e-08,3.188644370766269e-08,0.6953768730163574,3.188645081309005e-08,0.9999999403953552,0.6931471824646003,0.0,0.0,0.6111747622489929,0.0,1.0,0.0,0.0,0.7072296142578125,0.0,1.0
144,0.6931471824645996,6.333259960911164e-08,3.16663033572695e-08,0.6953745484352112,3.166630690998318e-08,0.9999999403953552,0.6931471824645996,0.0,0.0,0.6111747622489929,0.0,1.0,0.0,0.0,0.7072296142578125,0.0,1.0
145,0.6931471824645996,6.289666032444075e-08,3.144833371493405e-08,0.6953641176223755,3.144833726764773e-08,0.9999999403953552,0.6931471824645996,0.0,0.0,0.6111747622489929,0.0,1.0,0.0,0.0,0.7072296142578125,0.0,1.0
146,0.6931471824645996,6.246536798926172e-08,3.123268399463086e-08,0.6953474283218384,3.123269110005822e-08,0.9999999403953552,0.6931471824645996,0.0,0.0,0.6111747622489929,0.0,1.0,0.0,0.0,0.7072296142578125,0.0,1.0
147,0.6931471824645996,6.204348323990416e-08,3.102174517266576e-08,0.69534832239151,3.102174872537944e-08,0.9999999403953552,0.6931471824645996,0.0,0.0,0.6111748218536377,0.0,1.0,0.0,0.0,0.7072296142578125,0.0,1.0
148,0.6931471824645997,6.162827759226275e-08,3.081414234884505e-08,0.6953542232513428,3.081414590155873e-08,0.9999998211860657,0.6931471824646003,0.0,0.0,0.6111747622489929,0.0,1.0,0.0,0.0,0.7072296142578125,0.0,1.0
149,0.6931471824645996,6.121688045368501e-08,3.0608440226842504e-08,0.6953514814376831,3.060844733226986e-08,0.9999999403953552,0.6931471824645996,0.0,0.0,0.6111747622489929,0.0,1.0,0.0,0.0,0.7072296142578125,0.0,1.0
150,0.6931471824645996,6.081204872998569e-08,3.0406027917706524e-08,0.6953544020652771,3.04060314704202e-08,0.9999999403953552,0.6931471824645996,0.0,0.0,0.6111747622489929,0.0,1.0,0.0,0.0,0.7072296142578125,0.0,1.0
151,0.6931471824645996,6.041202027518011e-08,3.0206010137590056e-08,0.695354700088501,3.0206017243017413e-08,0.9999999403953552,0.6931471824645996,0.0,0.0,0.6111747622489929,0.0,1.0,0.0,0.0,0.7072296142578125,0.0,1.0
152,0.6931471824646,6.001757668627761e-08,3.0008788343138804e-08,0.6953567266464233,3.000879189585248e-08,0.9999999403953552,0.6931471824645996,0.0,0.0,0.6111747622489929,0.0,1.0,0.0,0.0,0.7072296142578125,0.0,1.0
153,0.6931471824645996,5.962802163139713e-08,2.9814014368412245e-08,0.695357620716095,2.9814017921125924e-08,0.9999998211860657,0.6931471824645996,0.0,0.0,0.6111747622489929,0.0,1.0,0.0,0.0,0.7072296142578125,0.0,1.0
154,0.6931471824645998,5.924067636442487e-08,2.9620339958569275e-08,0.6953440308570862,2.9620345287639793e-08,0.9999998211860657,0.6931471824645996,0.0,0.0,0.6111747622489929,0.0,1.0,0.0,0.0,0.7072296142578125,0.0,1.0
155,0.6931471824645996,5.886121456910587e-08,2.9430610837266613e-08,0.6953454613685608,2.943061616633713e-08,0.9999999403953552,0.6931471824645996,0.0,0.0,0.6111747622489929,0.0,1.0,0.0,0.0,0.7072296142578125,0.0,1.0
156,0.6931471824645996,5.8486904208621127e-08,2.9243455657024242e-08,0.6953485608100891,2.924345743338108e-08,0.9999999403953552,0.6931471824645996,0.0,0.0,0.6111747622489929,0.0,1.0,0.0,0.0,0.7072296142578125,0.0,1.0
157,0.6931471824645996,5.811752146200888e-08,2.905876250736128e-08,0.6953527331352234,2.9058767836431798e-08,0.9999999403953552,0.6931471824645996,0.0,0.0,0.6111747622489929,0.0,1.0,0.0,0.0,0.7072296142578125,0.0,1.0
158,0.6931471824645996,5.774915479150877e-08,2.8874580948468065e-08,0.6953376531600952,2.8874584501181744e-08,0.9999999403953552,0.6931471824645996,0.0,0.0,0.6111747622489929,0.0,1.0,0.0,0.0,0.7072296142578125,0.0,1.0
159,0.6931471824645996,5.7388898966337365e-08,2.8694451259525522e-08,0.6953412890434265,2.869445303588236e-08,0.9999999403953552,0.6931471824645996,0.0,0.0,0.6111747622489929,0.0,1.0,0.0,0.0,0.7072296142578125,0.0,1.0
160,0.6931471824645996,5.7030927536061427e-08,2.8515465544387553e-08,0.6953331828117371,2.8515467320744392e-08,0.9999999403953552,0.6931471824645996,0.0,0.0,0.6111747622489929,0.0,1.0,0.0,0.0,0.7072296142578125,0.0,1.0
161,0.6931471824645996,5.667797964292731e-08,2.8338993374177335e-08,0.6953282952308655,2.8338996926891014e-08,0.9999999403953552,0.6931471824645996,0.0,0.0,0.6111747622489929,0.0,1.0,0.0,0.0,0.7072296142578125,0.0,1.0
162,0.6931471824645996,5.632997002180673e-08,2.8164986787260204e-08,0.6953267455101013,2.8164990339973883e-08,0.9999999403953552,0.6931471824645996,0.0,0.0,0.6111747622489929,0.0,1.0,0.0,0.0,0.7072296142578125,0.0,1.0
163,0.6931471824645996,5.598743868517886e-08,2.799372111894627e-08,0.695331871509552,2.7993726448016787e-08,0.9999999403953552,0.6931471824645996,0.0,0.0,0.6111748218536377,0.0,1.0,0.0,0.0,0.7072296142578125,0.0,1.0
164,0.6931471824645997,5.564859506534958e-08,2.782429930903163e-08,0.6953344345092773,2.782430286174531e-08,0.9999999403953552,0.6931471824645996,0.0,0.0,0.6111747622489929,0.0,1.0,0.0,0.0,0.7072296142578125,0.0,1.0
165,0.6931471824645996,5.5313186919647706e-08,2.7656595236180692e-08,0.6953334808349609,2.765659878889437e-08,0.9999999403953552,0.6931471824645996,0.0,0.0,0.6111747622489929,0.0,1.0,0.0,0.0,0.7072296142578125,0.0,1.0
166,0.6931471824645996,5.49814203054666e-08,2.749071192909014e-08,0.6953304409980774,2.7490717258160657e-08,0.9999999403953552,0.6931471824645996,0.0,0.0,0.6111747622489929,0.0,1.0,0.0,0.0,0.7072296142578125,0.0,1.0
167,0.6931471824645996,5.465363628331943e-08,2.7326819918016554e-08,0.6953275799751282,2.7326821694373393e-08,0.9999999403953552,0.6931471824645996,0.0,0.0,0.6111748218536377,0.0,1.0,0.0,0.0,0.7072296142578125,0.0,1.0
168,0.6931471824645996,5.433076211147636e-08,2.716538283209502e-08,0.6953305006027222,2.716538460845186e-08,0.9999999403953552,0.6931471824645996,0.0,0.0,0.6111747622489929,0.0,1.0,0.0,0.0,0.7072296142578125,0.0,1.0
169,0.6931471824645996,5.401032510121695e-08,2.7005164326965314e-08,0.6953257322311401,2.7005167879678993e-08,0.9999999403953552,0.6931471824645996,0.0,0.0,0.6111747622489929,0.0,1.0,0.0,0.0,0.7072296142578125,0.0,1.0
170,0.6931471824645998,5.3695174528911593e-08,2.6847589040812636e-08,0.6953296661376953,2.6847592593526315e-08,0.9999999403953552,0.6931471824645996,0.0,0.0,0.6111747622489929,0.0,1.0,0.0,0.0,0.7072296142578125,0.0,1.0
171,0.6931471824645996,5.3383566012144e-08,2.669178478242884e-08,0.6953330039978027,2.6691790111499358e-08,0.9999999403953552,0.6931471824645996,0.0,0.0,0.6111747622489929,0.0,1.0,0.0,0.0,0.7072296142578125,0.0,1.0
172,0.6931471824645996,5.3076298911491904e-08,2.653815123210279e-08,0.6953405141830444,2.653815478481647e-08,0.9999999403953552,0.6931471824645996,0.0,0.0,0.6111748218536377,0.0,1.0,0.0,0.0,0.7072296142578125,0.0,1.0
173,0.6931471824645996,5.2772023195757356e-08,2.6386013374235517e-08,0.695344865322113,2.6386018703306036e-08,0.9999999403953552,0.6931471824645996,0.0,0.0,0.6111747622489929,0.0,1.0,0.0,0.0,0.7072296142578125,0.0,1.0
174,0.6931471824645996,5.2470419120709266e-08,2.6235211336711473e-08,0.6953445672988892,2.6235213113068312e-08,0.9999999403953552,0.6931471824645996,0.0,0.0,0.6111748218536377,0.0,1.0,0.0,0.0,0.7072296142578125,0.0,1.0
175,0.6931471824645996,5.2172850928400294e-08,2.6086427240556986e-08,0.6953478455543518,2.6086430793270665e-08,0.9999998807907104,0.6931471824645996,0.0,0.0,0.6111747622489929,0.0,1.0,0.0,0.0,0.7072296142578125,0.0,1.0
176,0.6931471824645996,5.18790734815866e-08,2.593954029350698e-08,0.695353627204895,2.593954206986382e-08,0.9999998807907104,0.6931471824645996,0.0,0.0,0.6111747622489929,0.0,1.0,0.0,0.0,0.7072296142578125,0.0,1.0
177,0.6931471824645996,5.158665317139821e-08,2.5793328362055945e-08,0.6953479051589966,2.5793331914769624e-08,0.9999999403953552,0.6931471824645996,0.0,0.0,0.6111747622489929,0.0,1.0,0.0,0.0,0.7072296142578125,0.0,1.0
178,0.6931471824645996,5.12994979828818e-08,2.564975076779774e-08,0.6953541040420532,2.564975432051142e-08,0.9999999403953552,0.6931471824645996,0.0,0.0,0.6111747622489929,0.0,1.0,0.0,0.0,0.7072296142578125,0.0,1.0
179,0.6931471824645996,5.10152240451589e-08,2.550761379893629e-08,0.6953584551811218,2.550761912800681e-08,0.9999999403953552,0.6931471824645996,0.0,0.0,0.6111747622489929,0.0,1.0,0.0,0.0,0.7072296142578125,0.0,1.0
180,0.6931471824645996,5.0734222156734177e-08,2.5367112854723928e-08,0.6953635215759277,2.5367114631080767e-08,0.9999998807907104,0.6931471824645996,0.0,0.0,0.6111747622489929,0.0,1.0,0.0,0.0,0.7072296142578125,0.0,1.0
181,0.6931471824646,5.0455813749294975e-08,2.5227908651004327e-08,0.6953656077384949,2.5227912203718006e-08,0.9999999403953552,0.6931471824645996,0.0,0.0,0.6111748218536377,0.0,1.0,0.0,0.0,0.7072296142578125,0.0,1.0
182,0.6931471824645997,5.0180211985662027e-08,2.5090107769187853e-08,0.695366382598877,2.509011132190153e-08,0.9999998807907104,0.6931471824645996,0.0,0.0,0.6111747622489929,0.0,1.0,0.0,0.0,0.7072296142578125,0.0,1.0
183,0.6931471824645996,4.9908116750430054e-08,2.4954060151571866e-08,0.6953701376914978,2.4954061927928706e-08,0.9999999403953552,0.6931471824645996,0.0,0.0,0.6111747622489929,0.0,1.0,0.0,0.0,0.7072296142578125,0.0,1.0
184,0.6931471824645997,4.963878197372651e-08,2.4819390986863255e-08,0.6953728199005127,2.4819394539576933e-08,0.9999999403953552,0.6931471824645996,0.0,0.0,0.6111747622489929,0.0,1.0,0.0,0.0,0.7072296142578125,0.0,1.0
185,0.6931471824645998,4.9372165022987247e-08,2.4686084287850463e-08,0.6953744292259216,2.468608784056414e-08,0.9999999403953552,0.6931471824645996,0.0,0.0,0.6111747622489929,0.0,1.0,0.0,0.0,0.7072296142578125,0.0,1.0
186,0.6931471824645996,4.910837958504999e-08,2.4554191568881834e-08,0.695375919342041,2.4554195121595512e-08,0.9999999403953552,0.6931471824645996,0.0,0.0,0.6111747622489929,0.0,1.0,0.0,0.0,0.7072296142578125,0.0,1.0
187,0.6931471824645996,4.88475819793166e-08,2.442379276601514e-08,0.6953784823417664,2.442379454237198e-08,0.9999999403953552,0.6931471824645996,0.0,0.0,0.6111747622489929,0.0,1.0,0.0,0.0,0.7072296142578125,0.0,1.0
188,0.6931471824645997,4.85904401159587e-08,2.429522183433619e-08,0.6953867077827454,2.4295225387049868e-08,0.9999999403953552,0.6931471824645996,0.0,0.0,0.6111748218536377,0.0,1.0,0.0,0.0,0.7072296142578125,0.0,1.0
189,0.6931471824645996,4.833450972796527e-08,2.4167256640339474e-08,0.6953854560852051,2.4167258416696313e-08,0.9999999403953552,0.6931471824645996,0.0,0.0,0.6111747622489929,0.0,1.0,0.0,0.0,0.7072296142578125,0.0,1.0
190,0.6931471824645996,4.808124032251726e-08,2.404062193761547e-08,0.69538414478302,2.404062371397231e-08,0.9999999403953552,0.6931471824645996,0.0,0.0,0.6111748218536377,0.0,1.0,0.0,0.0,0.7072296142578125,0.0,1.0
191,0.6931471824645996,4.783135665320515e-08,2.3915680102959413e-08,0.695387601852417,2.3915683655673092e-08,0.9999999403953552,0.6931471824645996,0.0,0.0,0.6111747622489929,0.0,1.0,0.0,0.0,0.7072296142578125,0.0,1.0
192,0.6931471824645996,4.758370408808332e-08,2.37918538203985e-08,0.6953887343406677,2.379185559675534e-08,0.9999999403953552,0.6931471824645996,0.0,0.0,0.6111747622489929,0.0,1.0,0.0,0.0,0.7072296142578125,0.0,1.0
193,0.6931471824645996,4.733988490102092e-08,2.36699442268673e-08,0.6953980922698975,2.366994777958098e-08,0.9999999403953552,0.6931471824645996,0.0,0.0,0.6111747622489929,0.0,1.0,0.0,0.0,0.7072296142578125,0.0,1.0
194,0.6931471824645996,4.7096538224877804e-08,2.354827088879574e-08,0.6953943967819214,2.354827266515258e-08,0.9999999403953552,0.6931471824645996,0.0,0.0,0.6111747622489929,0.0,1.0,0.0,0.0,0.7072296142578125,0.0,1.0
195,0.6931471824645996,4.6854644608629314e-08,2.3427324080671497e-08,0.6953840255737305,2.3427327633385175e-08,0.9999999403953552,0.6931471824645996,0.0,0.0,0.6111747622489929,0.0,1.0,0.0,0.0,0.7072296142578125,0.0,1.0
196,0.6931471824645998,4.6616811744115694e-08,2.3308407648414686e-08,0.6953840255737305,2.3308411201128365e-08,1.0,0.6931471824645996,0.0,0.0,0.6111747622489929,0.0,1.0,0.0,0.0,0.7072296142578125,0.0,1.0
197,0.6931471824645996,4.6380929319411734e-08,2.3190466436062707e-08,0.6953810453414917,2.3190466436062707e-08,0.9999998807907104,0.6931471824645996,0.0,0.0,0.6111748218536377,0.0,1.0,0.0,0.0,0.7072296142578125,0.0,1.0
198,0.6931471824645996,4.6147857091227706e-08,2.3073930321970693e-08,0.6953811049461365,2.307393387468437e-08,1.0,0.6931471824645996,0.0,0.0,0.6111747622489929,0.0,1.0,0.0,0.0,0.7072296142578125,0.0,1.0
199,0.6931471824645997,4.591794322550413e-08,2.2958971612752066e-08,0.695386528968811,2.2958975165465745e-08,1.0,0.6931471824645996,0.0,0.0,0.6111748218536377,0.0,1.0,0.0,0.0,0.7072296142578125,0.0,1.0
