,train_loss,train_dice,train_iou,train_acc,train_sens,train_spec,val_loss,val_dice,val_iou,val_acc,val_sens,val_spec,test_dice,test_iou,test_acc,test_sens,test_spec
0,0.15519942045717133,0.08525409549474716,0.04452501982450485,0.693606436252594,0.04694507643580437,0.9762439727783203,0.13862948607144898,0.0,0.0,0.6111747622489929,0.0,1.0,0.0,0.0,0.7072296142578125,0.0,1.0
1,0.13862943671594893,0.04470045492053032,0.0228611808270216,0.6948649883270264,0.023482732474803925,0.9881242513656616,0.13862943611198905,0.0,0.0,0.6111747622489929,0.0,1.0,0.0,0.0,0.7072296142578125,0.0,1.0
2,0.13862943611198905,0.03021351434290409,0.015338471159338951,0.6944741010665894,0.015615788288414478,0.9920740723609924,0.13862943611198905,0.0,0.0,0.6111747622489929,0.0,1.0,0.0,0.0,0.7072296142578125,0.0,1.0
3,0.13862943611198905,0.022824058309197426,0.011543766595423222,0.6943570375442505,0.011700143106281757,0.9940529465675354,0.13862943611198905,0.0,0.0,0.6111747622489929,0.0,1.0,0.0,0.0,0.7072296142578125,0.0,1.0
4,0.13862943611198905,0.018359163776040077,0.0092646274715662,0.6946315765380859,0.00936508271843195,0.995243489742279,0.13862943611198905,0.0,0.0,0.6111747622489929,0.0,1.0,0.0,0.0,0.7072296142578125,0.0,1.0
5,0.13862943611198905,0.015347360633313656,0.007733020931482315,0.6946538090705872,0.007802881766110659,0.9960359334945679,0.13862943611198905,0.0,0.0,0.6111747622489929,0.0,1.0,0.0,0.0,0.7072296142578125,0.0,1.0
6,0.13862943611198905,0.013190257363021374,0.006638913415372372,0.6948056221008301,0.006690338719636202,0.9966025948524475,0.13862943611198905,0.0,0.0,0.6111747622489929,0.0,1.0,0.0,0.0,0.7072296142578125,0.0,1.0
7,0.13862943611198905,0.011560813523828983,0.005814014468342066,0.6948130130767822,0.005853415932506323,0.9970271587371826,0.13862943611198905,0.0,0.0,0.6111747622489929,0.0,1.0,0.0,0.0,0.7072296142578125,0.0,1.0
8,0.13862943611198905,0.010291212238371372,0.005172220524400473,0.6948644518852234,0.005203380715101957,0.9973576068878174,0.13862943611198905,0.0,0.0,0.6111747622489929,0.0,1.0,0.0,0.0,0.7072296142578125,0.0,1.0
9,0.13862943611198905,0.00927139725536108,0.004657288081943989,0.6948566436767578,0.004682537633925676,0.9976217150688171,0.13862943611198905,0.0,0.0,0.6111747622489929,0.0,1.0,0.0,0.0,0.7072296142578125,0.0,1.0
10,0.13862943611198905,0.00843482930213213,0.004235276486724615,0.694826602935791,0.004256146959960461,0.9978378415107727,0.13862943611198905,0.0,0.0,0.6111747622489929,0.0,1.0,0.0,0.0,0.7072296142578125,0.0,1.0
11,0.13862943611198905,0.007740233093500137,0.003885152516886592,0.6949405074119568,0.00390270771458745,0.998018205165863,0.13862943611198905,0.0,0.0,0.6111747622489929,0.0,1.0,0.0,0.0,0.7072296142578125,0.0,1.0
12,0.13862943611198905,0.00715045677497983,0.003588056657463312,0.6949993371963501,0.003603024408221245,0.9981708526611328,0.13862943611198905,0.0,0.0,0.6111747622489929,0.0,1.0,0.0,0.0,0.7072296142578125,0.0,1.0
13,0.13862943611198905,0.0066426522098481655,0.003332393942400813,0.6949785351753235,0.003345301141962409,0.9983013272285461,0.13862943611198905,0.0,0.0,0.6111747622489929,0.0,1.0,0.0,0.0,0.7072296142578125,0.0,1.0
14,0.13862943611198905,0.006203729193657637,0.0031115158926695585,0.6950366497039795,0.00312276603654027,0.9984146952629089,0.13862943611198905,0.0,0.0,0.6111747622489929,0.0,1.0,0.0,0.0,0.7072296142578125,0.0,1.0
15,0.13862943611198905,0.0058187153190374374,0.002917846664786339,0.6950610280036926,0.002927737543359399,0.9985138177871704,0.13862943611198905,0.0,0.0,0.6111747622489929,0.0,1.0,0.0,0.0,0.7072296142578125,0.0,1.0
16,0.13862943611198905,0.005478311330080032,0.0027466791216284037,0.6950609683990479,0.002755441702902317,0.9986011981964111,0.13862943611198905,0.0,0.0,0.6111747622489929,0.0,1.0,0.0,0.0,0.7072296142578125,0.0,1.0
17,0.13862943611198905,0.0051754373125731945,0.0025944325607270002,0.6950551271438599,0.002602249151095748,0.998678982257843,0.13862943611198905,0.0,0.0,0.6111747622489929,0.0,1.0,0.0,0.0,0.7072296142578125,0.0,1.0
18,0.13862943611198905,0.004905201960355043,0.0024586310610175133,0.6951063275337219,0.002465649740770459,0.9987486004829407,0.13862943611198905,0.0,0.0,0.6111747622489929,0.0,1.0,0.0,0.0,0.7072296142578125,0.0,1.0
19,0.13862943611198905,0.004661970771849155,0.0023364315275102854,0.6951645612716675,0.0023427691776305437,0.9988111853599548,0.13862943611198905,0.0,0.0,0.6111747622489929,0.0,1.0,0.0,0.0,0.7072296142578125,0.0,1.0
20,0.13862943611198905,0.004441323224455118,0.0022256041411310434,0.6951897144317627,0.002231353661045432,0.9988678693771362,0.13862943611198905,0.0,0.0,0.6111748218536377,0.0,1.0,0.0,0.0,0.7072296142578125,0.0,1.0
21,0.13862943611198905,0.004240906797349453,0.00212495937012136,0.6952334642410278,0.0021302001550793648,0.9989194273948669,0.13862943611198905,0.0,0.0,0.6111747622489929,0.0,1.0,0.0,0.0,0.7072296142578125,0.0,1.0
22,0.13862943611198905,0.004057498183101416,0.002032873220741749,0.6952508687973022,0.002037669066339731,0.99896639585495,0.13862943611198905,0.0,0.0,0.6111747622489929,0.0,1.0,0.0,0.0,0.7072296142578125,0.0,1.0
23,0.13862943611198905,0.003888993291184306,0.001948285149410367,0.6952429413795471,0.001952689723111689,0.9990094304084778,0.13862943611198905,0.0,0.0,0.6111747622489929,0.0,1.0,0.0,0.0,0.7072296142578125,0.0,1.0
24,0.13862943611198905,0.003733913879841566,0.0018704489339143038,0.6952347755432129,0.0018745085690170527,0.9990490674972534,0.13862943611198905,0.0,0.0,0.6111748218536377,0.0,1.0,0.0,0.0,0.7072296142578125,0.0,1.0
25,0.13862943611198905,0.0035904808901250362,0.0017984692240133882,0.6952061057090759,0.0018022218719124794,0.9990856051445007,0.13862943611198905,0.0,0.0,0.6111747622489929,0.0,1.0,0.0,0.0,0.7072296142578125,0.0,1.0
26,0.13862943611198905,0.0034583560191094875,0.001732173259370029,0.6952410936355591,0.0017356541939079762,0.9991194009780884,0.13862943611198905,0.0,0.0,0.6111747622489929,0.0,1.0,0.0,0.0,0.7072296142578125,0.0,1.0
27,0.13862943611198905,0.003335076617076993,0.001670323545113206,0.6952247023582458,0.0016735601238906384,0.9991509318351746,0.13862943611198905,0.0,0.0,0.6111747622489929,0.0,1.0,0.0,0.0,0.7072296142578125,0.0,1.0
28,0.13862943611198905,0.0032201178837567568,0.0016126554692164063,0.6951937079429626,0.0016156720230355859,0.9991801381111145,0.13862943611198905,0.0,0.0,0.6111748218536377,0.0,1.0,0.0,0.0,0.7072296142578125,0.0,1.0
29,0.13862943611198905,0.0031134672462940216,0.0015591608826071024,0.6952283382415771,0.0015619805781170726,0.9992074966430664,0.13862943611198905,0.0,0.0,0.6111747622489929,0.0,1.0,0.0,0.0,0.7072296142578125,0.0,1.0
30,0.13862943611198905,0.0030132709071040154,0.0015089089283719659,0.6952217817306519,0.0015115494607016444,0.999233067035675,0.13862943611198905,0.0,0.0,0.6111747622489929,0.0,1.0,0.0,0.0,0.7072296142578125,0.0,1.0
31,0.13862943611198905,0.002919125836342573,0.0014616964617744088,0.6951950788497925,0.0014641742454841733,0.9992570281028748,0.13862943611198905,0.0,0.0,0.6111747622489929,0.0,1.0,0.0,0.0,0.7072296142578125,0.0,1.0
32,0.13862943611198905,0.0028306921012699604,0.0014173518866300583,0.6951706409454346,0.0014196818228811026,0.9992794990539551,0.13862943611198905,0.0,0.0,0.6111748218536377,0.0,1.0,0.0,0.0,0.7072296142578125,0.0,1.0
33,0.13862943611198905,0.002747827908024192,0.001375804073177278,0.6951887607574463,0.0013779992004856467,0.9993005990982056,0.13862943611198905,0.0,0.0,0.6111747622489929,0.0,1.0,0.0,0.0,0.7072296142578125,0.0,1.0
34,0.13862943611198905,0.0026693076360970736,0.0013364374171942472,0.6951634883880615,0.001338508678600192,0.9993206858634949,0.13862943611198905,0.0,0.0,0.6111747622489929,0.0,1.0,0.0,0.0,0.7072296142578125,0.0,1.0
35,0.13862943611198905,0.0025957468897104263,0.0012995600700378418,0.6952099204063416,0.0013015184085816145,0.9993395209312439,0.13862943611198905,0.0,0.0,0.6111747622489929,0.0,1.0,0.0,0.0,0.7072296142578125,0.0,1.0
36,0.13862943611198905,0.0025257670786231756,0.0012644804082810879,0.6952097415924072,0.0012663344386965036,0.9993574023246765,0.13862943611198905,0.0,0.0,0.6111748218536377,0.0,1.0,0.0,0.0,0.7072296142578125,0.0,1.0
37,0.13862943611198905,0.002459521172568202,0.001231274800375104,0.6952170133590698,0.0012330325553193688,0.9993743300437927,0.13862943611198905,0.0,0.0,0.6111747622489929,0.0,1.0,0.0,0.0,0.7072296142578125,0.0,1.0
38,0.13862943611198905,0.0023967395536601543,0.0011998076224699616,0.6952337622642517,0.0012014765525236726,0.9993903636932373,0.13862943611198905,0.0,0.0,0.6111747622489929,0.0,1.0,0.0,0.0,0.7072296142578125,0.0,1.0
39,0.13862943611198905,0.002336986595764756,0.0011698603630065918,0.6952371001243591,0.001171446987427771,0.9994056224822998,0.13862943611198905,0.0,0.0,0.6111747622489929,0.0,1.0,0.0,0.0,0.7072296142578125,0.0,1.0
40,0.13862943611198905,0.002280032727867365,0.0011413174215704203,0.6952258348464966,0.0011428275611251593,0.9994200468063354,0.13862943611198905,0.0,0.0,0.6111748218536377,0.0,1.0,0.0,0.0,0.7072296142578125,0.0,1.0
41,0.13862943611198905,0.0022259436082094908,0.0011142119765281677,0.695236325263977,0.0011156511027365923,0.9994339346885681,0.13862943611198905,0.0,0.0,0.6111748218536377,0.0,1.0,0.0,0.0,0.7072296142578125,0.0,1.0
42,0.13862943611198905,0.0021741564851254225,0.0010882612550631166,0.6952176094055176,0.0010896342573687434,0.9994471073150635,0.13862943611198905,0.0,0.0,0.6111747622489929,0.0,1.0,0.0,0.0,0.7072296142578125,0.0,1.0
43,0.13862943611198905,0.0021247912663966417,0.0010635254438966513,0.6952093243598938,0.001064836629666388,0.9994596242904663,0.13862943611198905,0.0,0.0,0.6111747622489929,0.0,1.0,0.0,0.0,0.7072296142578125,0.0,1.0
44,0.13862943611198905,0.002077777637168765,0.0010399691527709365,0.6952248215675354,0.0010412228293716908,0.9994716048240662,0.13862943611198905,0.0,0.0,0.6111747622489929,0.0,1.0,0.0,0.0,0.7072296142578125,0.0,1.0
45,0.13862943611198905,0.002032532822340727,0.0010173001792281866,0.6951996684074402,0.001018499955534935,0.9994831085205078,0.13862943611198905,0.0,0.0,0.6111747622489929,0.0,1.0,0.0,0.0,0.7072296142578125,0.0,1.0
46,0.13862943611198905,0.001989285694435239,0.0009956330759450793,0.695186197757721,0.0009967820951715112,0.9994940757751465,0.13862943611198905,0.0,0.0,0.6111747622489929,0.0,1.0,0.0,0.0,0.7072296142578125,0.0,1.0
47,0.13862943611198905,0.0019477939931675792,0.0009748463635332882,0.6951659917831421,0.0009759478853084147,0.9995046257972717,0.13862943611198905,0.0,0.0,0.6111747622489929,0.0,1.0,0.0,0.0,0.7072296142578125,0.0,1.0
48,0.13862943611198905,0.0019081529462710023,0.0009549875394441187,0.6951714158058167,0.0009560446487739682,0.9995146989822388,0.13862943611198905,0.0,0.0,0.6111747622489929,0.0,1.0,0.0,0.0,0.7072296142578125,0.0,1.0
49,0.13862943611198905,0.0018702297238633037,0.0009359900723211467,0.6951989531517029,0.000937005621381104,0.9995245337486267,0.13862943611198905,0.0,0.0,0.6111748218536377,0.0,1.0,0.0,0.0,0.7072296142578125,0.0,1.0
50,0.13862943611198905,0.0018336779903620481,0.0009176803287118673,0.6952076554298401,0.0009186564129777253,0.9995338320732117,0.13862943611198905,0.0,0.0,0.6111747622489929,0.0,1.0,0.0,0.0,0.7072296142578125,0.0,1.0
51,0.13862943611198905,0.0017986316233873367,0.0009001253638416529,0.6952336430549622,0.0009010643698275089,0.9995427131652832,0.13862943611198905,0.0,0.0,0.6111747622489929,0.0,1.0,0.0,0.0,0.7072296142578125,0.0,1.0
52,0.13862943611198905,0.0017645807238295674,0.0008830694714561105,0.6952034831047058,0.0008839732618071139,0.9995513558387756,0.13862943611198905,0.0,0.0,0.6111747622489929,0.0,1.0,0.0,0.0,0.7072296142578125,0.0,1.0
53,0.13862943611198905,0.00173192226793617,0.0008667116053402424,0.695196807384491,0.000867582275532186,0.9995596408843994,0.13862943611198905,0.0,0.0,0.6111747622489929,0.0,1.0,0.0,0.0,0.7072296142578125,0.0,1.0
54,0.13862943611198905,0.0017004326218739152,0.000850939832162112,0.6951871514320374,0.0008517789538018405,0.9995676279067993,0.13862943611198905,0.0,0.0,0.6111747622489929,0.0,1.0,0.0,0.0,0.7072296142578125,0.0,1.0
55,0.13862943611198905,0.0016702559078112245,0.0008358259801752865,0.6952123045921326,0.000836635590530932,0.9995753765106201,0.13862943611198905,0.0,0.0,0.6111747622489929,0.0,1.0,0.0,0.0,0.7072296142578125,0.0,1.0
56,0.13862943611198905,0.001641110866330564,0.0008212293032556772,0.6952326893806458,0.0008220108575187624,0.999582827091217,0.13862943611198905,0.0,0.0,0.6111747622489929,0.0,1.0,0.0,0.0,0.7072296142578125,0.0,1.0
57,0.13862943611198905,0.0016128594288602471,0.000807080592494458,0.6952323317527771,0.0008078354294411838,0.9995900392532349,0.13862943611198905,0.0,0.0,0.6111748218536377,0.0,1.0,0.0,0.0,0.7072296142578125,0.0,1.0
58,0.13862943611198905,0.0015856417594477534,0.0007934499299153686,0.6952468156814575,0.000794179504737258,0.9995970129966736,0.13862943611198905,0.0,0.0,0.6111747622489929,0.0,1.0,0.0,0.0,0.7072296142578125,0.0,1.0
59,0.13862943611198905,0.0015593072166666389,0.0007802619365975261,0.6952569484710693,0.0007809674716554582,0.9996036887168884,0.13862943611198905,0.0,0.0,0.6111747622489929,0.0,1.0,0.0,0.0,0.7072296142578125,0.0,1.0
60,0.13862943611198905,0.0015338280936703086,0.0007675027009099722,0.6952657103538513,0.0007681853021495044,0.999610185623169,0.13862943611198905,0.0,0.0,0.6111747622489929,0.0,1.0,0.0,0.0,0.7072296142578125,0.0,1.0
61,0.13862943611198905,0.0015091683017089963,0.000755154003854841,0.6952742338180542,0.0007558147772215307,0.9996165037155151,0.13862943611198905,0.0,0.0,0.6111747622489929,0.0,1.0,0.0,0.0,0.7072296142578125,0.0,1.0
62,0.13862943611198905,0.0014852563617751002,0.0007431801059283316,0.6952758431434631,0.0007438200991600752,0.9996225833892822,0.13862943611198905,0.0,0.0,0.6111747622489929,0.0,1.0,0.0,0.0,0.7072296142578125,0.0,1.0
63,0.13862943611198905,0.001462015206925571,0.0007315424154512584,0.6952616572380066,0.0007321625598706305,0.999628484249115,0.13862943611198905,0.0,0.0,0.6111747622489929,0.0,1.0,0.0,0.0,0.7072296142578125,0.0,1.0
64,0.13862943611198905,0.0014395550824701786,0.0007202959968708456,0.6952615976333618,0.0007208971655927598,0.9996342062950134,0.13862943611198905,0.0,0.0,0.6111747622489929,0.0,1.0,0.0,0.0,0.7072296142578125,0.0,1.0
65,0.13862943611198905,0.001417847233824432,0.0007094265311025083,0.695277214050293,0.0007100097136572003,0.9996397495269775,0.13862943611198905,0.0,0.0,0.6111748218536377,0.0,1.0,0.0,0.0,0.7072296142578125,0.0,1.0
66,0.13862943611198905,0.0013967223931103945,0.0006988492677919567,0.6952789425849915,0.0006994151626713574,0.9996451139450073,0.13862943611198905,0.0,0.0,0.6111747622489929,0.0,1.0,0.0,0.0,0.7072296142578125,0.0,1.0
67,0.13862943611198905,0.0013762651942670345,0.0006886064657010138,0.6952910423278809,0.000689155887812376,0.9996503591537476,0.13862943611198905,0.0,0.0,0.6111747622489929,0.0,1.0,0.0,0.0,0.7072296142578125,0.0,1.0
68,0.13862943611198905,0.001356439315713942,0.0006786799640394747,0.6953119039535522,0.0006792136118747294,0.9996554851531982,0.13862943611198905,0.0,0.0,0.6111747622489929,0.0,1.0,0.0,0.0,0.7072296142578125,0.0,1.0
69,0.13862943611198905,0.001337095513008535,0.0006689950241707265,0.6953136920928955,0.0006695135962218046,0.9996603727340698,0.13862943611198905,0.0,0.0,0.6111747622489929,0.0,1.0,0.0,0.0,0.7072296142578125,0.0,1.0
70,0.13862943611198905,0.0013182992115616798,0.0006595844170078635,0.6953163146972656,0.0006600884371437132,0.9996652007102966,0.13862943611198905,0.0,0.0,0.6111747622489929,0.0,1.0,0.0,0.0,0.7072296142578125,0.0,1.0
71,0.13862943611198905,0.001300086616538465,0.0006504661869257689,0.6953336000442505,0.0006509564118459821,0.9996698498725891,0.13862943611198905,0.0,0.0,0.6111747622489929,0.0,1.0,0.0,0.0,0.7072296142578125,0.0,1.0
72,0.13862943611198905,0.0012823562137782574,0.0006415894604288042,0.6953468918800354,0.0006420664140023291,0.999674379825592,0.13862943611198905,0.0,0.0,0.6111747622489929,0.0,1.0,0.0,0.0,0.7072296142578125,0.0,1.0
73,0.13862943611198905,0.0012650825083255768,0.0006329416064545512,0.6953549385070801,0.0006334057543426752,0.9996787309646606,0.13862943611198905,0.0,0.0,0.6111748218536377,0.0,1.0,0.0,0.0,0.7072296142578125,0.0,1.0
74,0.13862943611198905,0.0012482419842854142,0.0006245108088478446,0.6953564882278442,0.0006249626749195158,0.9996830821037292,0.13862943611198905,0.0,0.0,0.6111747622489929,0.0,1.0,0.0,0.0,0.7072296142578125,0.0,1.0
75,0.13862943611198905,0.00123181554954499,0.0006162873469293118,0.6953509449958801,0.0006167273968458176,0.9996872544288635,0.13862943611198905,0.0,0.0,0.6111747622489929,0.0,1.0,0.0,0.0,0.7072296142578125,0.0,1.0
76,0.13862943611198905,0.0012157841119915247,0.0006082618492655456,0.6953375339508057,0.0006086904904805124,0.9996912479400635,0.13862943611198905,0.0,0.0,0.6111747622489929,0.0,1.0,0.0,0.0,0.7072296142578125,0.0,1.0
77,0.13862943611198905,0.0012002491857856512,0.0006004849565215409,0.6953460574150085,0.0006009027129039168,0.9996951818466187,0.13862943611198905,0.0,0.0,0.6111747622489929,0.0,1.0,0.0,0.0,0.7072296142578125,0.0,1.0
78,0.13862943611198905,0.0011851419694721699,0.0005929223261773586,0.695363461971283,0.0005933296051807702,0.999699056148529,0.13862943611198905,0.0,0.0,0.6111747622489929,0.0,1.0,0.0,0.0,0.7072296142578125,0.0,1.0
79,0.13862943611198905,0.001170334522612393,0.0005855098715983331,0.6953607201576233,0.0005859070224687457,0.9997028112411499,0.13862943611198905,0.0,0.0,0.6111747622489929,0.0,1.0,0.0,0.0,0.7072296142578125,0.0,1.0
80,0.13862943611198905,0.0011559107806533575,0.0005782896187156439,0.6953628659248352,0.0005786770489066839,0.999706506729126,0.13862943611198905,0.0,0.0,0.6111747622489929,0.0,1.0,0.0,0.0,0.7072296142578125,0.0,1.0
81,0.13862943611198905,0.0011418701615184546,0.0005712612182833254,0.69537353515625,0.0005716393352486193,0.9997101426124573,0.13862943611198905,0.0,0.0,0.6111748218536377,0.0,1.0,0.0,0.0,0.7072296142578125,0.0,1.0
82,0.13862943611198905,0.0011281338520348072,0.0005643852637149394,0.6953750252723694,0.0005647543002851307,0.9997135400772095,0.13862943611198905,0.0,0.0,0.6111747622489929,0.0,1.0,0.0,0.0,0.7072296142578125,0.0,1.0
83,0.13862943611198905,0.0011146754259243608,0.0005576485418714583,0.6953632235527039,0.0005580087890848517,0.9997170567512512,0.13862943611198905,0.0,0.0,0.6111748218536377,0.0,1.0,0.0,0.0,0.7072296142578125,0.0,1.0
84,0.13862943611198905,0.0011015924392268062,0.0005510997725650668,0.6953677535057068,0.0005514516378752887,0.9997202754020691,0.13862943611198905,0.0,0.0,0.6111747622489929,0.0,1.0,0.0,0.0,0.7072296142578125,0.0,1.0
85,0.13862943611198905,0.0010887777898460627,0.0005446854047477245,0.6953623294830322,0.0005450291791930795,0.9997235536575317,0.13862943611198905,0.0,0.0,0.6111747622489929,0.0,1.0,0.0,0.0,0.7072296142578125,0.0,1.0
86,0.13862943611198905,0.0010762757156044245,0.0005384276155382395,0.6953620910644531,0.0005387634737417102,0.9997267127037048,0.13862943611198905,0.0,0.0,0.6111747622489929,0.0,1.0,0.0,0.0,0.7072296142578125,0.0,1.0
87,0.13862943611198905,0.0010640894761309028,0.0005323279765434563,0.6953709721565247,0.0005326562677510083,0.9997298121452332,0.13862943611198905,0.0,0.0,0.6111747622489929,0.0,1.0,0.0,0.0,0.7072296142578125,0.0,1.0
88,0.13862943611198905,0.001052138046361506,0.0005263459170237184,0.6953687071800232,0.0005266668740659952,0.9997328519821167,0.13862943611198905,0.0,0.0,0.6111747622489929,0.0,1.0,0.0,0.0,0.7072296142578125,0.0,1.0
89,0.13862943611198905,0.001040443661622703,0.000520492612849921,0.6953639984130859,0.0005208064685575664,0.9997358322143555,0.13862943611198905,0.0,0.0,0.6111747622489929,0.0,1.0,0.0,0.0,0.7072296142578125,0.0,1.0
90,0.13862943611198905,0.0010290452046319842,0.0005147875053808093,0.6953708529472351,0.0005150944925844669,0.9997387528419495,0.13862943611198905,0.0,0.0,0.6111748218536377,0.0,1.0,0.0,0.0,0.7072296142578125,0.0,1.0
91,0.13862943611198905,0.0010178805096074939,0.0005091993953101337,0.6953735947608948,0.0005094997468404472,0.9997416734695435,0.13862943611198905,0.0,0.0,0.6111747622489929,0.0,1.0,0.0,0.0,0.7072296142578125,0.0,1.0
92,0.13862943611198905,0.0010069530690088868,0.0005037301452830434,0.6953756213188171,0.0005040240939706564,0.9997444152832031,0.13862943611198905,0.0,0.0,0.6111747622489929,0.0,1.0,0.0,0.0,0.7072296142578125,0.0,1.0
93,0.13862943611198905,0.00099623529240489,0.0004983659600839019,0.695370614528656,0.0004986536805517972,0.999747097492218,0.13862943611198905,0.0,0.0,0.6111747622489929,0.0,1.0,0.0,0.0,0.7072296142578125,0.0,1.0
94,0.13862943611198905,0.0009857466211542487,0.000493116385769099,0.6953667998313904,0.0004933980526402593,0.9997497200965881,0.13862943611198905,0.0,0.0,0.6111747622489929,0.0,1.0,0.0,0.0,0.7072296142578125,0.0,1.0
95,0.13862943611198905,0.0009754841448739171,0.0004879800835624337,0.6953654885292053,0.00048825592966750264,0.999752402305603,0.13862943611198905,0.0,0.0,0.6111747622489929,0.0,1.0,0.0,0.0,0.7072296142578125,0.0,1.0
96,0.13862943611198905,0.0009654851746745408,0.00048297573812305927,0.6953805685043335,0.0004832459380850196,0.9997549057006836,0.13862943611198905,0.0,0.0,0.6111747622489929,0.0,1.0,0.0,0.0,0.7072296142578125,0.0,1.0
97,0.13862943611198905,0.0009556380100548267,0.00047804744099266827,0.6953790783882141,0.0004783121694345027,0.9997574687004089,0.13862943611198905,0.0,0.0,0.6111747622489929,0.0,1.0,0.0,0.0,0.7072296142578125,0.0,1.0
98,0.13862943611198905,0.0009460021974518895,0.0004732249362859875,0.6953816413879395,0.00047348433872684836,0.9997599124908447,0.13862943611198905,0.0,0.0,0.6111748218536377,0.0,1.0,0.0,0.0,0.7072296142578125,0.0,1.0
99,0.13862943611198905,0.0009365401929244399,0.0004684894811362028,0.6953780651092529,0.00046874373219907284,0.9997622966766357,0.13862943611198905,0.0,0.0,0.6111748218536377,0.0,1.0,0.0,0.0,0.7072296142578125,0.0,1.0
100,0.13862943611198905,0.000927287619560957,0.00046385888708755374,0.6953819394111633,0.0004641081322915852,0.9997646808624268,0.13862943611198905,0.0,0.0,0.6111747622489929,0.0,1.0,0.0,0.0,0.7072296142578125,0.0,1.0
101,0.13862943611198905,0.000918225385248661,0.00045932357897982,0.695388674736023,0.0004595679638441652,0.999767005443573,0.13862943611198905,0.0,0.0,0.6111747622489929,0.0,1.0,0.0,0.0,0.7072296142578125,0.0,1.0
102,0.13862943611198905,0.0009093189146369696,0.00045486626913771033,0.6953887343406677,0.00045510593918152153,0.9997692704200745,0.13862943611198905,0.0,0.0,0.6111747622489929,0.0,1.0,0.0,0.0,0.7072296142578125,0.0,1.0
103,0.13862943611198905,0.0009006034233607352,0.000450504565378651,0.6953955888748169,0.0004507396661210805,0.9997713565826416,0.13862943611198905,0.0,0.0,0.6111747622489929,0.0,1.0,0.0,0.0,0.7072296142578125,0.0,1.0
104,0.13862943611198905,0.0008920201798900962,0.00044620910193771124,0.6953908801078796,0.0004464397206902504,0.9997736215591431,0.13862943611198905,0.0,0.0,0.6111747622489929,0.0,1.0,0.0,0.0,0.7072296142578125,0.0,1.0
105,0.13862943611198905,0.000883633503690362,0.00044201203854754567,0.6953981518745422,0.00044223834993317723,0.999775767326355,0.13862943611198905,0.0,0.0,0.6111747622489929,0.0,1.0,0.0,0.0,0.7072296142578125,0.0,1.0
106,0.13862943611198905,0.0008753836737014353,0.00043788348557427526,0.6953985691070557,0.0004381055769044906,0.9997778534889221,0.13862943611198905,0.0,0.0,0.6111748218536377,0.0,1.0,0.0,0.0,0.7072296142578125,0.0,1.0
107,0.13862943611198905,0.0008672793046571314,0.00043382777948863804,0.6953965425491333,0.0004340458253864199,0.9997799396514893,0.13862943611198905,0.0,0.0,0.6111747622489929,0.0,1.0,0.0,0.0,0.7072296142578125,0.0,1.0
108,0.13862943611198905,0.000859327323269099,0.00042984835454262793,0.6953957676887512,0.00043006238411180675,0.9997819662094116,0.13862943611198905,0.0,0.0,0.6111747622489929,0.0,1.0,0.0,0.0,0.7072296142578125,0.0,1.0
109,0.13862943611198905,0.0008515542722307146,0.00042595851118676364,0.6954073309898376,0.0004261686699464917,0.9997839331626892,0.13862943611198905,0.0,0.0,0.6111747622489929,0.0,1.0,0.0,0.0,0.7072296142578125,0.0,1.0
110,0.13862943611198905,0.0008438682416453958,0.0004221122362650931,0.695399820804596,0.0004223186115268618,0.9997857809066772,0.13862943611198905,0.0,0.0,0.6111747622489929,0.0,1.0,0.0,0.0,0.7072296142578125,0.0,1.0
111,0.13862943611198905,0.0008363578817807138,0.0004183539131190628,0.6954063773155212,0.00041855662129819393,0.9997878074645996,0.13862943611198905,0.0,0.0,0.6111747622489929,0.0,1.0,0.0,0.0,0.7072296142578125,0.0,1.0
112,0.13862943611198905,0.0008289312245324254,0.0004146374703850597,0.69539475440979,0.00041483662789687514,0.9997896552085876,0.13862943611198905,0.0,0.0,0.6111747622489929,0.0,1.0,0.0,0.0,0.7072296142578125,0.0,1.0
113,0.13862943611198905,0.0008216678397729993,0.0004110027803108096,0.6953955292701721,0.0004111984744668007,0.9997913837432861,0.13862943611198905,0.0,0.0,0.6111747622489929,0.0,1.0,0.0,0.0,0.7072296142578125,0.0,1.0
114,0.13862943611198905,0.0008145287865772843,0.00040743028512224555,0.6953955292701721,0.0004076225741300732,0.9997933506965637,0.13862943611198905,0.0,0.0,0.6111748218536377,0.0,1.0,0.0,0.0,0.7072296142578125,0.0,1.0
115,0.13862943611198905,0.0008075420628301799,0.00040393410017713904,0.6954066753387451,0.00040412310045212507,0.9997950196266174,0.13862943611198905,0.0,0.0,0.6111748218536377,0.0,1.0,0.0,0.0,0.7072296142578125,0.0,1.0
116,0.13862943611198905,0.000800641777459532,0.00040048116352409124,0.6954052448272705,0.00040066696237772703,0.9997967481613159,0.13862943611198905,0.0,0.0,0.6111747622489929,0.0,1.0,0.0,0.0,0.7072296142578125,0.0,1.0
117,0.13862943611198905,0.000793870014604181,0.00039709260454401374,0.6954082250595093,0.00039727528928779066,0.999798595905304,0.13862943611198905,0.0,0.0,0.6111747622489929,0.0,1.0,0.0,0.0,0.7072296142578125,0.0,1.0
118,0.13862943611198905,0.0007872135611250997,0.00039376175845973194,0.6954119205474854,0.0003939413873013109,0.9998002648353577,0.13862943611198905,0.0,0.0,0.6111747622489929,0.0,1.0,0.0,0.0,0.7072296142578125,0.0,1.0
119,0.13862943611198905,0.0007806617650203407,0.00039048324106261134,0.6954131126403809,0.00039065987220965326,0.9998019337654114,0.13862943611198905,0.0,0.0,0.6111747622489929,0.0,1.0,0.0,0.0,0.7072296142578125,0.0,1.0
120,0.13862943611198905,0.0007741934969089925,0.000387246604077518,0.6954047083854675,0.00038742032484151423,0.9998034834861755,0.13862943611198905,0.0,0.0,0.6111747622489929,0.0,1.0,0.0,0.0,0.7072296142578125,0.0,1.0
121,0.13862943611198905,0.0007678659749217331,0.0003840803983621299,0.6954100131988525,0.00038425129605457187,0.999805212020874,0.13862943611198905,0.0,0.0,0.6111747622489929,0.0,1.0,0.0,0.0,0.7072296142578125,0.0,1.0
122,0.13862943611198905,0.0007616552175022662,0.000380972633138299,0.6954209208488464,0.00038114076596684754,0.9998067617416382,0.13862943611198905,0.0,0.0,0.6111748218536377,0.0,1.0,0.0,0.0,0.7072296142578125,0.0,1.0
123,0.13862943611198905,0.0007555173360742629,0.00037790139322169125,0.6954209208488464,0.0003780668484978378,0.9998082518577576,0.13862943611198905,0.0,0.0,0.6111747622489929,0.0,1.0,0.0,0.0,0.7072296142578125,0.0,1.0
124,0.13862943611198905,0.0007494803285226226,0.00037488064845092595,0.6954219937324524,0.00037504342617467046,0.9998098015785217,0.13862943611198905,0.0,0.0,0.6111747622489929,0.0,1.0,0.0,0.0,0.7072296142578125,0.0,1.0
125,0.13862943611198905,0.0007435496081598103,0.0003719130763784051,0.695427417755127,0.00037207332206889987,0.9998112916946411,0.13862943611198905,0.0,0.0,0.6111747622489929,0.0,1.0,0.0,0.0,0.7072296142578125,0.0,1.0
126,0.13862943611198905,0.0007377139409072697,0.0003689930308610201,0.6954334378242493,0.0003691507736220956,0.9998128414154053,0.13862943611198905,0.0,0.0,0.6111747622489929,0.0,1.0,0.0,0.0,0.7072296142578125,0.0,1.0
127,0.13862943611198905,0.000731964479200542,0.0003661162336356938,0.695437490940094,0.00036627150257118046,0.9998143315315247,0.13862943611198905,0.0,0.0,0.6111747622489929,0.0,1.0,0.0,0.0,0.7072296142578125,0.0,1.0
128,0.13862943611198905,0.0007263117004185915,0.00036328774876892567,0.6954447031021118,0.0003634406311903149,0.9998157024383545,0.13862943611198905,0.0,0.0,0.6111747622489929,0.0,1.0,0.0,0.0,0.7072296142578125,0.0,1.0
129,0.13862943611198905,0.0007207364542409778,0.0003604981175158173,0.6954479813575745,0.0003606486425269395,0.9998171925544739,0.13862943611198905,0.0,0.0,0.6111747622489929,0.0,1.0,0.0,0.0,0.7072296142578125,0.0,1.0
130,0.13862943611198905,0.0007152242469601333,0.00035774006391875446,0.6954419016838074,0.00035788831883110106,0.9998185634613037,0.13862943611198905,0.0,0.0,0.6111747622489929,0.0,1.0,0.0,0.0,0.7072296142578125,0.0,1.0
131,0.13862943611198905,0.0007097877096384764,0.00035501987440511584,0.6954324245452881,0.0003551658592186868,0.9998199343681335,0.13862943611198905,0.0,0.0,0.6111748218536377,0.0,1.0,0.0,0.0,0.7072296142578125,0.0,1.0
132,0.13862943611198905,0.00070445571327582,0.00035235192626714706,0.6954328417778015,0.0003524957282934338,0.9998212456703186,0.13862943611198905,0.0,0.0,0.6111747622489929,0.0,1.0,0.0,0.0,0.7072296142578125,0.0,1.0
133,0.13862943611198905,0.0006992222042754292,0.0003497333382256329,0.6954415440559387,0.0003498750156722963,0.9998225569725037,0.13862943611198905,0.0,0.0,0.6111747622489929,0.0,1.0,0.0,0.0,0.7072296142578125,0.0,1.0
134,0.13862943611198905,0.0006940393359400332,0.000347140128724277,0.6954385042190552,0.0003472797106951475,0.9998239278793335,0.13862943611198905,0.0,0.0,0.6111747622489929,0.0,1.0,0.0,0.0,0.7072296142578125,0.0,1.0
135,0.13862943611198905,0.000688941334374249,0.0003445893817115575,0.6954392194747925,0.00034472692641429603,0.9998252391815186,0.13862943611198905,0.0,0.0,0.6111747622489929,0.0,1.0,0.0,0.0,0.7072296142578125,0.0,1.0
136,0.13862943611198905,0.0006839040433987975,0.00034206898999400437,0.6954339146614075,0.0003422045265324414,0.9998265504837036,0.13862943611198905,0.0,0.0,0.6111747622489929,0.0,1.0,0.0,0.0,0.7072296142578125,0.0,1.0
137,0.13862943611198905,0.0006789666949771345,0.0003395985986571759,0.6954406499862671,0.0003397321852389723,0.9998278021812439,0.13862943611198905,0.0,0.0,0.6111747622489929,0.0,1.0,0.0,0.0,0.7072296142578125,0.0,1.0
138,0.13862943611198905,0.00067409552866593,0.00033716141479089856,0.6954452991485596,0.0003372930805198848,0.9998289942741394,0.13862943611198905,0.0,0.0,0.6111747622489929,0.0,1.0,0.0,0.0,0.7072296142578125,0.0,1.0
139,0.13862943611198905,0.0006692741881124675,0.00033474911469966173,0.6954408884048462,0.0003348788886796683,0.9998302459716797,0.13862943611198905,0.0,0.0,0.6111747622489929,0.0,1.0,0.0,0.0,0.7072296142578125,0.0,1.0
140,0.13862943611198905,0.000664526829496026,0.00033237383468076587,0.6954391002655029,0.0003325018042232841,0.9998314380645752,0.13862943611198905,0.0,0.0,0.6111747622489929,0.0,1.0,0.0,0.0,0.7072296142578125,0.0,1.0
141,0.13862943611198905,0.0006598418112844229,0.0003300297539681196,0.6954352855682373,0.00033015591907314956,0.9998326301574707,0.13862943611198905,0.0,0.0,0.6111747622489929,0.0,1.0,0.0,0.0,0.7072296142578125,0.0,1.0
142,0.13862943611198905,0.0006552170380018651,0.000327715853927657,0.6954289674758911,0.0003278402436990291,0.9998337030410767,0.13862943611198905,0.0,0.0,0.6111747622489929,0.0,1.0,0.0,0.0,0.7072296142578125,0.0,1.0
143,0.13862943611198905,0.0006506801582872868,0.000325445958878845,0.6954337954521179,0.0003255686315242201,0.9998349547386169,0.13862943611198905,0.0,0.0,0.6111747622489929,0.0,1.0,0.0,0.0,0.7072296142578125,0.0,1.0
144,0.13862943611198905,0.0006461864104494452,0.0003231976297684014,0.6954294443130493,0.00032331861439161,0.9998360872268677,0.13862943611198905,0.0,0.0,0.6111747622489929,0.0,1.0,0.0,0.0,0.7072296142578125,0.0,1.0
145,0.13862943611198905,0.0006417640834115446,0.0003209850110579282,0.6954298615455627,0.00032110436586663127,0.9998371601104736,0.13862943611198905,0.0,0.0,0.6111747622489929,0.0,1.0,0.0,0.0,0.7072296142578125,0.0,1.0
146,0.13862943611198905,0.000637388729956001,0.000318795966450125,0.6954239010810852,0.00031891369144432247,0.9998382925987244,0.13862943611198905,0.0,0.0,0.6111747622489929,0.0,1.0,0.0,0.0,0.7072296142578125,0.0,1.0
147,0.13862943611198905,0.000633087707683444,0.000316644087433815,0.6954253315925598,0.0003167602408211678,0.9998394250869751,0.13862943611198905,0.0,0.0,0.6111748218536377,0.0,1.0,0.0,0.0,0.7072296142578125,0.0,1.0
148,0.13862943611198905,0.0006288241711445153,0.00031451095128431916,0.6954169273376465,0.0003146255330648273,0.999840497970581,0.13862943611198905,0.0,0.0,0.6111747622489929,0.0,1.0,0.0,0.0,0.7072296142578125,0.0,1.0
149,0.13862943611198905,0.0006246409611776471,0.00031241803662851453,0.6954200267791748,0.0003125310759060085,0.9998414516448975,0.13862943611198905,0.0,0.0,0.6111747622489929,0.0,1.0,0.0,0.0,0.7072296142578125,0.0,1.0
150,0.13862943611198905,0.000620493374299258,0.00031034296262077987,0.6954134702682495,0.000310454546706751,0.9998425841331482,0.13862943611198905,0.0,0.0,0.6111747622489929,0.0,1.0,0.0,0.0,0.7072296142578125,0.0,1.0
151,0.13862943611198905,0.0006164092919789255,0.0003082996408920735,0.695411205291748,0.00030840974068269134,0.9998436570167542,0.13862943611198905,0.0,0.0,0.6111747622489929,0.0,1.0,0.0,0.0,0.7072296142578125,0.0,1.0
152,0.13862943611198905,0.0006123948842287064,0.0003062911855522543,0.6954171657562256,0.00030639985925517976,0.9998446106910706,0.13862943611198905,0.0,0.0,0.6111747622489929,0.0,1.0,0.0,0.0,0.7072296142578125,0.0,1.0
153,0.13862943611198905,0.0006084160413593054,0.0003043005708605051,0.6954147815704346,0.00030440781847573817,0.9998456835746765,0.13862943611198905,0.0,0.0,0.6111747622489929,0.0,1.0,0.0,0.0,0.7072296142578125,0.0,1.0
154,0.13862943611198905,0.0006044954061508179,0.0003023390891030431,0.6954159736633301,0.0003024449688382447,0.9998466372489929,0.13862943611198905,0.0,0.0,0.6111747622489929,0.0,1.0,0.0,0.0,0.7072296142578125,0.0,1.0
155,0.13862943611198905,0.0006006215699017048,0.0003004009777214378,0.6954153776168823,0.00030050548957660794,0.9998475909233093,0.13862943611198905,0.0,0.0,0.6111747622489929,0.0,1.0,0.0,0.0,0.7072296142578125,0.0,1.0
156,0.13862943611198905,0.000596798665355891,0.0002984883903991431,0.6954156160354614,0.00029859162168577313,0.9998485445976257,0.13862943611198905,0.0,0.0,0.6111747622489929,0.0,1.0,0.0,0.0,0.7072296142578125,0.0,1.0
157,0.13862943611198905,0.0005930415936745703,0.00029660871950909495,0.6954247951507568,0.000296710612019524,0.9998494982719421,0.13862943611198905,0.0,0.0,0.6111747622489929,0.0,1.0,0.0,0.0,0.7072296142578125,0.0,1.0
158,0.13862943611198905,0.000589299772400409,0.00029473670292645693,0.6954174041748047,0.0002948373439721763,0.9998505115509033,0.13862943611198905,0.0,0.0,0.6111747622489929,0.0,1.0,0.0,0.0,0.7072296142578125,0.0,1.0
159,0.13862943611198905,0.000585622270591557,0.00029289687518030405,0.695419192314148,0.0002929962647613138,0.9998514652252197,0.13862943611198905,0.0,0.0,0.6111747622489929,0.0,1.0,0.0,0.0,0.7072296142578125,0.0,1.0
160,0.13862943611198905,0.0005819753860123456,0.00029107241425663233,0.6954131722450256,0.00029117055237293243,0.9998523592948914,0.13862943611198905,0.0,0.0,0.6111747622489929,0.0,1.0,0.0,0.0,0.7072296142578125,0.0,1.0
161,0.13862943611198905,0.0005783769302070141,0.0002892721095122397,0.6954088807106018,0.0002893690252676606,0.9998533129692078,0.13862943611198905,0.0,0.0,0.6111747622489929,0.0,1.0,0.0,0.0,0.7072296142578125,0.0,1.0
162,0.13862943611198905,0.0005748288822360337,0.0002874970668926835,0.6954079866409302,0.00028759281849488616,0.9998542070388794,0.13862943611198905,0.0,0.0,0.6111747622489929,0.0,1.0,0.0,0.0,0.7072296142578125,0.0,1.0
163,0.13862943611198905,0.0005713150021620095,0.00028573907911777496,0.6954021453857422,0.00028583366656675935,0.999855101108551,0.13862943611198905,0.0,0.0,0.6111748218536377,0.0,1.0,0.0,0.0,0.7072296142578125,0.0,1.0
164,0.13862943611198905,0.0005678468733094633,0.0002840040251612663,0.6953980922698975,0.0002840974775608629,0.9998558759689331,0.13862943611198905,0.0,0.0,0.6111747622489929,0.0,1.0,0.0,0.0,0.7072296142578125,0.0,1.0
165,0.13862943611198905,0.0005644150078296661,0.00028228716109879315,0.695391058921814,0.00028237944934517145,0.9998567700386047,0.13862943611198905,0.0,0.0,0.6111747622489929,0.0,1.0,0.0,0.0,0.7072296142578125,0.0,1.0
166,0.13862943611198905,0.0005610365769825876,0.00028059695614501834,0.6953907608985901,0.00028068816754966974,0.9998576045036316,0.13862943611198905,0.0,0.0,0.6111747622489929,0.0,1.0,0.0,0.0,0.7072296142578125,0.0,1.0
167,0.13862943611198905,0.0005577131523750722,0.0002789343416225165,0.6953985095024109,0.00027902444708161056,0.9998584389686584,0.13862943611198905,0.0,0.0,0.6111748218536377,0.0,1.0,0.0,0.0,0.7072296142578125,0.0,1.0
168,0.13862943611198905,0.0005544173764064908,0.0002772855223156512,0.6953998804092407,0.0002773745800368488,0.9998592734336853,0.13862943611198905,0.0,0.0,0.6111747622489929,0.0,1.0,0.0,0.0,0.7072296142578125,0.0,1.0
169,0.13862943611198905,0.0005511540221050382,0.0002756529429461807,0.6953977346420288,0.00027574095292948186,0.9998601078987122,0.13862943611198905,0.0,0.0,0.6111747622489929,0.0,1.0,0.0,0.0,0.7072296142578125,0.0,1.0
170,0.13862943611198905,0.0005479272222146392,0.00027403869898989797,0.69539475440979,0.00027412569033913314,0.9998610019683838,0.13862943611198905,0.0,0.0,0.6111747622489929,0.0,1.0,0.0,0.0,0.7072296142578125,0.0,1.0
171,0.13862943611198905,0.0005447356379590929,0.00027244200464338064,0.6953904032707214,0.00027252797735854983,0.9998617172241211,0.13862943611198905,0.0,0.0,0.6111747622489929,0.0,1.0,0.0,0.0,0.7072296142578125,0.0,1.0
172,0.13862943611198905,0.0005415712366811931,0.0002708589599933475,0.695380687713623,0.0002709439431782812,0.999862551689148,0.13862943611198905,0.0,0.0,0.6111748218536377,0.0,1.0,0.0,0.0,0.7072296142578125,0.0,1.0
173,0.13862943611198905,0.0005384681862778962,0.00026930661988444626,0.6953850984573364,0.0002693906135391444,0.9998633861541748,0.13862943611198905,0.0,0.0,0.6111747622489929,0.0,1.0,0.0,0.0,0.7072296142578125,0.0,1.0
174,0.13862943611198905,0.00053540023509413,0.00026777180028147995,0.6953892111778259,0.000267854833509773,0.9998641610145569,0.13862943611198905,0.0,0.0,0.6111748218536377,0.0,1.0,0.0,0.0,0.7072296142578125,0.0,1.0
175,0.13862943611198905,0.0005323523655533791,0.0002662470506038517,0.6953849792480469,0.0002663291525095701,0.999864935874939,0.13862943611198905,0.0,0.0,0.6111747622489929,0.0,1.0,0.0,0.0,0.7072296142578125,0.0,1.0
176,0.13862943611198905,0.0005293456488288939,0.0002647428773343563,0.6953846216201782,0.00026482404791750014,0.9998656511306763,0.13862943611198905,0.0,0.0,0.6111747622489929,0.0,1.0,0.0,0.0,0.7072296142578125,0.0,1.0
177,0.13862943611198905,0.0005263692582957447,0.00026325389626435935,0.6953822374343872,0.0002633341937325895,0.9998664259910583,0.13862943611198905,0.0,0.0,0.6111747622489929,0.0,1.0,0.0,0.0,0.7072296142578125,0.0,1.0
178,0.13862943611198905,0.0005234354757703841,0.0002617862483020872,0.6953853368759155,0.00026186564355157316,0.9998672008514404,0.13862943611198905,0.0,0.0,0.6111747622489929,0.0,1.0,0.0,0.0,0.7072296142578125,0.0,1.0
179,0.13862943611198905,0.0005205306806601584,0.0002603330940473825,0.6953862905502319,0.0002604115870781243,0.9998679161071777,0.13862943611198905,0.0,0.0,0.6111747622489929,0.0,1.0,0.0,0.0,0.7072296142578125,0.0,1.0
180,0.13862943611198905,0.0005176541162654757,0.00025889408425427973,0.6953849792480469,0.00025897170417010784,0.9998686909675598,0.13862943611198905,0.0,0.0,0.6111747622489929,0.0,1.0,0.0,0.0,0.7072296142578125,0.0,1.0
181,0.13862943611198905,0.0005148143391124904,0.0002574734389781952,0.6953867673873901,0.00025755021488294005,0.9998693466186523,0.13862943611198905,0.0,0.0,0.6111748218536377,0.0,1.0,0.0,0.0,0.7072296142578125,0.0,1.0
182,0.13862943611198905,0.0005119977868162096,0.0002560644061304629,0.6953838467597961,0.00025614036712795496,0.9998701214790344,0.13862943611198905,0.0,0.0,0.6111747622489929,0.0,1.0,0.0,0.0,0.7072296142578125,0.0,1.0
183,0.13862943611198905,0.0005092127248644829,0.00025467120576649904,0.6953815817832947,0.00025474632275290787,0.9998708367347717,0.13862943611198905,0.0,0.0,0.6111747622489929,0.0,1.0,0.0,0.0,0.7072296142578125,0.0,1.0
184,0.13862943611198905,0.0005064620636403561,0.0002532951766625047,0.6953818798065186,0.0002533694787416607,0.999871551990509,0.13862943611198905,0.0,0.0,0.6111747622489929,0.0,1.0,0.0,0.0,0.7072296142578125,0.0,1.0
185,0.13862943611198905,0.0005037371884100139,0.00025193204055540264,0.6953798532485962,0.0002520055277273059,0.9998721480369568,0.13862943611198905,0.0,0.0,0.6111747622489929,0.0,1.0,0.0,0.0,0.7072296142578125,0.0,1.0
186,0.13862943611198905,0.0005010401364415884,0.0002505828451830894,0.6953770518302917,0.00025065557565540075,0.9998728036880493,0.13862943611198905,0.0,0.0,0.6111747622489929,0.0,1.0,0.0,0.0,0.7072296142578125,0.0,1.0
187,0.13862943611198905,0.0004983743419870734,0.0002492492494639009,0.6953758001327515,0.0002493212232366204,0.9998735189437866,0.13862943611198905,0.0,0.0,0.6111747622489929,0.0,1.0,0.0,0.0,0.7072296142578125,0.0,1.0
188,0.13862943611198905,0.0004957278142683208,0.000247925374424085,0.6953690648078918,0.0002479965623933822,0.9998742341995239,0.13862943611198905,0.0,0.0,0.6111748218536377,0.0,1.0,0.0,0.0,0.7072296142578125,0.0,1.0
189,0.13862943611198905,0.0004931136500090361,0.00024661762290634215,0.6953651309013367,0.0002466880832798779,0.9998748898506165,0.13862943611198905,0.0,0.0,0.6111747622489929,0.0,1.0,0.0,0.0,0.7072296142578125,0.0,1.0
190,0.13862943611198905,0.0004905334208160639,0.000245326868025586,0.695365309715271,0.0002453965716995299,0.9998754858970642,0.13862943611198905,0.0,0.0,0.6111748218536377,0.0,1.0,0.0,0.0,0.7072296142578125,0.0,1.0
191,0.13862943611198905,0.0004879732441622764,0.00024404615396633744,0.6953611969947815,0.00024411514459643513,0.9998761415481567,0.13862943611198905,0.0,0.0,0.6111747622489929,0.0,1.0,0.0,0.0,0.7072296142578125,0.0,1.0
192,0.13862943611198905,0.00048544741002842784,0.00024278262571897358,0.6953620314598083,0.00024285088875330985,0.999876856803894,0.13862943611198905,0.0,0.0,0.6111747622489929,0.0,1.0,0.0,0.0,0.7072296142578125,0.0,1.0
193,0.13862943611198905,0.00048294750740751624,0.0002415320632280782,0.6953627467155457,0.0002415996277704835,0.9998774528503418,0.13862943611198905,0.0,0.0,0.6111747622489929,0.0,1.0,0.0,0.0,0.7072296142578125,0.0,1.0
194,0.13862943611198905,0.00048047478776425123,0.00024029513588175178,0.6953645348548889,0.00024036200193222612,0.9998781085014343,0.13862943611198905,0.0,0.0,0.6111747622489929,0.0,1.0,0.0,0.0,0.7072296142578125,0.0,1.0
195,0.13862943611198905,0.0004780267190653831,0.00023907050490379333,0.6953659057617188,0.00023913670156616718,0.9998787045478821,0.13862943611198905,0.0,0.0,0.6111747622489929,0.0,1.0,0.0,0.0,0.7072296142578125,0.0,1.0
196,0.13862943611198905,0.00047559739323332906,0.00023785523080732673,0.6953632831573486,0.00023792075808160007,0.9998793005943298,0.13862943611198905,0.0,0.0,0.6111747622489929,0.0,1.0,0.0,0.0,0.7072296142578125,0.0,1.0
197,0.13862943611198905,0.0004731968219857663,0.00023665437765885144,0.6953635215759277,0.0002367192500969395,0.9998800158500671,0.13862943611198905,0.0,0.0,0.6111748218536377,0.0,1.0,0.0,0.0,0.7072296142578125,0.0,1.0
198,0.13862943611198905,0.0004708191263489425,0.00023546497686766088,0.6953629851341248,0.00023552919446956366,0.9998804926872253,0.13862943611198905,0.0,0.0,0.6111747622489929,0.0,1.0,0.0,0.0,0.7072296142578125,0.0,1.0
199,0.13862943611198905,0.0004684751620516181,0.00023429244174622,0.6953688263893127,0.00023435603361576796,0.9998812079429626,0.13862943611198905,0.0,0.0,0.6111748218536377,0.0,1.0,0.0,0.0,0.7072296142578125,0.0,1.0
