,train_loss,train_dice,train_iou,train_acc,train_sens,train_spec,val_loss,val_dice,val_iou,val_acc,val_sens,val_spec,test_dice,test_iou,test_acc,test_sens,test_spec
0,0.5687283772823213,0.5849255323410034,0.41335317492485046,0.731762707233429,0.6098785400390625,0.7864964604377747,0.6008317781920458,0.7227994203567505,0.5659247040748596,0.7257606387138367,0.9195364713668823,0.6024817824363708,0.9200321435928345,0.851906955242157,0.9541244506835938,0.901387631893158,0.9759557843208313
1,0.5287380283625506,0.6547008156776428,0.48665815591812134,0.7680400013923645,0.7095941305160522,0.7942859530448914,0.521368590777472,0.7248402237892151,0.5684309005737305,0.7276462316513062,0.9225847125053406,0.6036277413368225,0.9200321435928345,0.851906955242157,0.9541244506835938,0.901387631893158,0.9759557843208313
2,0.5287593797985948,0.6630417704582214,0.49593305587768555,0.7543863654136658,0.7797706723213196,0.7429872155189514,0.5205088030219116,0.736304759979248,0.5826600193977356,0.7480058073997498,0.9048182964324951,0.6482427716255188,0.9200321435928345,0.851906955242157,0.9541244506835938,0.901387631893158,0.9759557843208313
3,0.5264139367857968,0.6802656054496765,0.5154563784599304,0.7675708532333374,0.7978647947311401,0.7539669275283813,0.5000245865009911,0.7379406094551086,0.584711492061615,0.7563603520393372,0.8822369575500488,0.6762784719467163,0.9200321435928345,0.851906955242157,0.9541244506835938,0.901387631893158,0.9759557843208313
4,0.5241165199692177,0.6923799514770508,0.5294963717460632,0.778851330280304,0.8030893802642822,0.7679669857025146,0.4786263234461917,0.7357118129730225,0.5819178223609924,0.7507138848304749,0.8923673629760742,0.6605948805809021,0.9200321435928345,0.851906955242157,0.9541244506835938,0.901387631893158,0.9759557843208313
5,0.5213075182978428,0.6975139379501343,0.5355250835418701,0.77857506275177,0.823803722858429,0.7582644820213318,0.4929863291648451,0.7392790913581848,0.5863938927650452,0.755503237247467,0.8914997577667236,0.6689831018447876,0.9200321435928345,0.851906955242157,0.9541244506835938,0.901387631893158,0.9759557843208313
6,0.5330620823287782,0.7060577869415283,0.5456640720367432,0.786176860332489,0.8286718130111694,0.7670939564704895,0.6674051594045114,0.7437716126441956,0.5920671224594116,0.7621076703071594,0.8879901766777039,0.6820220947265625,0.9200321435928345,0.851906955242157,0.9541244506835938,0.901387631893158,0.9759557843208313
7,0.5140225956987181,0.7170230150222778,0.5588743686676025,0.7953839898109436,0.836510181427002,0.7769156694412231,0.4464814963667948,0.7495242357254028,0.5993911623954773,0.7694007158279419,0.8873466849327087,0.6943643093109131,0.9200321435928345,0.851906955242157,0.9541244506835938,0.901387631893158,0.9759557843208313
8,0.5124675310444515,0.7260465621948242,0.5699161291122437,0.80269855260849,0.8436604142189026,0.7843040227890015,0.4739281473200463,0.7525826096534729,0.6033125519752502,0.7717334032058716,0.8928564786911011,0.694675862789154,0.9200321435928345,0.851906955242157,0.9541244506835938,0.901387631893158,0.9759557843208313
9,0.5137050891805929,0.7345376014709473,0.5804499387741089,0.8102476000785828,0.847125768661499,0.7936869263648987,0.4992435347157855,0.758316695690155,0.6107166409492493,0.7800260782241821,0.887545645236969,0.7116228938102722,0.9200321435928345,0.851906955242157,0.9541244506835938,0.901387631893158,0.9759557843208313
10,0.5094583305555087,0.7434225082397461,0.5916248559951782,0.8176624774932861,0.8523988127708435,0.8020636439323425,0.4803366982144903,0.7633293271064758,0.6172454357147217,0.7858157157897949,0.8883223533630371,0.7206017374992371,0.9200321435928345,0.851906955242157,0.9541244506835938,0.901387631893158,0.9759557843208313
11,0.512376460999683,0.7505266666412354,0.6006744503974915,0.8232215046882629,0.8580668568611145,0.8075737357139587,0.5249745436389168,0.767124354839325,0.6222235560417175,0.7898277044296265,0.8902922868728638,0.725912868976593,0.9200321435928345,0.851906955242157,0.9541244506835938,0.901387631893158,0.9759557843208313
12,0.507364482283671,0.7575495839118958,0.6097222566604614,0.8293036818504333,0.8605222702026367,0.8152844905853271,0.4870123837083715,0.7695046663284302,0.6253616809844971,0.7926986217498779,0.8899526000022888,0.7308262586593628,0.9200321435928345,0.851906955242157,0.9541244506835938,0.901387631893158,0.9759557843208313
13,0.5151463862570218,0.7638989686965942,0.6179906725883484,0.8345284461975098,0.863795280456543,0.82138592004776,0.6230927947688023,0.7735393643379211,0.6307086944580078,0.7974789142608643,0.8895604014396667,0.7388973236083984,0.9200321435928345,0.851906955242157,0.9541244506835938,0.901387631893158,0.9759557843208313
14,0.5142364568896226,0.76835036277771,0.6238384246826172,0.8377059698104858,0.8685199618339539,0.8238685131072998,0.5360207700237438,0.7776710391044617,0.6362207531929016,0.802201509475708,0.8896892666816711,0.7465424537658691,0.9200321435928345,0.851906955242157,0.9541244506835938,0.901387631893158,0.9759557843208313
15,0.5104922654454853,0.7740293741226196,0.6313603520393372,0.8421833515167236,0.872183084487915,0.8287115693092346,0.559647859136721,0.780788779258728,0.6404048800468445,0.8052197694778442,0.8921365737915039,0.749923825263977,0.9200321435928345,0.851906955242157,0.9541244506835938,0.901387631893158,0.9759557843208313
16,0.5102849433570764,0.7791657447814941,0.6382240056991577,0.8461266160011292,0.8759447932243347,0.8327363729476929,0.5503921841936519,0.784993052482605,0.6460811495780945,0.8104855418205261,0.8897566795349121,0.7600538730621338,0.9200321435928345,0.851906955242157,0.9541244506835938,0.901387631893158,0.9759557843208313
17,0.5182224922295593,0.7834094166755676,0.643938422203064,0.8497509360313416,0.8768202066421509,0.8375951051712036,0.5997722611147411,0.7874862551689148,0.649465799331665,0.8127428889274597,0.8922978043556213,0.7621305584907532,0.9200321435928345,0.851906955242157,0.9541244506835938,0.901387631893158,0.9759557843208313
18,0.5084812459304382,0.7867658734321594,0.6484863758087158,0.8521783947944641,0.8799870014190674,0.8396905064582825,0.5218473173362973,0.790818989276886,0.6540120840072632,0.8165185451507568,0.8919954895973206,0.768500566482544,0.9200321435928345,0.851906955242157,0.9541244506835938,0.901387631893158,0.9759557843208313
19,0.5100516477005114,0.7906345129013062,0.6537598371505737,0.8553616404533386,0.8812597990036011,0.8437316417694092,0.5584312876326563,0.7927750945091248,0.6566922068595886,0.8182200789451599,0.8942723274230957,0.7698360681533813,0.9200321435928345,0.851906955242157,0.9541244506835938,0.901387631893158,0.9759557843208313
20,0.507388611853133,0.7942867875099182,0.6587691903114319,0.8581904172897339,0.8834264874458313,0.8468577861785889,0.5576011439042068,0.7958149909973145,0.6608743667602539,0.8214303255081177,0.8949763178825378,0.7746408581733704,0.9200321435928345,0.851906955242157,0.9541244506835938,0.901387631893158,0.9759557843208313
21,0.507783903520189,0.7980546951293945,0.6639692187309265,0.8610023260116577,0.8862498998641968,0.8496645092964172,0.564721694327583,0.7987046241760254,0.6648695468902588,0.8247755765914917,0.8940521478652954,0.7807021737098694,0.9200321435928345,0.851906955242157,0.9541244506835938,0.901387631893158,0.9759557843208313
22,0.5020142225086442,0.8016852140426636,0.6690105199813843,0.8638373017311096,0.8880893588066101,0.8529465198516846,0.43953786011310614,0.8008971214294434,0.6679134964942932,0.8268104195594788,0.8958520889282227,0.7828866243362427,0.9200321435928345,0.851906955242157,0.9541244506835938,0.901387631893158,0.9759557843208313
23,0.4998153167931152,0.8053318858146667,0.674105167388916,0.8666508197784424,0.890061616897583,0.8561378717422485,0.4826931484972278,0.8032186031341553,0.6711490154266357,0.829092800617218,0.897068977355957,0.7858467698097229,0.9200321435928345,0.851906955242157,0.9541244506835938,0.901387631893158,0.9759557843208313
24,0.5049913882097198,0.808399498462677,0.6784148216247559,0.8689427375793457,0.8921542167663574,0.8585193753242493,0.5064246361574597,0.8053306937217712,0.6741033792495728,0.8311916589736938,0.8980203866958618,0.7886756062507629,0.9200321435928345,0.851906955242157,0.9541244506835938,0.901387631893158,0.9759557843208313
25,0.5130072479878782,0.8112278580665588,0.6824082732200623,0.8710085153579712,0.894366979598999,0.8605190515518188,0.6132086985619007,0.8076504468917847,0.6773604154586792,0.833686351776123,0.8979988098144531,0.7927711606025696,0.9200321435928345,0.851906955242157,0.9541244506835938,0.901387631893158,0.9759557843208313
26,0.5033569270146074,0.8142337799072266,0.686673104763031,0.8732603192329407,0.8962817788124084,0.8629222512245178,0.5415525439552327,0.8099526762962341,0.680605411529541,0.8360752463340759,0.8983757495880127,0.7964401245117188,0.9200321435928345,0.851906955242157,0.9541244506835938,0.901387631893158,0.9759557843208313
27,0.5111345058249914,0.8170738220214844,0.6907225251197815,0.8753743767738342,0.8981362581253052,0.865152895450592,0.6323204283690849,0.8118539452552795,0.6832947134971619,0.8379063010215759,0.8994238972663879,0.7987692952156067,0.9200321435928345,0.851906955242157,0.9541244506835938,0.901387631893158,0.9759557843208313
28,0.5098052257167361,0.8198791146278381,0.6947416663169861,0.8774682283401489,0.8998792767524719,0.8674042224884033,0.5778379891536003,0.8137912750244141,0.686043918132782,0.8397855758666992,0.9003890156745911,0.8012300133705139,0.9200321435928345,0.851906955242157,0.9541244506835938,0.901387631893158,0.9759557843208313
29,0.4992505368304054,0.8225994110107422,0.6986570954322815,0.8794955611228943,0.9015417695045471,0.8695954084396362,0.47379200935013616,0.8156481385231018,0.6886873245239258,0.8415903449058533,0.9012649059295654,0.8036258816719055,0.9200321435928345,0.851906955242157,0.9541244506835938,0.901387631893158,0.9759557843208313
30,0.5010456160907102,0.8253331184387207,0.7026103138923645,0.8815373182296753,0.9031292200088501,0.8718411326408386,0.5204728536536458,0.81745845079422,0.691272497177124,0.843320906162262,0.9022578597068787,0.8058255910873413,0.9200321435928345,0.851906955242157,0.9541244506835938,0.901387631893158,0.9759557843208313
31,0.5023245828978815,0.8278387188911438,0.7062497735023499,0.8833786249160767,0.9047694802284241,0.8737727999687195,0.5113581579119331,0.8192504048347473,0.6938391923904419,0.8450645208358765,0.9030372500419617,0.8081827163696289,0.9200321435928345,0.851906955242157,0.9541244506835938,0.901387631893158,0.9759557843208313
32,0.5007762007417116,0.830295205116272,0.7098332047462463,0.8851854801177979,0.9063270092010498,0.8756916522979736,0.45926667927116877,0.8208507895469666,0.6961381435394287,0.8468645215034485,0.9022784233093262,0.8116106390953064,0.9200321435928345,0.851906955242157,0.9541244506835938,0.901387631893158,0.9759557843208313
33,0.5044649484138939,0.8325170874595642,0.7130872011184692,0.8868436813354492,0.907509446144104,0.8775634169578552,0.5362529598344694,0.8223943114280701,0.698361337184906,0.8483328223228455,0.9030885100364685,0.8134976625442505,0.9200321435928345,0.851906955242157,0.9541244506835938,0.901387631893158,0.9759557843208313
34,0.4973945239143241,0.8347476124763489,0.7163663506507874,0.8884770274162292,0.9089111685752869,0.8793007731437683,0.4594373482593524,0.8238977193832397,0.7005323767662048,0.8497949242591858,0.9036669135093689,0.8155219554901123,0.9200321435928345,0.851906955242157,0.9541244506835938,0.901387631893158,0.9759557843208313
35,0.5036589471644913,0.8367887139320374,0.7193780541419983,0.8899502754211426,0.910341203212738,0.8807933926582336,0.5683367098306853,0.8252655267715454,0.7025123238563538,0.8512489199638367,0.9034218192100525,0.8180569410324097,0.9200321435928345,0.851906955242157,0.9541244506835938,0.901387631893158,0.9759557843208313
36,0.5019054149192749,0.8387122750282288,0.7222261428833008,0.8913463950157166,0.9116025567054749,0.8822500705718994,0.5036658406618395,0.8264008164405823,0.7041593790054321,0.8522613644599915,0.9043838977813721,0.8191013336181641,0.9200321435928345,0.851906955242157,0.9541244506835938,0.901387631893158,0.9759557843208313
37,0.5057986399999231,0.84074866771698,0.7252513766288757,0.8928422927856445,0.9127588868141174,0.8838984966278076,0.5617781186288837,0.8274863362312317,0.7057370543479919,0.8531790375709534,0.9056093096733093,0.8198233246803284,0.9200321435928345,0.851906955242157,0.9541244506835938,0.901387631893158,0.9759557843208313
38,0.4978223618214388,0.8423657417297363,0.7276613116264343,0.8940128087997437,0.9138038754463196,0.8851253390312195,0.4568065864850901,0.8283934593200684,0.7070576548576355,0.8539095520973206,0.9068599343299866,0.820222795009613,0.9200321435928345,0.851906955242157,0.9541244506835938,0.901387631893158,0.9759557843208313
39,0.5018516550552816,0.8435830473899841,0.7294800877571106,0.8948699831962585,0.9147879481315613,0.8859255909919739,0.42920212185451656,0.8292211890220642,0.7082645893096924,0.8545646667480469,0.9080756902694702,0.8205211758613586,0.9200321435928345,0.851906955242157,0.9541244506835938,0.901387631893158,0.9759557843208313
40,0.4947470892389942,0.8452497124671936,0.7319761514663696,0.8960675597190857,0.915912926197052,0.8871558308601379,0.4365318960773067,0.8303184509277344,0.7098671197891235,0.8555811643600464,0.9087607264518738,0.8217486143112183,0.9200321435928345,0.851906955242157,0.9541244506835938,0.901387631893158,0.9759557843208313
41,0.5070244175840529,0.8466847538948059,0.7341311573982239,0.8970761299133301,0.9170687794685364,0.8880981206893921,0.589228809661672,0.8315436244010925,0.7116599678993225,0.8568779826164246,0.9084888100624084,0.8240435123443604,0.9200321435928345,0.851906955242157,0.9541244506835938,0.901387631893158,0.9759557843208313
42,0.5050833169964284,0.8480862975120544,0.7362411618232727,0.8980799913406372,0.9180198311805725,0.8891257047653198,0.5373374672134209,0.8326878547668457,0.7133378386497498,0.858022928237915,0.9086331129074097,0.8258251547813416,0.9200321435928345,0.851906955242157,0.9541244506835938,0.901387631893158,0.9759557843208313
43,0.49234659142606496,0.8497264385223389,0.7387168407440186,0.8992792367935181,0.9188941717147827,0.8904708623886108,0.3982359889187199,0.8335075974464417,0.7145418524742126,0.858738124370575,0.9094013571739197,0.8265066146850586,0.9200321435928345,0.851906955242157,0.9541244506835938,0.901387631893158,0.9759557843208313
44,0.4992755652461176,0.8512040972709656,0.740953266620636,0.9003264904022217,0.9199666976928711,0.8915067315101624,0.46147755054965195,0.8345609903335571,0.716091513633728,0.859738826751709,0.9098569750785828,0.8278539776802063,0.9200321435928345,0.851906955242157,0.9541244506835938,0.901387631893158,0.9759557843208313
45,0.5000095773322271,0.852692186832428,0.7432112693786621,0.9013996720314026,0.9208618998527527,0.8926598429679871,0.5311956070429757,0.8355517983436584,0.7175517082214355,0.8606501817703247,0.9104714393615723,0.82895427942276,0.9200321435928345,0.851906955242157,0.9541244506835938,0.901387631893158,0.9759557843208313
46,0.49703924722296694,0.854202151298523,0.7455086708068848,0.9024815559387207,0.9218196272850037,0.8937975168228149,0.46400269738896716,0.836593747138977,0.7190899848937988,0.8616324663162231,0.9109526872634888,0.8302552700042725,0.9200321435928345,0.851906955242157,0.9541244506835938,0.901387631893158,0.9759557843208313
47,0.4988646103525024,0.855693519115448,0.7477835416793823,0.9035481810569763,0.9227679967880249,0.8949172496795654,0.5351021460621127,0.8375852108001709,0.7205561399459839,0.8625524044036865,0.9114984273910522,0.8314133286476135,0.9200321435928345,0.851906955242157,0.9541244506835938,0.901387631893158,0.9759557843208313
48,0.4901692878399427,0.857202410697937,0.7500911951065063,0.9046294689178467,0.9236902594566345,0.8960699439048767,0.39600688877510304,0.8385888338088989,0.7220430374145508,0.8634856343269348,0.9120305180549622,0.8326017260551453,0.9200321435928345,0.851906955242157,0.9541244506835938,0.901387631893158,0.9759557843208313
49,0.5100512123526045,0.858660876750946,0.7523274421691895,0.9056717753410339,0.9245925545692444,0.8971751928329468,0.5155618044560011,0.8395195007324219,0.7234240770339966,0.8643177151679993,0.9127408266067505,0.8335111141204834,0.9200321435928345,0.851906955242157,0.9541244506835938,0.901387631893158,0.9759557843208313
50,0.4975901809198656,0.860069751739502,0.7544933557510376,0.9066800475120544,0.9254361391067505,0.8982572555541992,0.49210806791060385,0.840347945690155,0.724655270576477,0.865105390548706,0.913050651550293,0.8346028923988342,0.9200321435928345,0.851906955242157,0.9541244506835938,0.901387631893158,0.9759557843208313
51,0.49171515236747376,0.8614808320999146,0.7566677331924438,0.9076922535896301,0.9262393712997437,0.8993633985519409,0.4295209359658238,0.8410730957984924,0.7257343530654907,0.865753710269928,0.9135959148406982,0.8353168368339539,0.9200321435928345,0.851906955242157,0.9541244506835938,0.901387631893158,0.9759557843208313
52,0.5012828466163324,0.8627390265464783,0.7586113214492798,0.9085841774940491,0.9270505309104919,0.9002916216850281,0.503302416433807,0.8419835567474365,0.7270911931991577,0.8665735125541687,0.9142372012138367,0.8362501859664917,0.9200321435928345,0.851906955242157,0.9541244506835938,0.901387631893158,0.9759557843208313
53,0.4990271954492439,0.8639661073684692,0.7605108618736267,0.9094565510749817,0.9278038740158081,0.9012174010276794,0.5491121981301309,0.8425413370132446,0.7279234528541565,0.867019772529602,0.9150130152702332,0.83648681640625,0.9200321435928345,0.851906955242157,0.9541244506835938,0.901387631893158,0.9759557843208313
54,0.49608340463218414,0.865056037902832,0.7622015476226807,0.9102213382720947,0.92856764793396,0.9019827246665955,0.44081061634622487,0.8433088064193726,0.7290699481964111,0.8677746653556824,0.9151079654693604,0.8376615047454834,0.9200321435928345,0.851906955242157,0.9541244506835938,0.901387631893158,0.9759557843208313
55,0.49326865998428404,0.8662066459655762,0.7639898061752319,0.9110356569290161,0.9292922019958496,0.9028373956680298,0.44388794619168975,0.8440150618553162,0.7301262021064758,0.8684042096138,0.9156400561332703,0.8383532166481018,0.9200321435928345,0.851906955242157,0.9541244506835938,0.901387631893158,0.9759557843208313
56,0.49019581775977267,0.86741042137146,0.7658647894859314,0.9118875861167908,0.9300405383110046,0.9037357568740845,0.40512827607960394,0.8448463678359985,0.7313714623451233,0.869174063205719,0.9160633087158203,0.8393433690071106,0.9200321435928345,0.851906955242157,0.9541244506835938,0.901387631893158,0.9759557843208313
57,0.4991780940830668,0.8685980439186096,0.7677183747291565,0.9127237796783447,0.9308131337165833,0.9046005606651306,0.526594982390109,0.8457027673721313,0.7326560020446777,0.8700059652328491,0.9162176251411438,0.8406063914299011,0.9200321435928345,0.851906955242157,0.9541244506835938,0.901387631893158,0.9759557843208313
58,0.49193112125427074,0.869682788848877,0.7694148421287537,0.9134828448295593,0.9315605163574219,0.9053648114204407,0.3878007359895217,0.8464065790176392,0.7337131500244141,0.8706497550010681,0.9166204333305359,0.8414034843444824,0.9200321435928345,0.851906955242157,0.9541244506835938,0.901387631893158,0.9759557843208313
59,0.4959021539889538,0.8707336187362671,0.7710612416267395,0.9142218828201294,0.9322360157966614,0.9061323404312134,0.4959228328708015,0.8471616506576538,0.7348486185073853,0.8713675141334534,0.9168546795845032,0.8424288034439087,0.9200321435928345,0.851906955242157,0.9541244506835938,0.901387631893158,0.9759557843208313
60,0.4943810886885745,0.8717610239982605,0.7726741433143616,0.9149436950683594,0.9328968524932861,0.9068816304206848,0.49370054221736476,0.8479474186897278,0.7360319495201111,0.8721545338630676,0.9168033599853516,0.8437492847442627,0.9200321435928345,0.851906955242157,0.9541244506835938,0.901387631893158,0.9759557843208313
61,0.4935891932736626,0.8727933764457703,0.7742975354194641,0.9156717658042908,0.9335210919380188,0.9076563119888306,0.40255568791164476,0.8486478328704834,0.7370880842208862,0.8728376030921936,0.916882336139679,0.8448165655136108,0.9200321435928345,0.851906955242157,0.9541244506835938,0.901387631893158,0.9759557843208313
62,0.5093741072589747,0.8738106489181519,0.7759003043174744,0.9163882732391357,0.934138834476471,0.9084171056747437,0.6302026179131623,0.849305272102356,0.7380805015563965,0.8734406232833862,0.917225182056427,0.8455851078033447,0.9200321435928345,0.851906955242157,0.9541244506835938,0.901387631893158,0.9759557843208313
63,0.4922600786670266,0.8748536705970764,0.7775467038154602,0.9171198010444641,0.9347982406616211,0.9091811180114746,0.44732228543973807,0.849989116191864,0.7391139268875122,0.8741148114204407,0.9172353744506836,0.8466817736625671,0.9200321435928345,0.851906955242157,0.9541244506835938,0.901387631893158,0.9759557843208313
64,0.5007427744467576,0.8759064078330994,0.7792112231254578,0.9178586006164551,0.935448944568634,0.9099593758583069,0.5844246151155672,0.8506254553794861,0.7400767803192139,0.874714732170105,0.9174389243125916,0.8475339412689209,0.9200321435928345,0.851906955242157,0.9541244506835938,0.901387631893158,0.9759557843208313
65,0.49880240539403037,0.8769166469573975,0.7808116674423218,0.9185674786567688,0.936066210269928,0.9107094407081604,0.5518067027872924,0.851226270198822,0.7409869432449341,0.8752487897872925,0.9178655743598938,0.8481362462043762,0.9200321435928345,0.851906955242157,0.9541244506835938,0.901387631893158,0.9759557843208313
66,0.5023182840255486,0.877883791923523,0.7823466062545776,0.9192447066307068,0.9366649389266968,0.9114218950271606,0.619204464265602,0.8515941500663757,0.7415445446968079,0.8755447864532471,0.9183542728424072,0.8483096361160278,0.9200321435928345,0.851906955242157,0.9541244506835938,0.901387631893158,0.9759557843208313
67,0.49269122341193095,0.8788031935691833,0.7838079929351807,0.9198881983757019,0.9372301697731018,0.9121005535125732,0.422917504706759,0.8521427512168884,0.7423769235610962,0.8760327696800232,0.918739378452301,0.8488630652427673,0.9200321435928345,0.851906955242157,0.9541244506835938,0.901387631893158,0.9759557843208313
68,0.4930026494671105,0.8796086311340332,0.7850905060768127,0.9204497933387756,0.9377460479736328,0.9126825928688049,0.4285178150355697,0.8526924848556519,0.7432117462158203,0.8765358924865723,0.9190170764923096,0.8495097160339355,0.9200321435928345,0.851906955242157,0.9541244506835938,0.901387631893158,0.9759557843208313
69,0.5075564851041602,0.8802417516708374,0.7860997915267944,0.9208778142929077,0.9383059144020081,0.9130514860153198,0.528315555086524,0.8532256484031677,0.7440222501754761,0.877039909362793,0.9191651940345764,0.8502400517463684,0.9200321435928345,0.851906955242157,0.9541244506835938,0.901387631893158,0.9759557843208313
70,0.5045987158100652,0.8809714913368225,0.7872646450996399,0.9213827848434448,0.9388118982315063,0.913555920124054,0.6253112297692367,0.8538077473640442,0.7449079751968384,0.8775879144668579,0.9193390607833862,0.8510260581970215,0.9200321435928345,0.851906955242157,0.9541244506835938,0.901387631893158,0.9759557843208313
71,0.4948214953305972,0.8817057013511658,0.7884379625320435,0.9218920469284058,0.9393004775047302,0.9140745401382446,0.4529510684622759,0.8542801141738892,0.7456274628639221,0.8779979944229126,0.9197376370429993,0.8514435887336731,0.9200321435928345,0.851906955242157,0.9541244506835938,0.901387631893158,0.9759557843208313
72,0.49069362575898545,0.8824520707130432,0.7896324992179871,0.9224095940589905,0.9397965669631958,0.914601743221283,0.4246241455458874,0.8547965288162231,0.7464146614074707,0.8785012364387512,0.9197573065757751,0.8522543907165527,0.9200321435928345,0.851906955242157,0.9541244506835938,0.901387631893158,0.9759557843208313
73,0.49468927511974264,0.8831504583358765,0.7907513976097107,0.9228907227516174,0.940294623374939,0.9150751829147339,0.45501864414958815,0.855314314365387,0.7472044825553894,0.8789849281311035,0.9199306964874268,0.8529354929924011,0.9200321435928345,0.851906955242157,0.9541244506835938,0.901387631893158,0.9759557843208313
74,0.492824868807921,0.8838503360748291,0.7918744683265686,0.9233787059783936,0.940718948841095,0.9155918955802917,0.3759458892167919,0.8557100892066956,0.7478086948394775,0.8793089389801025,0.9204094409942627,0.853161096572876,0.9200321435928345,0.851906955242157,0.9541244506835938,0.901387631893158,0.9759557843208313
75,0.4974461840592238,0.8840036988258362,0.7921205163002014,0.9234669208526611,0.9410408735275269,0.9155750870704651,0.40449869170938774,0.856037437915802,0.7483089566230774,0.8795875310897827,0.9207257032394409,0.8534156680107117,0.9200321435928345,0.851906955242157,0.9541244506835938,0.901387631893158,0.9759557843208313
76,0.4956567232888198,0.8843953609466553,0.79274982213974,0.923728346824646,0.9414206743240356,0.9157834649085999,0.4187250650298918,0.8565344214439392,0.7490689158439636,0.8800878524780273,0.920610249042511,0.8543078303337097,0.9200321435928345,0.851906955242157,0.9541244506835938,0.901387631893158,0.9759557843208313
77,0.4974949272338184,0.8849049210548401,0.793569028377533,0.9240738153457642,0.941847562789917,0.9160922765731812,0.4914695705603096,0.856988787651062,0.7497640252113342,0.880535900592804,0.9205721616744995,0.8550651669502258,0.9200321435928345,0.851906955242157,0.9541244506835938,0.901387631893158,0.9759557843208313
78,0.5005204680323383,0.8855248093605042,0.7945666313171387,0.9245054125785828,0.9422252774238586,0.9165480732917786,0.5774966586509178,0.8573716878890991,0.7503504157066345,0.8808863162994385,0.920746922492981,0.855527400970459,0.9200321435928345,0.851906955242157,0.9541244506835938,0.901387631893158,0.9759557843208313
79,0.5051486663827481,0.8862535953521729,0.7957409620285034,0.9250181913375854,0.9425970315933228,0.9171241521835327,0.5083738893561507,0.8576514720916748,0.7507790923118591,0.8811008930206299,0.9211956262588501,0.8555929064750671,0.9200321435928345,0.851906955242157,0.9541244506835938,0.901387631893158,0.9759557843208313
80,0.48817694105599146,0.8868333101272583,0.7966761589050293,0.9254190325737,0.9429763555526733,0.9175347685813904,0.35174598645218713,0.8580724596977234,0.7514246106147766,0.8815017342567444,0.9212654232978821,0.8562043309211731,0.9200321435928345,0.851906955242157,0.9541244506835938,0.901387631893158,0.9759557843208313
81,0.5045227029344185,0.8874968886375427,0.797747790813446,0.9258748292922974,0.9434472322463989,0.9179837703704834,0.6219492409162369,0.8585307598114014,0.7521278858184814,0.881941020488739,0.9213155508041382,0.8568913340568542,0.9200321435928345,0.851906955242157,0.9541244506835938,0.901387631893158,0.9759557843208313
82,0.49443620613360184,0.8881946206092834,0.7988759279251099,0.926357090473175,0.943899929523468,0.9184791445732117,0.4619112013127779,0.8589937090873718,0.7528385519981384,0.8823947906494141,0.9212833046913147,0.8576542735099792,0.9200321435928345,0.851906955242157,0.9541244506835938,0.901387631893158,0.9759557843208313
83,0.49044953812392966,0.8888813257217407,0.79998779296875,0.9268320202827454,0.9443386197090149,0.9189703464508057,0.4320465065439511,0.859395444393158,0.7534560561180115,0.8827694058418274,0.921403706073761,0.8581905364990234,0.9200321435928345,0.851906955242157,0.9541244506835938,0.901387631893158,0.9759557843208313
84,0.49984707107276827,0.889597475528717,0.8011485934257507,0.9273288249969482,0.9447705745697021,0.9194963574409485,0.5921528971818166,0.8598015308380127,0.7540806531906128,0.88314288854599,0.9215643405914307,0.8586994409561157,0.9200321435928345,0.851906955242157,0.9541244506835938,0.901387631893158,0.9759557843208313
85,0.4899720011952171,0.8903184533119202,0.8023189306259155,0.9278276562690735,0.9452184438705444,0.9200181365013123,0.41887912406943945,0.8602288961410522,0.7547383308410645,0.8835477828979492,0.9216372966766357,0.8593154549598694,0.9200321435928345,0.851906955242157,0.9541244506835938,0.901387631893158,0.9759557843208313
86,0.499047084184985,0.8910316228866577,0.8034780025482178,0.9283220767974854,0.9456441402435303,0.9205434322357178,0.5900146269937154,0.8606027364730835,0.7553141117095947,0.8838897943496704,0.9217958450317383,0.8597741723060608,0.9200321435928345,0.851906955242157,0.9541244506835938,0.901387631893158,0.9759557843208313
87,0.49257694049326045,0.891693651676178,0.8045552372932434,0.9287773370742798,0.9460840225219727,0.9210055470466614,0.45797750209051713,0.8610403537750244,0.7559884786605835,0.884333610534668,0.9216319918632507,0.8606046438217163,0.9200321435928345,0.851906955242157,0.9541244506835938,0.901387631893158,0.9759557843208313
88,0.4960581337446026,0.8923773765563965,0.8056691884994507,0.9292505979537964,0.9464923143386841,0.9215080142021179,0.476650038514802,0.8614855408668518,0.756675124168396,0.8847693800926208,0.9215871095657349,0.8613461852073669,0.9200321435928345,0.851906955242157,0.9541244506835938,0.901387631893158,0.9759557843208313
89,0.49841051329604413,0.8930257558822632,0.8067268133163452,0.929696798324585,0.9469117522239685,0.9219661951065063,0.5451221519019085,0.8619468808174133,0.7573872804641724,0.8852229118347168,0.9215207099914551,0.8621305227279663,0.9200321435928345,0.851906955242157,0.9541244506835938,0.901387631893158,0.9759557843208313
90,0.4923848397790047,0.8936814069747925,0.8077975511550903,0.9301491379737854,0.9473168253898621,0.922439694404602,0.4754085638524618,0.8623232245445251,0.7579684853553772,0.8855871558189392,0.9215089082717896,0.8627339601516724,0.9200321435928345,0.851906955242157,0.9541244506835938,0.901387631893158,0.9759557843208313
91,0.4949581276535213,0.8943204879760742,0.8088424205780029,0.9305885434150696,0.9477275013923645,0.9228919744491577,0.46913277802649084,0.8627060651779175,0.758560299873352,0.8859797716140747,0.9213167428970337,0.8634986877441406,0.9200321435928345,0.851906955242157,0.9541244506835938,0.901387631893158,0.9759557843208313
92,0.4936633785801499,0.8949757218360901,0.8099149465560913,0.9310413599014282,0.9481114745140076,0.9233759045600891,0.47865614053175315,0.8630930781364441,0.7591589689254761,0.8863357901573181,0.9214494228363037,0.8639968037605286,0.9200321435928345,0.851906955242157,0.9541244506835938,0.901387631893158,0.9759557843208313
93,0.493320099611271,0.8955971002578735,0.8109332919120789,0.9314686059951782,0.9485036134719849,0.923818826675415,0.43021932736050494,0.8634556531906128,0.7597201466560364,0.8866745233535767,0.9215298295021057,0.8644998669624329,0.9200321435928345,0.851906955242157,0.9541244506835938,0.901387631893158,0.9759557843208313
94,0.5009602221716385,0.8962152004241943,0.8119473457336426,0.9318937659263611,0.9488880634307861,0.9242622256278992,0.6040101147487074,0.8638657331466675,0.7603552937507629,0.8870750069618225,0.9214768409729004,0.8651887774467468,0.9200321435928345,0.851906955242157,0.9541244506835938,0.901387631893158,0.9759557843208313
95,0.48979714207229275,0.8967955112457275,0.8129005432128906,0.9322922825813293,0.9492555260658264,0.9246746301651001,0.4279393896126139,0.8642695546150208,0.7609811425209045,0.8874673247337341,0.9214375019073486,0.8658557534217834,0.9200321435928345,0.851906955242157,0.9541244506835938,0.901387631893158,0.9759557843208313
96,0.49513591067241997,0.8973438739776611,0.8138020634651184,0.9326666593551636,0.9496281743049622,0.925049901008606,0.5077293661138557,0.8646764755249023,0.7616122961044312,0.8878819942474365,0.9212360978126526,0.8666624426841736,0.9200321435928345,0.851906955242157,0.9541244506835938,0.901387631893158,0.9759557843208313
97,0.49457258088542455,0.8979156613349915,0.814743161201477,0.9330598711967468,0.9499754905700684,0.9254637956619263,0.45964857380806323,0.8650596737861633,0.7622072100639343,0.8882418274879456,0.921296238899231,0.8672128915786743,0.9200321435928345,0.851906955242157,0.9541244506835938,0.901387631893158,0.9759557843208313
98,0.49475775395030414,0.8985154032707214,0.8157312273979187,0.9334723949432373,0.9503352642059326,0.925899863243103,0.4939533052508134,0.8653741478919983,0.7626956105232239,0.8885219097137451,0.9214682579040527,0.8675616383552551,0.9200321435928345,0.851906955242157,0.9541244506835938,0.901387631893158,0.9759557843208313
99,0.4982066076183676,0.8991051316261292,0.8167039155960083,0.9338780641555786,0.9506847262382507,0.9263308644294739,0.5576602422523149,0.8657400012016296,0.7632641792297363,0.888858437538147,0.9215795397758484,0.8680415153503418,0.9200321435928345,0.851906955242157,0.9541244506835938,0.901387631893158,0.9759557843208313
100,0.4963372090533444,0.8996760845184326,0.8176464438438416,0.9342693090438843,0.9510416984558105,0.9267374277114868,0.5456954368792268,0.8660624623298645,0.7637655138969421,0.8891653418540955,0.9215904474258423,0.8685367107391357,0.9200321435928345,0.851906955242157,0.9541244506835938,0.901387631893158,0.9759557843208313
101,0.4916779764838807,0.9002493619918823,0.8185940980911255,0.9346633553504944,0.9513795375823975,0.9271566271781921,0.4783044732851003,0.8664649128913879,0.7643917798995972,0.8895446062088013,0.9216331243515015,0.8691301345825195,0.9200321435928345,0.851906955242157,0.9541244506835938,0.901387631893158,0.9759557843208313
102,0.49147304842969153,0.9008179903030396,0.8195348381996155,0.9350531697273254,0.9517258405685425,0.9275660514831543,0.4879009917898791,0.8667631149291992,0.7648560404777527,0.8898330330848694,0.921600878238678,0.869622528553009,0.9200321435928345,0.851906955242157,0.9541244506835938,0.901387631893158,0.9759557843208313
103,0.503170320559607,0.901329517364502,0.8203821182250977,0.9354028701782227,0.952049195766449,0.9279276132583618,0.6290920726128852,0.8671175241470337,0.7654082179069519,0.8901644945144653,0.9216557145118713,0.8701299428939819,0.9200321435928345,0.851906955242157,0.9541244506835938,0.901387631893158,0.9759557843208313
104,0.49658713528414,0.901858389377594,0.8212588429450989,0.9357638359069824,0.9523895382881165,0.9282978773117065,0.5312639196609144,0.867444634437561,0.7659181356430054,0.8904951214790344,0.9214963316917419,0.8707723021507263,0.9200321435928345,0.851906955242157,0.9541244506835938,0.901387631893158,0.9759557843208313
105,0.49300171694880945,0.9023973345756531,0.8221529722213745,0.9361326694488525,0.9527183175086975,0.9286847114562988,0.4736909640826792,0.8678256273269653,0.7665123343467712,0.8908605575561523,0.9214728474617004,0.8713851571083069,0.9200321435928345,0.851906955242157,0.9541244506835938,0.901387631893158,0.9759557843208313
106,0.4991709201557095,0.902927815914154,0.8230339884757996,0.9364959001541138,0.9530366659164429,0.9290679693222046,0.5259622328711366,0.8681530952453613,0.7670234441757202,0.8911657333374023,0.9215258359909058,0.8718509078025818,0.9200321435928345,0.851906955242157,0.9541244506835938,0.901387631893158,0.9759557843208313
107,0.4962603907261144,0.9034519791603088,0.823905348777771,0.9368538856506348,0.9533619284629822,0.9294407367706299,0.5379259572543831,0.8684939742088318,0.7675557136535645,0.8914952874183655,0.921478271484375,0.8724204301834106,0.9200321435928345,0.851906955242157,0.9541244506835938,0.901387631893158,0.9759557843208313
108,0.48919877667466294,0.9039744138717651,0.8247750401496887,0.9372113347053528,0.9536750912666321,0.9298180341720581,0.44535894902943274,0.8688044548034668,0.7680408954620361,0.8917856216430664,0.9215174317359924,0.8728704452514648,0.9200321435928345,0.851906955242157,0.9541244506835938,0.901387631893158,0.9759557843208313
109,0.4880389522883359,0.9044994711875916,0.8256494998931885,0.9375701546669006,0.9539911150932312,0.9301961660385132,0.4182353499329399,0.8691167831420898,0.7685291767120361,0.8920831680297852,0.9215075969696045,0.8733635544776917,0.9200321435928345,0.851906955242157,0.9541244506835938,0.901387631893158,0.9759557843208313
110,0.4921192688972642,0.9050183296203613,0.826514482498169,0.9379242062568665,0.9543098211288452,0.9305660128593445,0.46528668259905737,0.8694710731506348,0.7690833806991577,0.8924286365509033,0.9214264750480652,0.8739803433418274,0.9200321435928345,0.851906955242157,0.9541244506835938,0.901387631893158,0.9759557843208313
111,0.5006102161191499,0.9055392742156982,0.8273838758468628,0.9382805228233337,0.9546128511428833,0.9309463500976562,0.6031147067201056,0.8697903156280518,0.7695831656455994,0.8927208781242371,0.9215145707130432,0.8744025230407715,0.9200321435928345,0.851906955242157,0.9541244506835938,0.901387631893158,0.9759557843208313
112,0.49841648571241814,0.906058132648468,0.8282507061958313,0.9386351704597473,0.9549186825752258,0.9313226938247681,0.5785802469116793,0.8700793385505676,0.7700358033180237,0.8929964900016785,0.9214974641799927,0.8748644590377808,0.9200321435928345,0.851906955242157,0.9541244506835938,0.901387631893158,0.9759557843208313
113,0.49021417741228857,0.9065694212913513,0.8291056156158447,0.9389842748641968,0.9552202224731445,0.9316932559013367,0.4700708181091579,0.8703938126564026,0.7705284357070923,0.8932891488075256,0.921539843082428,0.8753162622451782,0.9200321435928345,0.851906955242157,0.9541244506835938,0.901387631893158,0.9759557843208313
114,0.501798106588972,0.907075047492981,0.8299517631530762,0.9393290877342224,0.9555221199989319,0.9320573806762695,0.6311698045695306,0.8706690669059753,0.7709600329399109,0.8935348391532898,0.921666145324707,0.8756378889083862,0.9200321435928345,0.851906955242157,0.9541244506835938,0.901387631893158,0.9759557843208313
115,0.4857800216185355,0.9075390696525574,0.8307289481163025,0.939644992351532,0.9558055996894836,0.9323878288269043,0.3677910075416728,0.8708868026733398,0.7713015079498291,0.8937243223190308,0.9218079447746277,0.8758575916290283,0.9200321435928345,0.851906955242157,0.9541244506835938,0.901387631893158,0.9759557843208313
116,0.5005314039588918,0.9079732298851013,0.8314570188522339,0.9399407505989075,0.956067681312561,0.9326988458633423,0.5963232417104243,0.8711671829223633,0.7717414498329163,0.8939845561981201,0.9218484163284302,0.8762578368186951,0.9200321435928345,0.851906955242157,0.9541244506835938,0.901387631893158,0.9759557843208313
117,0.4917408364772777,0.9083887934684753,0.8321540951728821,0.9402241706848145,0.9563091993331909,0.9330009818077087,0.4659248711026517,0.8713772296905518,0.7720713019371033,0.8941653370857239,0.9220021963119507,0.8764557242393494,0.9200321435928345,0.851906955242157,0.9541244506835938,0.901387631893158,0.9759557843208313
118,0.48614284179407213,0.9088202118873596,0.8328784108161926,0.9405173063278198,0.9565762877464294,0.9333057403564453,0.3762994150343616,0.8716897368431091,0.7725620865821838,0.8944559693336487,0.9220401048660278,0.8769071102142334,0.9200321435928345,0.851906955242157,0.9541244506835938,0.901387631893158,0.9759557843208313
119,0.4904974989318632,0.9092723727226257,0.8336383700370789,0.9408252239227295,0.9568437337875366,0.9336318373680115,0.4762216707169995,0.8719754815101624,0.7730110287666321,0.8947242498397827,0.9220513105392456,0.8773389458656311,0.9200321435928345,0.851906955242157,0.9541244506835938,0.901387631893158,0.9759557843208313
120,0.48459503084029665,0.909734308719635,0.8344152569770813,0.9411396384239197,0.957115650177002,0.9339654445648193,0.3569744483015873,0.8722643256187439,0.7734652161598206,0.8949944972991943,0.9220691323280334,0.8777698278427124,0.9200321435928345,0.851906955242157,0.9541244506835938,0.901387631893158,0.9759557843208313
121,0.49433920399850745,0.9101967215538025,0.8351936936378479,0.9414545297622681,0.957383394241333,0.934301495552063,0.4963278624739332,0.8725464344024658,0.7739089727401733,0.8952631950378418,0.922044038772583,0.8782253265380859,0.9200321435928345,0.851906955242157,0.9541244506835938,0.901387631893158,0.9759557843208313
122,0.4956445103735372,0.9106563329696655,0.8359678983688354,0.941767156124115,0.9576531648635864,0.9346333742141724,0.547579154009443,0.8728150725364685,0.7743317484855652,0.8955034613609314,0.9221560955047607,0.8785470724105835,0.9200321435928345,0.851906955242157,0.9541244506835938,0.901387631893158,0.9759557843208313
123,0.4941485592304319,0.9111096858978271,0.8367322683334351,0.9420756697654724,0.9579144716262817,0.9349629878997803,0.4882031650630493,0.8730806112289429,0.7747498154640198,0.8957531452178955,0.9221572279930115,0.8789551258087158,0.9200321435928345,0.851906955242157,0.9541244506835938,0.901387631893158,0.9759557843208313
124,0.49236160285443253,0.911556601524353,0.8374865055084229,0.9423787593841553,0.9581879377365112,0.9352794289588928,0.4734661870689012,0.8733552694320679,0.7751825451850891,0.8960020542144775,0.922240674495697,0.8793092370033264,0.9200321435928345,0.851906955242157,0.9541244506835938,0.901387631893158,0.9759557843208313
125,0.5005667537225601,0.9119914174079895,0.8382207751274109,0.9426741600036621,0.9584421515464783,0.9355933666229248,0.6049913905823046,0.8736289143562317,0.7756137251853943,0.8962695002555847,0.9221495985984802,0.8798047304153442,0.9200321435928345,0.851906955242157,0.9541244506835938,0.901387631893158,0.9759557843208313
126,0.49621367732513655,0.9124283194541931,0.8389592170715332,0.9429710507392883,0.9586939811706543,0.9359105229377747,0.5518416564251045,0.8738580346107483,0.7759749293327332,0.8964744806289673,0.9222400784492493,0.8800826072692871,0.9200321435928345,0.851906955242157,0.9541244506835938,0.901387631893158,0.9759557843208313
127,0.4878085840189509,0.9128272533416748,0.8396341800689697,0.943240761756897,0.9589475989341736,0.9361873269081116,0.37434321116735725,0.8741326928138733,0.7764082551002502,0.8967358469963074,0.9222091436386108,0.880530059337616,0.9200321435928345,0.851906955242157,0.9541244506835938,0.901387631893158,0.9759557843208313
128,0.4930717715450849,0.913242518901825,0.8403369188308716,0.9435228109359741,0.9591835737228394,0.9364901185035706,0.4783366007537987,0.8743693828582764,0.7767817974090576,0.8969542980194092,0.9222422242164612,0.880866289138794,0.9200321435928345,0.851906955242157,0.9541244506835938,0.901387631893158,0.9759557843208313
129,0.4980823246643316,0.9136494398117065,0.8410263657569885,0.9437978863716125,0.9594377279281616,0.9367746710777283,0.5464644897755724,0.8746410012245178,0.7772106528282166,0.8971998691558838,0.9223239421844482,0.8812161087989807,0.9200321435928345,0.851906955242157,0.9541244506835938,0.901387631893158,0.9759557843208313
130,0.49422032848138703,0.9140525460243225,0.8417096734046936,0.9440703988075256,0.9596860408782959,0.9370580911636353,0.49754331159599235,0.8748643398284912,0.7775634527206421,0.8974027037620544,0.9223824143409729,0.8815107941627502,0.9200321435928345,0.851906955242157,0.9541244506835938,0.901387631893158,0.9759557843208313
131,0.4934225412230011,0.9144600629806519,0.8424010872840881,0.9443467855453491,0.9599212408065796,0.9373528957366943,0.5086866811409612,0.875111997127533,0.7779547572135925,0.8976328372955322,0.9223992824554443,0.8818766474723816,0.9200321435928345,0.851906955242157,0.9541244506835938,0.901387631893158,0.9759557843208313
132,0.4875878351733839,0.9148668646812439,0.8430918455123901,0.9446223974227905,0.9601587057113647,0.937645673751831,0.41797669455005754,0.8753526210784912,0.7783353328704834,0.8978623151779175,0.922362744808197,0.8822753429412842,0.9200321435928345,0.851906955242157,0.9541244506835938,0.901387631893158,0.9759557843208313
133,0.4846769688294201,0.9152699708938599,0.8437767624855042,0.9448950290679932,0.9604002833366394,0.9379321336746216,0.33179740706327776,0.8755967617034912,0.778721272945404,0.8981016874313354,0.9222630858421326,0.8827304244041443,0.9200321435928345,0.851906955242157,0.9541244506835938,0.901387631893158,0.9759557843208313
134,0.4894791637269284,0.9156672358512878,0.8444522619247437,0.9451640248298645,0.9606307744979858,0.9382185339927673,0.3663338557866318,0.8758339285850525,0.7790964245796204,0.8983285427093506,0.9222172498703003,0.883130669593811,0.9200321435928345,0.851906955242157,0.9541244506835938,0.901387631893158,0.9759557843208313
135,0.4908909562357401,0.9160712361335754,0.8451396226882935,0.9454376101493835,0.9608626961708069,0.9385107159614563,0.4978405224237418,0.8760823607444763,0.7794897556304932,0.8985590934753418,0.9222317934036255,0.8834987282752991,0.9200321435928345,0.851906955242157,0.9541244506835938,0.901387631893158,0.9759557843208313
136,0.4956707712234607,0.9164701700210571,0.8458190560340881,0.9457075595855713,0.9610933661460876,0.9387984275817871,0.5510209401703492,0.8763105273246765,0.7798511981964111,0.8987703919410706,0.9222497940063477,0.8838329315185547,0.9200321435928345,0.851906955242157,0.9541244506835938,0.901387631893158,0.9759557843208313
137,0.49207756284690757,0.9168621897697449,0.8464871048927307,0.9459725618362427,0.9613229632377625,0.9390792846679688,0.47959935686164934,0.8765443563461304,0.7802215814590454,0.8989911675453186,0.9222270250320435,0.884208619594574,0.9200321435928345,0.851906955242157,0.9541244506835938,0.901387631893158,0.9759557843208313
138,0.5010746856210568,0.9172604084014893,0.8471662402153015,0.9462421536445618,0.961547315120697,0.9393691420555115,0.6126194703069866,0.8767837285995483,0.780600905418396,0.899210512638092,0.9222636222839355,0.884544312953949,0.9200321435928345,0.851906955242157,0.9541244506835938,0.901387631893158,0.9759557843208313
139,0.48932360671570546,0.9176444411277771,0.8478217124938965,0.9465014934539795,0.9617729783058167,0.9396436810493469,0.47275072426869436,0.8770161271095276,0.7809694409370422,0.8994368314743042,0.9221762418746948,0.8849701285362244,0.9200321435928345,0.851906955242157,0.9541244506835938,0.901387631893158,0.9759557843208313
140,0.49757149747007423,0.9180315136909485,0.8484828472137451,0.9467636346817017,0.9619874954223633,0.9399270415306091,0.5670485519381188,0.8772227168083191,0.7812970876693726,0.8996255397796631,0.9222114086151123,0.8852565884590149,0.9200321435928345,0.851906955242157,0.9541244506835938,0.901387631893158,0.9759557843208313
141,0.4915068172513627,0.9184057116508484,0.8491221070289612,0.9470160603523254,0.962207555770874,0.9401941299438477,0.5105027917862726,0.8774336576461792,0.7816319465637207,0.8998143076896667,0.9222835898399353,0.8855194449424744,0.9200321435928345,0.851906955242157,0.9541244506835938,0.901387631893158,0.9759557843208313
142,0.4938733407832969,0.9187734723091125,0.8497511744499207,0.9472641944885254,0.9624221920967102,0.940457284450531,0.5254727806918256,0.8776403665542603,0.7819600105285645,0.9000160694122314,0.9221981167793274,0.8859039545059204,0.9200321435928345,0.851906955242157,0.9541244506835938,0.901387631893158,0.9759557843208313
143,0.4883593965992585,0.9191299080848694,0.8503611087799072,0.9475046992301941,0.9626294374465942,0.9407126903533936,0.4338145418620159,0.8778795599937439,0.7823397517204285,0.900238037109375,0.9222033023834229,0.8862639665603638,0.9200321435928345,0.851906955242157,0.9541244506835938,0.901387631893158,0.9759557843208313
144,0.5051263102975172,0.9194977879524231,0.8509911894798279,0.9477531313896179,0.962837278842926,0.9409793615341187,0.6393414008299525,0.8780950903892517,0.7826822996139526,0.9004418849945068,0.9221739768981934,0.886616051197052,0.9200321435928345,0.851906955242157,0.9541244506835938,0.901387631893158,0.9759557843208313
145,0.48778402823317946,0.9198622107505798,0.8516156077384949,0.9479988217353821,0.9630484580993652,0.9412404894828796,0.3899106024807104,0.8783135414123535,0.7830294966697693,0.9006467461585999,0.9221580624580383,0.8869612812995911,0.9200321435928345,0.851906955242157,0.9541244506835938,0.901387631893158,0.9759557843208313
146,0.4918127023218892,0.9202259182929993,0.852239191532135,0.9482441544532776,0.9632552266120911,0.9415032863616943,0.49368161140284844,0.8785426616668701,0.7833938002586365,0.9008619785308838,0.922136664390564,0.8873270750045776,0.9200321435928345,0.851906955242157,0.9541244506835938,0.901387631893158,0.9759557843208313
147,0.4934961333021237,0.9205829501152039,0.852851927280426,0.9484850168228149,0.9634580016136169,0.9417610764503479,0.5299105526467582,0.8787490725517273,0.7837220430374146,0.9010494947433472,0.922175407409668,0.8876093029975891,0.9200321435928345,0.851906955242157,0.9541244506835938,0.901387631893158,0.9759557843208313
148,0.49441975699541,0.9209314584732056,0.8534504771232605,0.9487196803092957,0.9636620879173279,0.9420095086097717,0.5350404583832816,0.8789697885513306,0.7840731739997864,0.9012611508369446,0.9221118688583374,0.8879960179328918,0.9200321435928345,0.851906955242157,0.9541244506835938,0.901387631893158,0.9759557843208313
149,0.4894315227752962,0.9212858080863953,0.8540592789649963,0.9489587545394897,0.9638562798500061,0.9422688484191895,0.46599944139627353,0.8791794180870056,0.7844069004058838,0.9014520049095154,0.9221466183662415,0.8882862329483032,0.9200321435928345,0.851906955242157,0.9541244506835938,0.901387631893158,0.9759557843208313
150,0.4918320460747926,0.9216209053993225,0.8546353578567505,0.9491841793060303,0.9640539288520813,0.9425064921379089,0.44202725470260673,0.8793858289718628,0.7847355604171753,0.9016460180282593,0.922122061252594,0.8886193633079529,0.9200321435928345,0.851906955242157,0.9541244506835938,0.901387631893158,0.9759557843208313
151,0.49128733950986514,0.9219664931297302,0.855229914188385,0.9494172930717468,0.9642409086227417,0.9427605271339417,0.5069201200535307,0.87958163022995,0.7850475311279297,0.9018256664276123,0.9221400618553162,0.8889018297195435,0.9200321435928345,0.851906955242157,0.9541244506835938,0.901387631893158,0.9759557843208313
152,0.4951832220449569,0.9223045706748962,0.8558118343353271,0.9496449828147888,0.9644305109977722,0.9430053234100342,0.5434514636643326,0.8797640204429626,0.7853382229804993,0.9019965529441833,0.9221228957176208,0.8891922831535339,0.9200321435928345,0.851906955242157,0.9541244506835938,0.901387631893158,0.9759557843208313
153,0.5052566212431077,0.9226430058479309,0.8563949465751648,0.9498728513717651,0.96462082862854,0.9432501792907715,0.6615425360356958,0.8799658417701721,0.7856598496437073,0.9021841883659363,0.9221162796020508,0.889503538608551,0.9200321435928345,0.851906955242157,0.9541244506835938,0.901387631893158,0.9759557843208313
154,0.4962048047726036,0.9229855537414551,0.856985330581665,0.9501035213470459,0.9648107886314392,0.9434990286827087,0.5282769078786824,0.8801484107971191,0.7859508991241455,0.9023604989051819,0.9220466613769531,0.8898363709449768,0.9200321435928345,0.851906955242157,0.9541244506835938,0.901387631893158,0.9759557843208313
155,0.48982328125202124,0.9233156442642212,0.8575544953346252,0.950325608253479,0.9649956822395325,0.9437376856803894,0.4325049895253787,0.8803457617759705,0.7862656712532043,0.902543842792511,0.9220405220985413,0.8901401162147522,0.9200321435928345,0.851906955242157,0.9541244506835938,0.901387631893158,0.9759557843208313
156,0.4893658803097882,0.9236416220664978,0.8581172227859497,0.9505446553230286,0.9651837348937988,0.9439706802368164,0.4697576390796202,0.8805333375930786,0.7865649461746216,0.9027273058891296,0.9219455122947693,0.8905008435249329,0.9200321435928345,0.851906955242157,0.9541244506835938,0.901387631893158,0.9759557843208313
157,0.48734345676232904,0.9239634275436401,0.8586729168891907,0.950761079788208,0.9653624892234802,0.9442040920257568,0.4342722507864949,0.8807142972946167,0.7868538498878479,0.9029061198234558,0.921836256980896,0.8908629417419434,0.9200321435928345,0.851906955242157,0.9541244506835938,0.901387631893158,0.9759557843208313
158,0.4939291297421361,0.9242829084396362,0.8592248558998108,0.9509759545326233,0.9655391573905945,0.9444361329078674,0.5410464721272576,0.8808954954147339,0.7871431112289429,0.9030740261077881,0.9218321442604065,0.8911402225494385,0.9200321435928345,0.851906955242157,0.9541244506835938,0.901387631893158,0.9759557843208313
159,0.49329590644436405,0.9246000051498413,0.8597731590270996,0.9511890411376953,0.9657151699066162,0.9446660280227661,0.5292455938257459,0.8810722231864929,0.7874254584312439,0.9032344818115234,0.9218589067459106,0.8913857340812683,0.9200321435928345,0.851906955242157,0.9541244506835938,0.901387631893158,0.9759557843208313
160,0.5006014325711556,0.9249075055122375,0.8603051900863647,0.9513955116271973,0.96589195728302,0.9448855519294739,0.5785310736448156,0.8812385201454163,0.787691056728363,0.9033872485160828,0.9218659400939941,0.8916311860084534,0.9200321435928345,0.851906955242157,0.9541244506835938,0.901387631893158,0.9759557843208313
161,0.49452942677234174,0.9252117276191711,0.8608315587043762,0.9515994787216187,0.9660664200782776,0.9451029300689697,0.5157645706730752,0.881429135799408,0.7879958748817444,0.9035685062408447,0.9218158721923828,0.8919596076011658,0.9200321435928345,0.851906955242157,0.9541244506835938,0.901387631893158,0.9759557843208313
162,0.4938946222367876,0.9255152344703674,0.8613572120666504,0.9518035650253296,0.9662310481071472,0.9453246593475342,0.5104969654148368,0.88160640001297,0.7882791757583618,0.9037350416183472,0.9217863082885742,0.8922509551048279,0.9200321435928345,0.851906955242157,0.9541244506835938,0.901387631893158,0.9759557843208313
163,0.4902902540345547,0.9258065223693848,0.8618620038032532,0.9519988894462585,0.9663978219032288,0.9455328583717346,0.4801748122865789,0.881763219833374,0.7885300517082214,0.9038882851600647,0.9217034578323364,0.8925544619560242,0.9200321435928345,0.851906955242157,0.9541244506835938,0.901387631893158,0.9759557843208313
164,0.4893492970763583,0.9261032938957214,0.8623764514923096,0.9521981477737427,0.9665602445602417,0.9457485675811768,0.46592320542856536,0.8819406628608704,0.7888138890266418,0.9040494561195374,0.9217261075973511,0.8928037881851196,0.9200321435928345,0.851906955242157,0.9541244506835938,0.901387631893158,0.9759557843208313
165,0.49093515198268334,0.926384449005127,0.8628643155097961,0.9523863196372986,0.966725766658783,0.945946991443634,0.47563621949920093,0.8820964097976685,0.7890629768371582,0.904198169708252,0.9216758608818054,0.8930790424346924,0.9200321435928345,0.851906955242157,0.9541244506835938,0.901387631893158,0.9759557843208313
166,0.4927275696601059,0.9266710877418518,0.8633618354797363,0.9525788426399231,0.9668794274330139,0.9461570382118225,0.475250859728931,0.8822519779205322,0.7893121838569641,0.9043362140655518,0.9217275977134705,0.8932718634605408,0.9200321435928345,0.851906955242157,0.9541244506835938,0.901387631893158,0.9759557843208313
167,0.4890644329846151,0.9269512295722961,0.8638482689857483,0.9527664184570312,0.9670398235321045,0.9463567733764648,0.481784667220835,0.8824111819267273,0.7895669937133789,0.9044906497001648,0.9216509461402893,0.8935733437538147,0.9200321435928345,0.851906955242157,0.9541244506835938,0.901387631893158,0.9759557843208313
168,0.48961048806833307,0.9272362589836121,0.8643434047698975,0.952957808971405,0.9671925902366638,0.9465655088424683,0.47619773866024084,0.8825762271881104,0.789831280708313,0.904646098613739,0.9216165542602539,0.8938495516777039,0.9200321435928345,0.851906955242157,0.9541244506835938,0.901387631893158,0.9759557843208313
169,0.499154663211023,0.9275177121162415,0.8648325800895691,0.9531462788581848,0.9673511385917664,0.946767270565033,0.5977651959297756,0.8827361464500427,0.7900875806808472,0.9047904014587402,0.9216446876525879,0.8940678238868713,0.9200321435928345,0.851906955242157,0.9541244506835938,0.901387631893158,0.9759557843208313
170,0.48948099388091115,0.9277963042259216,0.865317165851593,0.953332781791687,0.9675087332725525,0.946966826915741,0.46580858748160714,0.8828970789909363,0.790345311164856,0.9049458503723145,0.9215713143348694,0.8943688273429871,0.9200321435928345,0.851906955242157,0.9541244506835938,0.901387631893158,0.9759557843208313
171,0.48828708008471133,0.9280774593353271,0.8658064603805542,0.9535211324691772,0.9676637649536133,0.9471701979637146,0.44600615366798735,0.8830546140670776,0.7905978560447693,0.9050952196121216,0.9215269088745117,0.8946415185928345,0.9200321435928345,0.851906955242157,0.9541244506835938,0.901387631893158,0.9759557843208313
172,0.4983060848853761,0.9283558130264282,0.8662911057472229,0.9537079334259033,0.9678096175193787,0.9473753571510315,0.5523988335871632,0.8832011818885803,0.7908328175544739,0.9052243828773499,0.9215805530548096,0.8948186039924622,0.9200321435928345,0.851906955242157,0.9541244506835938,0.901387631893158,0.9759557843208313
173,0.49128736046106974,0.9286217093467712,0.8667543530464172,0.953885555267334,0.9679648876190186,0.9475630521774292,0.4933131749997716,0.883343517780304,0.7910610437393188,0.9053573608398438,0.9215585589408875,0.8950502872467041,0.9200321435928345,0.851906955242157,0.9541244506835938,0.901387631893158,0.9759557843208313
174,0.4943296757590995,0.9288976192474365,0.8672351837158203,0.9540702104568481,0.968116044998169,0.9477628469467163,0.5518386385113754,0.8835005164146423,0.7913129925727844,0.9055031538009644,0.9215433597564697,0.895298421382904,0.9200321435928345,0.851906955242157,0.9541244506835938,0.901387631893158,0.9759557843208313
175,0.48863701203316484,0.92917400598526,0.8677170276641846,0.9542553424835205,0.9682648181915283,0.9479642510414124,0.442898711526189,0.8836498856544495,0.7915525436401367,0.9056389331817627,0.9215552806854248,0.895513117313385,0.9200321435928345,0.851906955242157,0.9541244506835938,0.901387631893158,0.9759557843208313
176,0.49949652718994014,0.9294371008872986,0.8681761026382446,0.9544312953948975,0.9684110283851624,0.948153555393219,0.6097252022499832,0.883801281452179,0.7917956709861755,0.9057744145393372,0.9215900301933289,0.895712673664093,0.9200321435928345,0.851906955242157,0.9541244506835938,0.901387631893158,0.9759557843208313
177,0.4916763086245022,0.9296973347663879,0.8686303496360779,0.9546051025390625,0.9685587882995605,0.94833904504776,0.481190952027344,0.8839549422264099,0.7920423150062561,0.9059207439422607,0.9215366840362549,0.8959860801696777,0.9200321435928345,0.851906955242157,0.9541244506835938,0.901387631893158,0.9759557843208313
178,0.49261240652847227,0.9299605488777161,0.8690899014472961,0.9547813534736633,0.9686986804008484,0.9485316276550293,0.47040683657694715,0.8840987682342529,0.7922732830047607,0.9060555100440979,0.9215089082717896,0.8962242007255554,0.9200321435928345,0.851906955242157,0.9541244506835938,0.901387631893158,0.9759557843208313
179,0.4880851117256737,0.9302179217338562,0.8695396780967712,0.9549532532691956,0.9688454270362854,0.9487147331237793,0.38844102137951253,0.8842442631721497,0.7925071120262146,0.9061949253082275,0.9214504957199097,0.8964893817901611,0.9200321435928345,0.851906955242157,0.9541244506835938,0.901387631893158,0.9759557843208313
180,0.4988289077487525,0.9304779767990112,0.8699941635131836,0.9551270604133606,0.968987226486206,0.9489029049873352,0.5698731044835399,0.884390652179718,0.7927421927452087,0.906330406665802,0.9214367866516113,0.896719753742218,0.9200321435928345,0.851906955242157,0.9541244506835938,0.901387631893158,0.9759557843208313
181,0.4973469515480601,0.9307372570037842,0.8704476952552795,0.9553003311157227,0.9691290259361267,0.9490903615951538,0.5815206646966276,0.8845306634902954,0.7929672002792358,0.9064599871635437,0.9214231371879578,0.8969404697418213,0.9200321435928345,0.851906955242157,0.9541244506835938,0.901387631893158,0.9759557843208313
182,0.48493959160303757,0.9309964179992676,0.8709010481834412,0.9554733037948608,0.9692732691764832,0.9492762088775635,0.38910583529962806,0.8846720457077026,0.793194591999054,0.9065955281257629,0.921363353729248,0.8972004055976868,0.9200321435928345,0.851906955242157,0.9541244506835938,0.901387631893158,0.9759557843208313
183,0.49266121932604484,0.9312546253204346,0.871353030204773,0.9556458592414856,0.9694129824638367,0.9494635462760925,0.5102259669733158,0.8848225474357605,0.7934365272521973,0.9067369103431702,0.9213272929191589,0.8974546790122986,0.9200321435928345,0.851906955242157,0.9541244506835938,0.901387631893158,0.9759557843208313
184,0.49417106678300826,0.9315136671066284,0.8718067407608032,0.9558190703392029,0.9695486426353455,0.9496536254882812,0.5363599316381074,0.8849730491638184,0.7936785817146301,0.906879186630249,0.9212825298309326,0.8977158665657043,0.9200321435928345,0.851906955242157,0.9541244506835938,0.901387631893158,0.9759557843208313
185,0.49280713543292165,0.931770920753479,0.8722575902938843,0.9559910893440247,0.969684898853302,0.9498416185379028,0.4797539469980183,0.8851022720336914,0.7938864827156067,0.9069954752922058,0.9213011264801025,0.8978943824768066,0.9200321435928345,0.851906955242157,0.9541244506835938,0.901387631893158,0.9759557843208313
186,0.48702036510039914,0.9320230484008789,0.8726995587348938,0.956159234046936,0.9698238372802734,0.9500229954719543,0.4503810456894631,0.8852434754371643,0.79411381483078,0.9071322083473206,0.9212254285812378,0.8981662392616272,0.9200321435928345,0.851906955242157,0.9541244506835938,0.901387631893158,0.9759557843208313
187,0.5067379587509978,0.9322784543037415,0.8731476068496704,0.956329882144928,0.9699584245681763,0.9502096772193909,0.6200811187513999,0.8853734731674194,0.7943230271339417,0.9072486162185669,0.9212494492530823,0.8983413577079773,0.9200321435928345,0.851906955242157,0.9541244506835938,0.901387631893158,0.9759557843208313
188,0.4904482723338411,0.9325163960456848,0.8735651969909668,0.9564883708953857,0.9700929522514343,0.9503790736198425,0.4279235434896327,0.8854941129684448,0.7945173382759094,0.9073691368103027,0.9211479425430298,0.8986031413078308,0.9200321435928345,0.851906955242157,0.9541244506835938,0.901387631893158,0.9759557843208313
189,0.4892194218581168,0.9327566623687744,0.8739868402481079,0.9566489458084106,0.9702164530754089,0.950556218624115,0.4197499257875742,0.8856254816055298,0.794728696346283,0.9074880480766296,0.921157956123352,0.8987913727760315,0.9200321435928345,0.851906955242157,0.9541244506835938,0.901387631893158,0.9759557843208313
190,0.4942627234290894,0.9329887628555298,0.8743944764137268,0.9568034410476685,0.9703464508056641,0.9507218599319458,0.5353180619645523,0.885757327079773,0.7949410676956177,0.9076066613197327,0.9211755394935608,0.8989742994308472,0.9200321435928345,0.851906955242157,0.9541244506835938,0.901387631893158,0.9759557843208313
191,0.486407908728932,0.9332252740859985,0.8748101592063904,0.9569613933563232,0.9704703092575073,0.9508950710296631,0.4046012569862426,0.8858797550201416,0.7951383590698242,0.9077197313308716,0.9211629033088684,0.8991673588752747,0.9200321435928345,0.851906955242157,0.9541244506835938,0.901387631893158,0.9759557843208313
192,0.49688189252743187,0.9334422945976257,0.8751915097236633,0.9571061134338379,0.9705855846405029,0.9510530233383179,0.5718282213864774,0.8859736919403076,0.7952898144721985,0.9077973961830139,0.9212440252304077,0.8992428183555603,0.9200321435928345,0.851906955242157,0.9541244506835938,0.901387631893158,0.9759557843208313
193,0.4931090348275964,0.9336374402046204,0.87553471326828,0.9572356343269348,0.9707030653953552,0.9511879682540894,0.5258971639037996,0.8860841393470764,0.795467734336853,0.9078978300094604,0.9212474226951599,0.8994048833847046,0.9200321435928345,0.851906955242157,0.9541244506835938,0.901387631893158,0.9759557843208313
194,0.48711941345081905,0.9338494539260864,0.8759075999259949,0.9573769569396973,0.9708167910575867,0.9513416290283203,0.44123818239276374,0.8861832022666931,0.7956275343894958,0.9079881906509399,0.9212474226951599,0.8995528817176819,0.9200321435928345,0.851906955242157,0.9541244506835938,0.901387631893158,0.9759557843208313
195,0.48678996897613447,0.9340624213218689,0.8762823939323425,0.9575189352035522,0.9709283113479614,0.9514973759651184,0.4314179094932642,0.8863149285316467,0.7958398461341858,0.9081096649169922,0.9212344884872437,0.8997597098350525,0.9200321435928345,0.851906955242157,0.9541244506835938,0.901387631893158,0.9759557843208313
196,0.48987392074779124,0.9342485070228577,0.8766100406646729,0.9576421976089478,0.9710452556610107,0.9516234397888184,0.44939407224099565,0.8864184021949768,0.7960066795349121,0.9082173705101013,0.9210996031761169,0.9000218510627747,0.9200321435928345,0.851906955242157,0.9541244506835938,0.901387631893158,0.9759557843208313
197,0.49363334779654655,0.9344475865364075,0.8769606947898865,0.9577751755714417,0.9711449146270752,0.9517712593078613,0.5046952049371389,0.8865293860435486,0.7961857318878174,0.9083101749420166,0.9211844205856323,0.9001195430755615,0.9200321435928345,0.851906955242157,0.9541244506835938,0.901387631893158,0.9759557843208313
198,0.49033253208202376,0.9346522092819214,0.8773213028907776,0.9579111933708191,0.9712604284286499,0.951916515827179,0.46889496153168175,0.8866487145423889,0.7963782548904419,0.9084238409996033,0.9211346507072449,0.9003373384475708,0.9200321435928345,0.851906955242157,0.9541244506835938,0.901387631893158,0.9759557843208313
199,0.4898256853039891,0.9348686337471008,0.8777025938034058,0.958055317401886,0.9713746905326843,0.9520741701126099,0.4628600246504955,0.8867689967155457,0.7965723276138306,0.908538281917572,0.9210859537124634,0.9005555510520935,0.9200321435928345,0.851906955242157,0.9541244506835938,0.901387631893158,0.9759557843208313
