,train_loss,train_dice,train_iou,train_acc,train_sens,train_spec,val_loss,val_dice,val_iou,val_acc,val_sens,val_spec,test_dice,test_iou,test_acc,test_sens,test_spec
0,1.2690318125430604,0.6546506881713867,0.4866027235984802,0.7741470336914062,0.6907587647438049,0.8115936517715454,1.113291190083188,0.7543013691902161,0.6055247187614441,0.7954353094100952,0.8075851202011108,0.7877057194709778,0.9263716340065002,0.8628420233726501,0.9575451016426086,0.9122439622879028,0.9762982726097107
1,1.1963736381151788,0.6798591017723083,0.5149897933006287,0.7827116250991821,0.7444986701011658,0.7998716235160828,1.3105009978458373,0.7489743232727051,0.5986881852149963,0.7776758074760437,0.8530038595199585,0.7297526001930237,0.9263716340065002,0.8628420233726501,0.9575451016426086,0.9122439622879028,0.9762982726097107
2,1.1878893272002864,0.6760289669036865,0.510607123374939,0.7635520100593567,0.7960577607154846,0.7489547729492188,1.179400817495143,0.7532414197921753,0.6041598320007324,0.7846636176109314,0.8452688455581665,0.7461070418357849,0.9263716340065002,0.8628420233726501,0.9575451016426086,0.9122439622879028,0.9762982726097107
3,1.170966952418392,0.6883183717727661,0.5247603058815002,0.7756580114364624,0.7993527054786682,0.765017569065094,1.1554132629853762,0.7548713684082031,0.6062597632408142,0.7850966453552246,0.8510159850120544,0.7431592345237732,0.9263716340065002,0.8628420233726501,0.9575451016426086,0.9122439622879028,0.9762982726097107
4,1.1820447226210742,0.696415901184082,0.5342317223548889,0.7814034819602966,0.8090633749961853,0.768982470035553,1.5005394237965861,0.756000280380249,0.6077173948287964,0.7845248579978943,0.8585100173950195,0.7374559640884399,0.9263716340065002,0.8628420233726501,0.9575451016426086,0.9122439622879028,0.9762982726097107
5,1.1381388601487714,0.7043114900588989,0.5435808300971985,0.7867524027824402,0.819528341293335,0.7720339894294739,1.0303135936320051,0.7644164562225342,0.6186683773994446,0.7939236164093018,0.8598621487617493,0.7519739866256714,0.9263716340065002,0.8628420233726501,0.9575451016426086,0.9122439622879028,0.9762982726097107
6,1.103555271780395,0.7194677591323853,0.5618506073951721,0.7998355627059937,0.8282570838928223,0.7870725393295288,1.134423461260754,0.7675954699516296,0.6228438019752502,0.7952746152877808,0.869511067867279,0.7480459213256836,0.9263716340065002,0.8628420233726501,0.9575451016426086,0.9122439622879028,0.9762982726097107
7,1.0840098299571397,0.7309239506721497,0.5759497284889221,0.8083299994468689,0.8400419354438782,0.7940893173217773,0.9828812435167288,0.7766537666320801,0.6348601579666138,0.8064416646957397,0.8655182123184204,0.7688575983047485,0.9263716340065002,0.8628420233726501,0.9575451016426086,0.9122439622879028,0.9762982726097107
8,1.0907280264116024,0.7403661012649536,0.5877628922462463,0.8157774806022644,0.8475736379623413,0.8014990091323853,1.0696603724852551,0.7831367254257202,0.6435700058937073,0.8128805160522461,0.8689326643943787,0.7772205471992493,0.9263716340065002,0.8628420233726501,0.9575451016426086,0.9122439622879028,0.9762982726097107
9,1.0760919023398061,0.7515037059783936,0.6019269824028015,0.8250789046287537,0.8534988164901733,0.8123165369033813,1.1390715348669151,0.7878902554512024,0.650015652179718,0.8170428276062012,0.873916745185852,0.7808601260185242,0.9263716340065002,0.8628420233726501,0.9575451016426086,0.9122439622879028,0.9762982726097107
10,1.0561323414189736,0.7611506581306458,0.6144012212753296,0.8329709768295288,0.8587918281555176,0.8213759064674377,0.8780478528988467,0.7932384610176086,0.6573283076286316,0.8219894170761108,0.8782039880752563,0.7862260937690735,0.9263716340065002,0.8628420233726501,0.9575451016426086,0.9122439622879028,0.9762982726097107
11,1.0644774096462097,0.770140528678894,0.6262021064758301,0.8402350544929504,0.863651692867279,0.8297195434570312,1.1207134168045079,0.7954670190811157,0.6603944897651672,0.8231027126312256,0.8846988081932068,0.7839156985282898,0.9263716340065002,0.8628420233726501,0.9575451016426086,0.9122439622879028,0.9762982726097107
12,1.0650047850083035,0.7764221429824829,0.6345506906509399,0.8449090123176575,0.8689712285995483,0.834103524684906,1.049531659445224,0.7993431687355042,0.6657548546791077,0.8275319933891296,0.8834934234619141,0.7919297218322754,0.9263716340065002,0.8628420233726501,0.9575451016426086,0.9122439622879028,0.9762982726097107
13,1.0580547133702431,0.7829872965812683,0.6433682441711426,0.850006103515625,0.8731582164764404,0.8396093249320984,1.0468056258239913,0.8028740286827087,0.6706679463386536,0.8308278918266296,0.8860290050506592,0.7957093119621277,0.9263716340065002,0.8628420233726501,0.9575451016426086,0.9122439622879028,0.9762982726097107
14,1.0449216146050448,0.789097011089325,0.6516599655151367,0.854698896408081,0.877134382724762,0.8446239829063416,0.9037026516192674,0.8052571415901184,0.6740003824234009,0.8328853249549866,0.8885936141014099,0.7974441051483154,0.9263716340065002,0.8628420233726501,0.9575451016426086,0.9122439622879028,0.9762982726097107
15,1.0422067008228493,0.7942808866500854,0.658761203289032,0.8584536910057068,0.8817545175552368,0.8479901552200317,0.922779235358069,0.8081413507461548,0.6780512928962708,0.8356643915176392,0.8901295065879822,0.8010140061378479,0.9263716340065002,0.8628420233726501,0.9575451016426086,0.9122439622879028,0.9762982726097107
16,1.0522518686303481,0.7993358373641968,0.6657447218894958,0.8622773289680481,0.8851451277732849,0.8520082831382751,1.094452312492053,0.8115906715393066,0.6829217672348022,0.8391122221946716,0.8911962509155273,0.8059766292572021,0.9263716340065002,0.8628420233726501,0.9575451016426086,0.9122439622879028,0.9762982726097107
17,1.0444226442956888,0.8040274381637573,0.6722792387008667,0.8657975792884827,0.8883534073829651,0.8556685447692871,1.010020729741885,0.8134209513664246,0.6855177879333496,0.8404460549354553,0.8944903016090393,0.8060635328292847,0.9263716340065002,0.8628420233726501,0.9575451016426086,0.9122439622879028,0.9762982726097107
18,1.0428621740151294,0.808296799659729,0.6782702207565308,0.869037926197052,0.8909158110618591,0.8592134118080139,0.9660877170348372,0.8148710131645203,0.6875799894332886,0.8415930271148682,0.8966115117073059,0.8065906167030334,0.9263716340065002,0.8628420233726501,0.9575451016426086,0.9122439622879028,0.9762982726097107
19,1.0356376819591515,0.8123779296875,0.684037446975708,0.8721311688423157,0.8932822942733765,0.8626328706741333,0.8896512953174229,0.8167680501937866,0.6902856826782227,0.8432211875915527,0.8986704349517822,0.8079447746276855,0.9263716340065002,0.8628420233726501,0.9575451016426086,0.9122439622879028,0.9762982726097107
20,1.0455209371128924,0.8163825869560242,0.6897351741790771,0.8751124739646912,0.8958771228790283,0.865787923336029,1.141563134945773,0.818871259689331,0.6932955384254456,0.8451381325721741,0.9003023505210876,0.8100429177284241,0.9263716340065002,0.8628420233726501,0.9575451016426086,0.9122439622879028,0.9762982726097107
21,1.047228374778689,0.8197740316390991,0.69459068775177,0.8777286410331726,0.8973273634910583,0.8689276576042175,1.028500763742299,0.8196636438369751,0.694432258605957,0.8455687761306763,0.9026161432266235,0.8092756271362305,0.9263716340065002,0.8628420233726501,0.9575451016426086,0.9122439622879028,0.9762982726097107
22,1.049008476887091,0.8227715492248535,0.6989056468009949,0.8799237608909607,0.8993991613388062,0.8711780905723572,1.109499766256099,0.821071207523346,0.6964552402496338,0.8468426465988159,0.9037618637084961,0.8106310367584229,0.9263716340065002,0.8628420233726501,0.9575451016426086,0.9122439622879028,0.9762982726097107
23,1.050990586778915,0.8248286843299866,0.7018795609474182,0.8813484907150269,0.9014124274253845,0.8723385334014893,1.0398200905724686,0.8233266472816467,0.6997069716453552,0.8493097424507141,0.9030289649963379,0.8151339888572693,0.9263716340065002,0.8628420233726501,0.9575451016426086,0.9122439622879028,0.9762982726097107
24,1.0464212192851485,0.8271007537841797,0.7051762938499451,0.8830363750457764,0.9027464389801025,0.8741853833198547,0.9728549653629,0.8250617980957031,0.7022172212600708,0.8511596918106079,0.9026889204978943,0.8183770775794983,0.9263716340065002,0.8628420233726501,0.9575451016426086,0.9122439622879028,0.9762982726097107
25,1.0490547385043607,0.829508364200592,0.7086836099624634,0.8848621845245361,0.9038265943527222,0.8763459324836731,1.0547296128118697,0.8265088796615601,0.704316258430481,0.8523892760276794,0.9042816162109375,0.81937575340271,0.9263716340065002,0.8628420233726501,0.9575451016426086,0.9122439622879028,0.9762982726097107
26,1.0480773004830326,0.8315623998641968,0.711687445640564,0.8863610029220581,0.9051759243011475,0.8779118061065674,1.049244139631027,0.8279727697372437,0.7064450979232788,0.8538081049919128,0.9048113822937012,0.821360170841217,0.9263716340065002,0.8628420233726501,0.9575451016426086,0.9122439622879028,0.9762982726097107
27,1.0512589528683451,0.8338662981987,0.7150691151618958,0.8880152106285095,0.9068745374679565,0.8795462250709534,1.24582429363358,0.8293029069900513,0.7083837985992432,0.8551170825958252,0.905148446559906,0.8232874274253845,0.9263716340065002,0.8628420233726501,0.9575451016426086,0.9122439622879028,0.9762982726097107
28,1.0362269457169482,0.8362611532211304,0.7185985445976257,0.8897688984870911,0.908330500125885,0.8814335465431213,1.0391733315370169,0.830697238445282,0.7104210257530212,0.8563902378082275,0.9061044454574585,0.8247624039649963,0.9263716340065002,0.8628420233726501,0.9575451016426086,0.9122439622879028,0.9762982726097107
29,1.0331974118534863,0.838474690914154,0.7218738198280334,0.8913589715957642,0.9098985195159912,0.8830335140228271,1.0173892266281834,0.8319607377052307,0.7122712135314941,0.8574892282485962,0.9073094725608826,0.8257938623428345,0.9263716340065002,0.8628420233726501,0.9575451016426086,0.9122439622879028,0.9762982726097107
30,1.0383648993471164,0.8408676981925964,0.7254287004470825,0.8931147456169128,0.9112488031387329,0.8849713206291199,1.155196563499422,0.8333920836448669,0.7143720388412476,0.8588116765022278,0.9081718325614929,0.8274091482162476,0.9263716340065002,0.8628420233726501,0.9575451016426086,0.9122439622879028,0.9762982726097107
31,1.0316697466881002,0.842928946018219,0.7285023927688599,0.8945906162261963,0.9126912951469421,0.8864621520042419,1.031680792322406,0.8343507051467896,0.7157819867134094,0.8596113324165344,0.9092994928359985,0.8279999494552612,0.9263716340065002,0.8628420233726501,0.9575451016426086,0.9122439622879028,0.9762982726097107
32,1.0179694577267115,0.8451089262962341,0.7317649722099304,0.8961625695228577,0.914091944694519,0.8881110548973083,0.8786625725918827,0.8355924487113953,0.7176117300987244,0.8607640266418457,0.9099968671798706,0.8294423818588257,0.9263716340065002,0.8628420233726501,0.9575451016426086,0.9122439622879028,0.9762982726097107
33,1.0306410448090781,0.8471928238868713,0.7348954677581787,0.897650957107544,0.9155282974243164,0.8896228671073914,1.1089853442046984,0.8366772532463074,0.7192134261131287,0.8617510795593262,0.9107279181480408,0.8305923938751221,0.9263716340065002,0.8628420233726501,0.9575451016426086,0.9122439622879028,0.9762982726097107
34,1.0224900560029153,0.8490622639656067,0.7377133965492249,0.8989810943603516,0.916840136051178,0.8909613490104675,0.9459851991816458,0.8374718427658081,0.7203884720802307,0.8623828291893005,0.9118634462356567,0.8309036493301392,0.9263716340065002,0.8628420233726501,0.9575451016426086,0.9122439622879028,0.9762982726097107
35,1.0253997199308271,0.8509365916252136,0.7405479550361633,0.9003109335899353,0.9181702136993408,0.8922910094261169,1.0372034747647203,0.8385719656944275,0.7220179438591003,0.8634884357452393,0.9118983149528503,0.8326902985572815,0.9263716340065002,0.8628420233726501,0.9575451016426086,0.9122439622879028,0.9762982726097107
36,1.0235999083794205,0.8528804779052734,0.7434974908828735,0.9016947746276855,0.9194836616516113,0.8937064409255981,1.064517818205299,0.8392165899276733,0.7229742407798767,0.863976001739502,0.9129851460456848,0.8327967524528503,0.9263716340065002,0.8628420233726501,0.9575451016426086,0.9122439622879028,0.9762982726097107
37,1.022058299688649,0.8545432686805725,0.7460283637046814,0.9028838872909546,0.920536458492279,0.8949567675590515,0.9518725196646864,0.8396782279014587,0.7236598134040833,0.8642932176589966,0.9139816761016846,0.8326817750930786,0.9263716340065002,0.8628420233726501,0.9575451016426086,0.9122439622879028,0.9762982726097107
38,1.0230867962395958,0.8560634851455688,0.7483486533164978,0.9039521813392639,0.921662449836731,0.8959991335868835,0.9770502678543753,0.8403580188751221,0.7246701717376709,0.8648479580879211,0.9148615598678589,0.8330296277999878,0.9263716340065002,0.8628420233726501,0.9575451016426086,0.9122439622879028,0.9762982726097107
39,1.0449946096908937,0.8575060963630676,0.750556468963623,0.9049747586250305,0.9226346611976624,0.89704430103302,1.3068759542875559,0.8410206437110901,0.725656270980835,0.8653896450996399,0.9157143235206604,0.8333734273910522,0.9263716340065002,0.8628420233726501,0.9575451016426086,0.9122439622879028,0.9762982726097107
40,1.0644007771416912,0.8580456376075745,0.7513834834098816,0.9053491353988647,0.9230727553367615,0.8973901271820068,1.265758379595134,0.841558575630188,0.7264575362205505,0.8659012913703918,0.9159161448478699,0.8340821862220764,0.9263716340065002,0.8628420233726501,0.9575451016426086,0.9122439622879028,0.9762982726097107
41,1.0365965844621292,0.8587174415588379,0.7524144053459167,0.9057889580726624,0.9238750338554382,0.8976671099662781,0.9525833855431587,0.8421387076377869,0.7273226976394653,0.8667243719100952,0.914269745349884,0.8364763259887695,0.9263716340065002,0.8628420233726501,0.9575451016426086,0.9122439622879028,0.9762982726097107
42,1.0431911590008678,0.8594260215759277,0.7535030841827393,0.9062827229499817,0.924427330493927,0.8981346487998962,1.0311066989889572,0.8420162200927734,0.7271398901939392,0.866473913192749,0.9151447415351868,0.8355098366737366,0.9263716340065002,0.8628420233726501,0.9575451016426086,0.9122439622879028,0.9762982726097107
43,1.0361365955561523,0.8603524565696716,0.7549285292625427,0.9069489240646362,0.9249414205551147,0.8988691568374634,0.9956580459644422,0.8424499034881592,0.7277869582176208,0.8668203353881836,0.9157542586326599,0.8356888890266418,0.9263716340065002,0.8628420233726501,0.9575451016426086,0.9122439622879028,0.9762982726097107
44,1.026939605355206,0.8611119389533997,0.7560988068580627,0.9074344635009766,0.9259632229804993,0.8991138339042664,0.9311223799400388,0.8433181047439575,0.7290838956832886,0.8677518963813782,0.9153301119804382,0.8374829888343811,0.9263716340065002,0.8628420233726501,0.9575451016426086,0.9122439622879028,0.9762982726097107
45,1.0363394121803908,0.862343430519104,0.757999837398529,0.908333420753479,0.9264968037605286,0.900177001953125,1.1429228355002956,0.8436980843544006,0.7296521067619324,0.8680341243743896,0.9160100221633911,0.8375121355056763,0.9263716340065002,0.8628420233726501,0.9575451016426086,0.9122439622879028,0.9762982726097107
46,1.0217397043431484,0.8634235262870789,0.7596704363822937,0.9090675115585327,0.9275059103965759,0.9007874727249146,0.9976280893610057,0.8443885445594788,0.7306854724884033,0.8688093423843384,0.9154173135757446,0.8391577005386353,0.9263716340065002,0.8628420233726501,0.9575451016426086,0.9122439622879028,0.9762982726097107
47,1.024670353039191,0.8644571304321289,0.7612721920013428,0.9097855687141418,0.9283089637756348,0.9014673829078674,1.0029726378012287,0.8451828360557556,0.7318759560585022,0.8695679903030396,0.915654182434082,0.8402482271194458,0.9263716340065002,0.8628420233726501,0.9575451016426086,0.9122439622879028,0.9762982726097107
48,1.0227049216589446,0.8656997680664062,0.7632015347480774,0.9106759428977966,0.9289849996566772,0.9024539589881897,1.035084691283459,0.8458045721054077,0.7328088283538818,0.8701424598693848,0.9159700870513916,0.8409872651100159,0.9263716340065002,0.8628420233726501,0.9575451016426086,0.9122439622879028,0.9762982726097107
49,1.0183341588888948,0.8666863441467285,0.7647364735603333,0.9113506078720093,0.9298499822616577,0.9030432105064392,0.947128815089188,0.8465645909309387,0.7339504957199097,0.8708878755569458,0.9160453081130981,0.8421589732170105,0.9263716340065002,0.8628420233726501,0.9575451016426086,0.9122439622879028,0.9762982726097107
50,1.020962529591615,0.8679118156433105,0.7666468620300293,0.9122229814529419,0.9305554032325745,0.9039904475212097,1.0570164472398345,0.8471010327339172,0.7347573041915894,0.8713709712028503,0.9163998961448669,0.8427239060401917,0.9263716340065002,0.8628420233726501,0.9575451016426086,0.9122439622879028,0.9762982726097107
51,1.024745748892192,0.8690151572227478,0.7683702707290649,0.9129920601844788,0.9313545823097229,0.9047459959983826,1.1218146021719457,0.8477615118026733,0.735751748085022,0.8719626069068909,0.9168567061424255,0.843401312828064,0.9263716340065002,0.8628420233726501,0.9575451016426086,0.9122439622879028,0.9762982726097107
52,1.0220476032331183,0.8701617121696472,0.7701647281646729,0.9137919545173645,0.9321684241294861,0.9055397510528564,1.1225308704805455,0.848444938659668,0.7367820143699646,0.8725960850715637,0.9171738624572754,0.8442360162734985,0.9263716340065002,0.8628420233726501,0.9575451016426086,0.9122439622879028,0.9762982726097107
53,1.0151311411402906,0.8712526559829712,0.7718756794929504,0.9145477414131165,0.9329942464828491,0.906264066696167,1.0188208909372578,0.8491173386573792,0.7377965450286865,0.8732650876045227,0.9171493053436279,0.8453462719917297,0.9263716340065002,0.8628420233726501,0.9575451016426086,0.9122439622879028,0.9762982726097107
54,1.0141557287121545,0.8723841905593872,0.7736537456512451,0.9153429269790649,0.933719277381897,0.9070907831192017,1.0136053605670594,0.8495405912399292,0.7384360432624817,0.8736087083816528,0.9176931381225586,0.8455625772476196,0.9263716340065002,0.8628420233726501,0.9575451016426086,0.9122439622879028,0.9762982726097107
55,1.022337984731863,0.8734062314033508,0.7752627730369568,0.9160553812980652,0.9344297051429749,0.9078041315078735,1.1207245813555726,0.8501924276351929,0.7394214868545532,0.87422114610672,0.9179235696792603,0.846418023109436,0.9263716340065002,0.8628420233726501,0.9575451016426086,0.9122439622879028,0.9762982726097107
56,1.0148113407516268,0.8742970824241638,0.7766676545143127,0.9166648387908936,0.9351723790168762,0.9083536863327026,0.9783429616213422,0.850801408290863,0.7403432726860046,0.8748291730880737,0.9178723096847534,0.8474454283714294,0.9263716340065002,0.8628420233726501,0.9575451016426086,0.9122439622879028,0.9762982726097107
57,1.0167333256919628,0.8753364682197571,0.7783096432685852,0.917392373085022,0.9358485341072083,0.9091043472290039,1.0699541518768954,0.8514988422393799,0.7414001226425171,0.8754899501800537,0.918066680431366,0.8484029173851013,0.9263716340065002,0.8628420233726501,0.9575451016426086,0.9122439622879028,0.9762982726097107
58,1.0097633171474965,0.8763567805290222,0.7799243927001953,0.9181017875671387,0.936557412147522,0.9098140597343445,0.9819852013141877,0.8520405888557434,0.7422218322753906,0.876010000705719,0.9181634187698364,0.849192202091217,0.9263716340065002,0.8628420233726501,0.9575451016426086,0.9122439622879028,0.9762982726097107
59,1.0092555582604636,0.8773661255836487,0.7815247178077698,0.9188112616539001,0.9371647834777832,0.9105693697929382,0.9580718224053002,0.8526029586791992,0.7430757880210876,0.8764802813529968,0.9187763929367065,0.8495718240737915,0.9263716340065002,0.8628420233726501,0.9575451016426086,0.9122439622879028,0.9762982726097107
60,1.008407331178228,0.8783924579620361,0.7831548452377319,0.9195311665534973,0.9377892017364502,0.9113321900367737,0.9776143100958246,0.8530904650688171,0.7438166737556458,0.8769715428352356,0.9186842441558838,0.8504341840744019,0.9263716340065002,0.8628420233726501,0.9575451016426086,0.9122439622879028,0.9762982726097107
61,1.0181393267330505,0.879352331161499,0.7846822142601013,0.9202027916908264,0.9383857846260071,0.9120373725891113,1.1159565454627702,0.8536193370819092,0.7446211576461792,0.8774341940879822,0.9191052913665771,0.8509234189987183,0.9263716340065002,0.8628420233726501,0.9575451016426086,0.9122439622879028,0.9762982726097107
62,1.0093457762215414,0.8802777528762817,0.7861573100090027,0.9208464622497559,0.9389986395835876,0.9126949906349182,0.9859503929043152,0.8540956974029541,0.7453465461730957,0.8778669238090515,0.9193637371063232,0.8514668941497803,0.9263716340065002,0.8628420233726501,0.9575451016426086,0.9122439622879028,0.9762982726097107
63,1.0163705372779286,0.8811596632003784,0.7875652313232422,0.9214526414871216,0.9396626949310303,0.9132752418518066,1.1153289074344714,0.8547315001487732,0.7463154196739197,0.8784896731376648,0.919363260269165,0.8524861335754395,0.9263716340065002,0.8628420233726501,0.9575451016426086,0.9122439622879028,0.9762982726097107
64,1.012514190824748,0.882095456123352,0.7890616059303284,0.9221073985099792,0.9402242302894592,0.9139716625213623,1.0613693177869123,0.8553456664085388,0.7472524046897888,0.8790755271911621,0.9194750189781189,0.8533737063407898,0.9263716340065002,0.8628420233726501,0.9575451016426086,0.9122439622879028,0.9762982726097107
65,1.0080108710190645,0.8830265998840332,0.7905529737472534,0.9227532148361206,0.9408419728279114,0.9146302938461304,1.0261656724067545,0.8558300137519836,0.7479920983314514,0.8795444369316101,0.9195072054862976,0.8541204929351807,0.9263716340065002,0.8628420233726501,0.9575451016426086,0.9122439622879028,0.9762982726097107
66,1.0037564184887975,0.8839619159698486,0.7920535802841187,0.9234017133712769,0.9414592981338501,0.9152927398681641,0.9784376605102034,0.8563951253890991,0.7488557696342468,0.8800745606422424,0.9196692109107971,0.8548847436904907,0.9263716340065002,0.8628420233726501,0.9575451016426086,0.9122439622879028,0.9762982726097107
67,1.0020227661732062,0.8848543167114258,0.7934876084327698,0.9240184426307678,0.9420668482780457,0.9159135818481445,0.9460740106223081,0.856829822063446,0.7495207786560059,0.8804696202278137,0.9198897480964661,0.8553908467292786,0.9263716340065002,0.8628420233726501,0.9575451016426086,0.9122439622879028,0.9762982726097107
68,0.9997141328445082,0.8857656121253967,0.7949546575546265,0.9246495366096497,0.9426662921905518,0.9165588617324829,0.9341467799754097,0.8573935031890869,0.7503837943077087,0.8810362815856934,0.9197516441345215,0.8564059138298035,0.9263716340065002,0.8628420233726501,0.9575451016426086,0.9122439622879028,0.9762982726097107
69,1.0082911207144944,0.8866575360298157,0.7963924407958984,0.9252684116363525,0.9432286024093628,0.9172031879425049,1.0666451008751525,0.8579176068305969,0.7511870861053467,0.881561279296875,0.9196328520774841,0.8573403358459473,0.9263716340065002,0.8628420233726501,0.9575451016426086,0.9122439622879028,0.9762982726097107
70,0.9996801223051914,0.8875124454498291,0.797773003578186,0.9258586764335632,0.9438002705574036,0.9178017973899841,0.9320917278794094,0.8584359884262085,0.7519822716712952,0.8820627331733704,0.9196481704711914,0.8581510186195374,0.9263716340065002,0.8628420233726501,0.9575451016426086,0.9122439622879028,0.9762982726097107
71,1.0081956193006985,0.8883390426635742,0.7991097569465637,0.9264324903488159,0.9443062543869019,0.918406069278717,1.0469660097442066,0.8588101267814636,0.7525567412376404,0.8824201822280884,0.9196908473968506,0.8587088584899902,0.9263716340065002,0.8628420233726501,0.9575451016426086,0.9122439622879028,0.9762982726097107
72,1.0208727736956753,0.889104962348938,0.8003500699996948,0.9269599914550781,0.9448244571685791,0.9189377427101135,1.2403924177536931,0.8592826724052429,0.753282904624939,0.8828648328781128,0.9197964668273926,0.859369158744812,0.9263716340065002,0.8628420233726501,0.9575451016426086,0.9122439622879028,0.9762982726097107
73,1.0040584021750854,0.8898882269859314,0.801620364189148,0.9275005459785461,0.9453356862068176,0.9194914102554321,0.99346680514425,0.8596954941749573,0.7539175152778625,0.8832473158836365,0.9199314713478088,0.859909176826477,0.9263716340065002,0.8628420233726501,0.9575451016426086,0.9122439622879028,0.9762982726097107
74,1.0031880597459915,0.8906779289245605,0.8029028177261353,0.9280455708503723,0.9458453059196472,0.9200522899627686,0.9980792494881209,0.8600995540618896,0.7545391321182251,0.8836166262626648,0.9201016426086426,0.8604051470756531,0.9263716340065002,0.8628420233726501,0.9575451016426086,0.9122439622879028,0.9762982726097107
75,1.011758933194624,0.8913798332214355,0.8040443658828735,0.9285295605659485,0.9462990760803223,0.9205499291419983,1.083610041557407,0.8605511784553528,0.7552345991134644,0.8840006589889526,0.9205191731452942,0.8607678413391113,0.9263716340065002,0.8628420233726501,0.9575451016426086,0.9122439622879028,0.9762982726097107
76,1.0117813152074633,0.8920748233795166,0.8051760792732239,0.9290118217468262,0.946703314781189,0.9210673570632935,1.073813533409794,0.860883891582489,0.7557473182678223,0.8843150734901428,0.9205762147903442,0.8612459301948547,0.9263716340065002,0.8628420233726501,0.9575451016426086,0.9122439622879028,0.9762982726097107
77,1.0131265398857605,0.8927843570709229,0.8063328862190247,0.929503321647644,0.9471232891082764,0.9215908646583557,1.1222917980045675,0.8612745404243469,0.7563495635986328,0.8846656084060669,0.9207881093025208,0.8616847395896912,0.9263716340065002,0.8628420233726501,0.9575451016426086,0.9122439622879028,0.9762982726097107
78,1.0140965278708556,0.8933690786361694,0.8072872757911682,0.9299006462097168,0.9475694894790649,0.9219662547111511,1.0966026154888397,0.8616262078285217,0.756892204284668,0.8849725127220154,0.9210480451583862,0.8620215654373169,0.9263716340065002,0.8628420233726501,0.9575451016426086,0.9122439622879028,0.9762982726097107
79,1.0051869220807972,0.8939096331596375,0.80817049741745,0.9302680492401123,0.9479791522026062,0.9223147034645081,0.925603053309301,0.8620668649673462,0.7575724720954895,0.8854260444641113,0.9208182692527771,0.8629096746444702,0.9263716340065002,0.8628420233726501,0.9575451016426086,0.9122439622879028,0.9762982726097107
80,1.005318976589395,0.8944008350372314,0.808974027633667,0.9305994510650635,0.9483848214149475,0.9226126670837402,0.9107330347864229,0.8624463081359863,0.7581587433815002,0.885805606842041,0.9207038879394531,0.8636035323143005,0.9263716340065002,0.8628420233726501,0.9575451016426086,0.9122439622879028,0.9762982726097107
81,1.008168050461942,0.8949840068817139,0.8099286556243896,0.93100905418396,0.948640763759613,0.9230913519859314,0.9527861030500892,0.8625890612602234,0.7583793997764587,0.8858880996704102,0.9211476445198059,0.8634561896324158,0.9263716340065002,0.8628420233726501,0.9575451016426086,0.9122439622879028,0.9762982726097107
82,1.0063200060800734,0.8955990672111511,0.8109365701675415,0.931431770324707,0.9490336775779724,0.9235273599624634,1.0129812440814612,0.8628512620925903,0.758784830570221,0.8861074447631836,0.9214143753051758,0.8636454343795776,0.9263716340065002,0.8628420233726501,0.9575451016426086,0.9122439622879028,0.9762982726097107
83,1.0035905346039622,0.8961886763572693,0.8119038343429565,0.9318327307701111,0.9494679570198059,0.9239134192466736,0.9862586908909525,0.8632835149765015,0.759453535079956,0.8865140676498413,0.9214884042739868,0.8642635941505432,0.9263716340065002,0.8628420233726501,0.9575451016426086,0.9122439622879028,0.9762982726097107
84,1.00044401415207,0.8968286514282227,0.8129549026489258,0.9322734475135803,0.9498579502105713,0.924376904964447,0.9565750146084107,0.8636629581451416,0.7600412964820862,0.8868581056594849,0.9216572642326355,0.8647192716598511,0.9263716340065002,0.8628420233726501,0.9575451016426086,0.9122439622879028,0.9762982726097107
85,1.0030404971950777,0.8974437713623047,0.8139664530754089,0.9326943755149841,0.9502677321434021,0.9248028993606567,1.005434084903921,0.8639706373214722,0.760517954826355,0.8871378302574158,0.921786367893219,0.8650947213172913,0.9263716340065002,0.8628420233726501,0.9575451016426086,0.9122439622879028,0.9762982726097107
86,0.9919007657483923,0.8980856537818909,0.8150231838226318,0.9331350922584534,0.9506710767745972,0.9252604246139526,0.8525891905533929,0.864365816116333,0.7611303925514221,0.887507438659668,0.9218652844429016,0.8656492233276367,0.9263716340065002,0.8628420233726501,0.9575451016426086,0.9122439622879028,0.9762982726097107
87,0.9985462233885374,0.8987196087837219,0.8160678744316101,0.933570921421051,0.9510573744773865,0.925718367099762,0.959270890945148,0.8646361231803894,0.7615498304367065,0.8877202272415161,0.9222478270530701,0.8657539486885071,0.9263716340065002,0.8628420233726501,0.9575451016426086,0.9122439622879028,0.9762982726097107
88,0.9999422492689449,0.8993067145347595,0.8170366287231445,0.9339738488197327,0.9514209032058716,0.9261390566825867,0.9551250871548582,0.8649396300315857,0.7620207667350769,0.8880012631416321,0.9223301410675049,0.8661614656448364,0.9263716340065002,0.8628420233726501,0.9575451016426086,0.9122439622879028,0.9762982726097107
89,1.0138274710034296,0.8998887538909912,0.817997932434082,0.9343702793121338,0.9518229961395264,0.9265328645706177,1.2046353632258897,0.8653320074081421,0.7626301646232605,0.8883707523345947,0.9223847389221191,0.8667312264442444,0.9263716340065002,0.8628420233726501,0.9575451016426086,0.9122439622879028,0.9762982726097107
90,0.9985168492541487,0.9004629850387573,0.8189473748207092,0.9347639083862305,0.9521788358688354,0.9269436001777649,0.9449025094386471,0.865726888179779,0.7632439136505127,0.8887318968772888,0.9225255250930786,0.8672325611114502,0.9263716340065002,0.8628420233726501,0.9575451016426086,0.9122439622879028,0.9762982726097107
91,1.0032483126738385,0.9010137319564819,0.8198588490486145,0.9351385831832886,0.9525607824325562,0.927314817905426,1.0300310943468363,0.8660736083984375,0.7637829184532166,0.8890601396560669,0.9225542545318604,0.86775141954422,0.9263716340065002,0.8628420233726501,0.9575451016426086,0.9122439622879028,0.9762982726097107
92,1.0004144140662627,0.9015694856643677,0.8207797408103943,0.9355170130729675,0.9529368281364441,0.9276944994926453,0.9959801947949618,0.8664155006408691,0.7643147706985474,0.8893835544586182,0.9225821495056152,0.8682629466056824,0.9263716340065002,0.8628420233726501,0.9575451016426086,0.9122439622879028,0.9762982726097107
93,0.9973100670064132,0.9021340012550354,0.8217160105705261,0.9359028935432434,0.9532961249351501,0.9280921220779419,0.9546810978518664,0.8667241334915161,0.7647954225540161,0.8896833062171936,0.922542154788971,0.8687787652015686,0.9263716340065002,0.8628420233726501,0.9575451016426086,0.9122439622879028,0.9762982726097107
94,1.0061728821745035,0.9026919007301331,0.8226420879364014,0.9362851977348328,0.9536303281784058,0.9284961819648743,1.0904951927316184,0.8670545220375061,0.7653099894523621,0.8899657130241394,0.9228189587593079,0.8690646290779114,0.9263716340065002,0.8628420233726501,0.9575451016426086,0.9122439622879028,0.9762982726097107
95,0.9993634317971546,0.903232753276825,0.8235408663749695,0.9366568922996521,0.9539379477500916,0.9288966059684753,0.9671201078171184,0.8672212362289429,0.765569806098938,0.8901037573814392,0.9229954481124878,0.869178295135498,0.9263716340065002,0.8628420233726501,0.9575451016426086,0.9122439622879028,0.9762982726097107
96,0.9988445329332928,0.9037286639213562,0.8243658542633057,0.9369931817054749,0.9542851448059082,0.9292280077934265,0.9619071473471668,0.8675766587257385,0.7661239504814148,0.890451967716217,0.9229186177253723,0.8697969317436218,0.9263716340065002,0.8628420233726501,0.9575451016426086,0.9122439622879028,0.9762982726097107
97,0.9978857816974094,0.904233455657959,0.8252062797546387,0.9373369216918945,0.9546152353286743,0.9295778274536133,0.9531716581970061,0.8679483532905579,0.7667038440704346,0.8907936811447144,0.9230251312255859,0.8702881932258606,0.9263716340065002,0.8628420233726501,0.9575451016426086,0.9122439622879028,0.9762982726097107
98,1.0032591240498967,0.9047660231590271,0.8260937333106995,0.937701404094696,0.9549314975738525,0.9299639463424683,1.0597847284564499,0.8682488799095154,0.7671730518341064,0.8910669088363647,0.9231356978416443,0.8706648349761963,0.9263716340065002,0.8628420233726501,0.9575451016426086,0.9122439622879028,0.9762982726097107
99,0.9927475102790169,0.9053016304969788,0.8269872665405273,0.9380674362182617,0.9552547931671143,0.9303492903709412,0.9086815478136753,0.868540346622467,0.7676283121109009,0.8913406729698181,0.9231671094894409,0.8710928559303284,0.9263716340065002,0.8628420233726501,0.9575451016426086,0.9122439622879028,0.9762982726097107
100,0.9961989811131222,0.9058374166488647,0.827881932258606,0.9384339451789856,0.9555709362030029,0.9307383298873901,0.9699306346794949,0.8688786625862122,0.7681570053100586,0.8916664719581604,0.923133373260498,0.8716474771499634,0.9263716340065002,0.8628420233726501,0.9575451016426086,0.9122439622879028,0.9762982726097107
101,0.9976480012503439,0.9063635468482971,0.8287612199783325,0.938791811466217,0.9559089541435242,0.9311050772666931,1.0086814474903476,0.869126558303833,0.7685444951057434,0.8918939232826233,0.9232026934623718,0.8719755411148071,0.9263716340065002,0.8628420233726501,0.9575451016426086,0.9122439622879028,0.9762982726097107
102,0.9903017700866814,0.9068788290023804,0.8296234011650085,0.939143180847168,0.9562249779701233,0.9314723610877991,0.8823041328023771,0.8694342374801636,0.7690258622169495,0.8921886086463928,0.9231829643249512,0.8724702596664429,0.9263716340065002,0.8628420233726501,0.9575451016426086,0.9122439622879028,0.9762982726097107
103,0.9933340467302427,0.9073963165283203,0.8304898142814636,0.939496636390686,0.95652836561203,0.9318482279777527,0.9355114552952766,0.8696786165237427,0.7694082856178284,0.8924043774604797,0.9233225584030151,0.8727344274520874,0.9263716340065002,0.8628420233726501,0.9575451016426086,0.9122439622879028,0.9762982726097107
104,0.9869174541727432,0.9079074263572693,0.8313465118408203,0.9398452043533325,0.9568333029747009,0.9322165250778198,0.8390676535005882,0.8699542284011841,0.7698397636413574,0.8926630020141602,0.9233476519584656,0.8731415867805481,0.9263716340065002,0.8628420233726501,0.9575451016426086,0.9122439622879028,0.9762982726097107
105,0.9877343658239106,0.9084280729293823,0.8322198987007141,0.9402003884315491,0.9571412801742554,0.9325928092002869,0.8710752010095318,0.8702263236045837,0.770266056060791,0.892927885055542,0.9232888221740723,0.8736124634742737,0.9263716340065002,0.8628420233726501,0.9575451016426086,0.9122439622879028,0.9762982726097107
106,0.9981934573702984,0.9089338183403015,0.833069384098053,0.9405454397201538,0.9574369192123413,0.932960033416748,1.030919358672159,0.8704751133918762,0.7706559300422668,0.8931572437286377,0.9233447313308716,0.8739520907402039,0.9263716340065002,0.8628420233726501,0.9575451016426086,0.9122439622879028,0.9762982726097107
107,0.9991501951733945,0.909424901008606,0.8338947892189026,0.9408800601959229,0.9577266573905945,0.933314859867096,1.0418435558542534,0.8707475066184998,0.7710830569267273,0.893403947353363,0.923442542552948,0.8742936253547668,0.9263716340065002,0.8628420233726501,0.9575451016426086,0.9122439622879028,0.9762982726097107
108,0.9981380672621188,0.9098654389381409,0.8346359133720398,0.9411787390708923,0.9580091238021851,0.933620810508728,0.9943540546879941,0.8710014820098877,0.7714815735816956,0.8936445713043213,0.9234418869018555,0.8746877312660217,0.9263716340065002,0.8628420233726501,0.9575451016426086,0.9122439622879028,0.9762982726097107
109,0.9938288560037862,0.9103395938873291,0.8354341387748718,0.9415015578269958,0.9582897424697876,0.9339625835418701,0.9573869622906297,0.8711744546890259,0.7717529535293579,0.8937838673591614,0.923653781414032,0.8747807741165161,0.9263716340065002,0.8628420233726501,0.9575451016426086,0.9122439622879028,0.9762982726097107
110,0.9951764915095939,0.9107890725135803,0.8361915349960327,0.9418064951896667,0.9585704803466797,0.9342783093452454,0.9705949391844102,0.8713216185569763,0.7719840407371521,0.8939256072044373,0.923632025718689,0.8750266432762146,0.9263716340065002,0.8628420233726501,0.9575451016426086,0.9122439622879028,0.9762982726097107
111,0.9881550543532797,0.9112483263015747,0.8369662165641785,0.9421198964118958,0.9588245153427124,0.9346185326576233,0.8577776177332022,0.8715419173240662,0.7723299264907837,0.8941084742546082,0.9238545894622803,0.8751842379570007,0.9263716340065002,0.8628420233726501,0.9575451016426086,0.9122439622879028,0.9762982726097107
112,0.9936173347439707,0.911674976348877,0.8376863598823547,0.9424088001251221,0.9590961337089539,0.9349150657653809,0.9399460616934452,0.8717780709266663,0.7727009654045105,0.89433354139328,0.9238391518592834,0.8755623698234558,0.9263716340065002,0.8628420233726501,0.9575451016426086,0.9122439622879028,0.9762982726097107
113,0.9916638636658998,0.9121214747428894,0.8384405374526978,0.9427114129066467,0.9593735933303833,0.9352290034294128,0.9361521306943111,0.8720270395278931,0.7730920910835266,0.894573450088501,0.9237985610961914,0.8759806156158447,0.9263716340065002,0.8628420233726501,0.9575451016426086,0.9122439622879028,0.9762982726097107
114,0.9984010517229399,0.9125552177429199,0.8391737937927246,0.943004846572876,0.9596496820449829,0.9355302453041077,1.042092515729112,0.87229984998703,0.7735210657119751,0.8948469161987305,0.9236595034599304,0.876516580581665,0.9263716340065002,0.8628420233726501,0.9575451016426086,0.9122439622879028,0.9762982726097107
115,0.9970467252506074,0.9129921793937683,0.8399131894111633,0.9433015584945679,0.9599080085754395,0.9358441829681396,1.0206050426459963,0.8725402355194092,0.7738991379737854,0.8950935006141663,0.9234858155250549,0.8770304322242737,0.9263716340065002,0.8628420233726501,0.9575451016426086,0.9122439622879028,0.9762982726097107
116,0.9916162104062383,0.9134221076965332,0.8406411409378052,0.9435933828353882,0.9601613283157349,0.9361533522605896,0.9335180695817886,0.8727909326553345,0.7742937803268433,0.8953425288200378,0.9233741760253906,0.8775091171264648,0.9263716340065002,0.8628420233726501,0.9575451016426086,0.9122439622879028,0.9762982726097107
117,0.9886651970624478,0.9138704538345337,0.8414009213447571,0.9438978433609009,0.9604203701019287,0.9364782571792603,0.9119675458302948,0.8730303049087524,0.7746705412864685,0.89556884765625,0.9233678579330444,0.87788325548172,0.9263716340065002,0.8628420233726501,0.9575451016426086,0.9122439622879028,0.9762982726097107
118,0.9938131433234395,0.9143096208572388,0.8421458601951599,0.9441958069801331,0.9606773257255554,0.9367945194244385,0.9950713949120926,0.8732371926307678,0.7749965190887451,0.8957751393318176,0.9232669472694397,0.8782851099967957,0.9263716340065002,0.8628420233726501,0.9575451016426086,0.9122439622879028,0.9762982726097107
119,0.9929950645592921,0.9147470593452454,0.842888355255127,0.944492518901825,0.9609322547912598,0.9371100664138794,0.9873597664036229,0.8734679222106934,0.7753599882125854,0.8959927558898926,0.9232634902000427,0.8786431550979614,0.9263716340065002,0.8628420233726501,0.9575451016426086,0.9122439622879028,0.9762982726097107
120,1.005085781146106,0.9151778817176819,0.8436203598976135,0.9447845220565796,0.9611855149269104,0.9374194145202637,1.1820416240189506,0.8736914396286011,0.7757123112678528,0.8962061405181885,0.9232354164123535,0.8790103197097778,0.9263716340065002,0.8628420233726501,0.9575451016426086,0.9122439622879028,0.9762982726097107
121,0.9956319219724585,0.9155907034873962,0.8443220853805542,0.9450635313987732,0.9614380598068237,0.9377104043960571,1.0254306641956448,0.8739224672317505,0.7760766744613647,0.8964316248893738,0.9231615662574768,0.8794263005256653,0.9263716340065002,0.8628420233726501,0.9575451016426086,0.9122439622879028,0.9762982726097107
122,1.0001431208372065,0.9159997701644897,0.8450180292129517,0.9453399777412415,0.9616888165473938,0.9379982352256775,1.1011244810298488,0.8741562366485596,0.7764453887939453,0.8966489434242249,0.9231830835342407,0.8797680139541626,0.9263716340065002,0.8628420233726501,0.9575451016426086,0.9122439622879028,0.9762982726097107
123,0.9894616138894909,0.9164000153541565,0.8456995487213135,0.9456105828285217,0.9619289040565491,0.9382825493812561,0.9237660264702731,0.8743889927864075,0.776812732219696,0.896874189376831,0.9231230616569519,0.880174994468689,0.9263716340065002,0.8628420233726501,0.9575451016426086,0.9122439622879028,0.9762982726097107
124,0.9929788280139557,0.916809618473053,0.8463976383209229,0.9458876252174377,0.9621721506118774,0.9385747909545898,0.9976758427575503,0.8745843768119812,0.7771211862564087,0.8970610499382019,0.9230924248695374,0.8805001378059387,0.9263716340065002,0.8628420233726501,0.9575451016426086,0.9122439622879028,0.9762982726097107
125,0.987513781166009,0.9172285199165344,0.8471117615699768,0.9461713433265686,0.9624104499816895,0.9388788342475891,0.9221002520954011,0.8747986555099487,0.7774595618247986,0.8972665667533875,0.9230523705482483,0.8808618783950806,0.9263716340065002,0.8628420233726501,0.9575451016426086,0.9122439622879028,0.9762982726097107
126,0.9941418485865863,0.9176343679428101,0.8478044271469116,0.9464455842971802,0.9626501202583313,0.9391688704490662,1.0265197943486055,0.8750163912773132,0.7778036594390869,0.897483229637146,0.9229400157928467,0.8812878131866455,0.9263716340065002,0.8628420233726501,0.9575451016426086,0.9122439622879028,0.9762982726097107
127,0.989723041199301,0.9180388450622559,0.8484951853752136,0.9467197060585022,0.9628738164901733,0.9394654631614685,0.951160767431816,0.8752077221870422,0.778106153011322,0.8976637125015259,0.9229304790496826,0.8815890550613403,0.9263716340065002,0.8628420233726501,0.9575451016426086,0.9122439622879028,0.9762982726097107
128,0.9951637532255295,0.9184367060661316,0.849175214767456,0.9469884037971497,0.9631078243255615,0.9397497177124023,1.0479787809327856,0.8754228949546814,0.7784463763237,0.8978703022003174,0.9228852391242981,0.8819558620452881,0.9263716340065002,0.8628420233726501,0.9575451016426086,0.9122439622879028,0.9762982726097107
129,0.986317881692566,0.9188405871391296,0.8498658537864685,0.947261393070221,0.9633390307426453,0.9400415420532227,0.9169380454831618,0.8756304979324341,0.7787747383117676,0.8980705142021179,0.9228314757347107,0.8823177218437195,0.9263716340065002,0.8628420233726501,0.9575451016426086,0.9122439622879028,0.9762982726097107
130,0.9823746684361566,0.9192457795143127,0.8505595326423645,0.9475355744361877,0.963565468788147,0.9403371214866638,0.8587740156190398,0.8758202195167542,0.7790748476982117,0.8982533812522888,0.9227831363677979,0.8826477527618408,0.9263716340065002,0.8628420233726501,0.9575451016426086,0.9122439622879028,0.9762982726097107
131,0.9907379131262247,0.9196297526359558,0.8512173295021057,0.9477945566177368,0.9637923240661621,0.9406105875968933,0.9825524583677911,0.8760108947753906,0.7793765664100647,0.8984324336051941,0.9227762222290039,0.8829450607299805,0.9263716340065002,0.8628420233726501,0.9575451016426086,0.9122439622879028,0.9762982726097107
132,0.9903161514143789,0.9200093746185303,0.8518677949905396,0.9480506777763367,0.9640123248100281,0.9408828020095825,0.974330044325475,0.8762138485908508,0.7796980738639832,0.8986384868621826,0.9226281046867371,0.8833764791488647,0.9263716340065002,0.8628420233726501,0.9575451016426086,0.9122439622879028,0.9762982726097107
133,0.99140261777756,0.9203770756721497,0.8524985909461975,0.9482988119125366,0.9642238020896912,0.9411474466323853,0.9820329101970756,0.8764074444770813,0.7800046801567078,0.8988282084465027,0.9225472211837769,0.8837383985519409,0.9263716340065002,0.8628420233726501,0.9575451016426086,0.9122439622879028,0.9762982726097107
134,0.9843714199429014,0.9207398295402527,0.8531213402748108,0.9485436081886292,0.9644309282302856,0.9414091110229492,0.8694962959638319,0.8765969276428223,0.7803049087524414,0.8990111351013184,0.9224929809570312,0.8840721249580383,0.9263716340065002,0.8628420233726501,0.9575451016426086,0.9122439622879028,0.9762982726097107
135,0.9872916490607042,0.9210926294326782,0.8537271618843079,0.9487813711166382,0.9646353721618652,0.9416619539260864,0.9127546826736239,0.8767907619476318,0.7806121706962585,0.89919513463974,0.9224647879600525,0.8843910694122314,0.9263716340065002,0.8628420233726501,0.9575451016426086,0.9122439622879028,0.9762982726097107
136,0.985066779660122,0.9214532971382141,0.8543470501899719,0.9490244388580322,0.9648433923721313,0.9419207572937012,0.8935022452348458,0.8769782185554504,0.7809092998504639,0.8993762135505676,0.9224076271057129,0.8847237825393677,0.9263716340065002,0.8628420233726501,0.9575451016426086,0.9122439622879028,0.9762982726097107
137,0.9880348526954456,0.9218167662620544,0.8549723625183105,0.9492698907852173,0.9650428891181946,0.9421867728233337,0.9434089676383502,0.8771342635154724,0.7811567783355713,0.8995141983032227,0.9224768877029419,0.8849055171012878,0.9263716340065002,0.8628420233726501,0.9575451016426086,0.9122439622879028,0.9762982726097107
138,0.9863836154617353,0.9221712350845337,0.8555823564529419,0.9495086073875427,0.9652470350265503,0.9424410462379456,0.9194908547532836,0.8773159980773926,0.7814451456069946,0.8996862173080444,0.9224534630775452,0.8852017521858215,0.9263716340065002,0.8628420233726501,0.9575451016426086,0.9122439622879028,0.9762982726097107
139,0.9931184427867068,0.9225220084190369,0.8561863899230957,0.9497446417808533,0.9654513001441956,0.9426913261413574,1.0304915432929846,0.8774778246879578,0.7817019820213318,0.8998441100120544,0.9223875999450684,0.8855020403862,0.9263716340065002,0.8628420233726501,0.9575451016426086,0.9122439622879028,0.9762982726097107
140,0.9929391992466696,0.9228774905204773,0.8567990660667419,0.9499842524528503,0.9656494855880737,0.9429495334625244,1.0335972196861811,0.8776503801345825,0.7819759845733643,0.9000120162963867,0.9223218560218811,0.885818600654602,0.9263716340065002,0.8628420233726501,0.9575451016426086,0.9122439622879028,0.9762982726097107
141,0.9923218969137895,0.9232323169708252,0.8574108481407166,0.9502235054969788,0.9658426642417908,0.9432095885276794,1.0261643873753892,0.8778282999992371,0.7822585701942444,0.9001795053482056,0.9223054051399231,0.8861030340194702,0.9263716340065002,0.8628420233726501,0.9575451016426086,0.9122439622879028,0.9762982726097107
142,0.9848320969618298,0.9235794544219971,0.8580099940299988,0.9504572749137878,0.9660372734069824,0.9434608817100525,0.9069731897768434,0.8779682517051697,0.7824807167053223,0.900306224822998,0.922336995601654,0.8862903714179993,0.9263716340065002,0.8628420233726501,0.9575451016426086,0.9122439622879028,0.9762982726097107
143,0.9857315678779934,0.9239081144332886,0.8585773706436157,0.950678288936615,0.9662256836891174,0.9436964392662048,0.9058464615775754,0.8781226277351379,0.7827260494232178,0.9004591107368469,0.9222509264945984,0.8865953087806702,0.9263716340065002,0.8628420233726501,0.9575451016426086,0.9122439622879028,0.9762982726097107
144,0.9904667938023076,0.9242234826087952,0.8591222763061523,0.9508903622627258,0.9664052724838257,0.9439231157302856,0.968417564035936,0.8782820105552673,0.7829793691635132,0.9005994200706482,0.922324538230896,0.886777937412262,0.9263716340065002,0.8628420233726501,0.9575451016426086,0.9122439622879028,0.9762982726097107
145,0.9856585972977169,0.9245401620864868,0.8596695065498352,0.9511029720306396,0.9665881991386414,0.9441491365432739,0.9014911736826583,0.8784366846084595,0.7832252979278564,0.9007468223571777,0.9222919940948486,0.887039840221405,0.9263716340065002,0.8628420233726501,0.9575451016426086,0.9122439622879028,0.9762982726097107
146,0.9955474785866354,0.9248650670051575,0.8602315187454224,0.9513214826583862,0.9667696356773376,0.9443843364715576,1.0721487564652246,0.8785949349403381,0.7834770083427429,0.9008924961090088,0.9223045706748962,0.8872702717781067,0.9263716340065002,0.8628420233726501,0.9575451016426086,0.9122439622879028,0.9762982726097107
147,0.984806342069955,0.9251823425292969,0.8607807159423828,0.9515344500541687,0.9669532179832458,0.9446104764938354,0.9011577581845801,0.8787650465965271,0.7837473750114441,0.9010512232780457,0.922297477722168,0.8875343799591064,0.9263716340065002,0.8628420233726501,0.9575451016426086,0.9122439622879028,0.9762982726097107
148,0.9835194921026361,0.9254990816116333,0.861329197883606,0.9517471194267273,0.9671351313591003,0.9448369145393372,0.8843695569758472,0.8789124488830566,0.7839820384979248,0.9011991620063782,0.922194242477417,0.8878422379493713,0.9263716340065002,0.8628420233726501,0.9575451016426086,0.9122439622879028,0.9762982726097107
149,0.993815695400021,0.9258217215538025,0.8618882894515991,0.9519643187522888,0.9673062562942505,0.9450747966766357,1.052074032141624,0.879065215587616,0.7842249274253845,0.9013475179672241,0.9221320748329163,0.8881245851516724,0.9263716340065002,0.8628420233726501,0.9575451016426086,0.9122439622879028,0.9762982726097107
150,0.9873601171254203,0.9261362552642822,0.8624337315559387,0.9521753787994385,0.9674862027168274,0.9452998638153076,0.9540004390720334,0.8792187571525574,0.7844696044921875,0.9014958739280701,0.9220781922340393,0.8884015083312988,0.9263716340065002,0.8628420233726501,0.9575451016426086,0.9122439622879028,0.9762982726097107
151,0.9968679709515509,0.9264575839042664,0.8629911541938782,0.9523912668228149,0.9676616787910461,0.9455339908599854,1.1150725030930817,0.8793621063232422,0.784697949886322,0.9016355276107788,0.922015905380249,0.8886695504188538,0.9263716340065002,0.8628420233726501,0.9575451016426086,0.9122439622879028,0.9762982726097107
152,0.9930591541906918,0.9267758131027222,0.8635435700416565,0.952605128288269,0.9678356647491455,0.9457655549049377,1.055589798402809,0.8795146346092224,0.7849406599998474,0.9017812013626099,0.9219740629196167,0.8889347314834595,0.9263716340065002,0.8628420233726501,0.9575451016426086,0.9122439622879028,0.9762982726097107
153,0.9855530933209351,0.9270767569541931,0.8640661835670471,0.9528074860572815,0.9679937958717346,0.94598788022995,0.910936287373399,0.8796521425247192,0.785159707069397,0.901908278465271,0.921977162361145,0.8891406059265137,0.9263716340065002,0.8628420233726501,0.9575451016426086,0.9122439622879028,0.9762982726097107
154,0.982935545516082,0.9273558855056763,0.8645514249801636,0.9529942870140076,0.9681599736213684,0.9461838603019714,0.8603916363032922,0.8797670602798462,0.7853429913520813,0.9020143747329712,0.9219814538955688,0.8893114924430847,0.9263716340065002,0.8628420233726501,0.9575451016426086,0.9122439622879028,0.9762982726097107
155,0.9940825363852545,0.9276102781295776,0.864993691444397,0.9531643390655518,0.9683115482330322,0.9463621973991394,1.0066588737375695,0.8799008727073669,0.7855562567710876,0.9021399617195129,0.9219656586647034,0.8895269632339478,0.9263716340065002,0.8628420233726501,0.9575451016426086,0.9122439622879028,0.9762982726097107
156,0.9990457517545648,0.927872896194458,0.865450382232666,0.9533407092094421,0.9684496521949768,0.9465559124946594,1.0873676106556052,0.8800299763679504,0.7857621312141418,0.9022628664970398,0.9219346046447754,0.8897477984428406,0.9263716340065002,0.8628420233726501,0.9575451016426086,0.9122439622879028,0.9762982726097107
157,0.9940537752565948,0.928132951259613,0.8659030199050903,0.953514814376831,0.9686013460159302,0.9467399716377258,1.0214571201903482,0.8801512122154236,0.7859552502632141,0.9023727774620056,0.9219546914100647,0.8899149894714355,0.9263716340065002,0.8628420233726501,0.9575451016426086,0.9122439622879028,0.9762982726097107
158,1.0007976328520978,0.9283974766731262,0.8663636445999146,0.9536917805671692,0.9687532782554626,0.9469282031059265,1.1394001569499932,0.8802903294563293,0.7861772775650024,0.9025031924247742,0.9219396710395813,0.8901378512382507,0.9263716340065002,0.8628420233726501,0.9575451016426086,0.9122439622879028,0.9762982726097107
159,0.9886248772081976,0.9286745190620422,0.8668462634086609,0.9538773894309998,0.9689081311225891,0.9471275210380554,0.9648328579578779,0.8804278373718262,0.7863965630531311,0.9026333689689636,0.9219117164611816,0.8903685808181763,0.9263716340065002,0.8628420233726501,0.9575451016426086,0.9122439622879028,0.9762982726097107
160,0.9880645340001886,0.9289551377296448,0.8673354387283325,0.9540651440620422,0.9690659642219543,0.9473288655281067,0.967217780407552,0.8805537223815918,0.7865975499153137,0.9027656316757202,0.9217612147331238,0.8906807899475098,0.9263716340065002,0.8628420233726501,0.9575451016426086,0.9122439622879028,0.9762982726097107
161,0.9898224463699744,0.9292330145835876,0.8678200244903564,0.9542515873908997,0.9692151546478271,0.9475319385528564,0.9899413094402787,0.8806779384613037,0.7867958545684814,0.9028839468955994,0.9217288494110107,0.890894889831543,0.9263716340065002,0.8628420233726501,0.9575451016426086,0.9122439622879028,0.9762982726097107
162,0.9937152054785335,0.9295105934143066,0.8683043718338013,0.9544373750686646,0.9693694710731506,0.9477318525314331,1.0616863066640219,0.8808037042617798,0.7869967222213745,0.9030026793479919,0.9217047095298767,0.891104519367218,0.9263716340065002,0.8628420233726501,0.9575451016426086,0.9122439622879028,0.9762982726097107
163,0.9843783695014228,0.9297850131988525,0.8687834143638611,0.9546210765838623,0.969519317150116,0.9479308724403381,0.9104301357115129,0.8809400796890259,0.787214457988739,0.9031335711479187,0.9216579794883728,0.8913484215736389,0.9263716340065002,0.8628420233726501,0.9575451016426086,0.9122439622879028,0.9762982726097107
164,0.9916254182007891,0.9300624132156372,0.8692678809165955,0.9548068642616272,0.96966952085495,0.9481325149536133,1.0346497395203467,0.8810522556304932,0.7873935103416443,0.9032408595085144,0.9216216206550598,0.8915472030639648,0.9263716340065002,0.8628420233726501,0.9575451016426086,0.9122439622879028,0.9762982726097107
165,0.9832620526326225,0.9303378462791443,0.869749128818512,0.9549911618232727,0.9698200225830078,0.9483319520950317,0.9040984885670564,0.8811870813369751,0.7876089215278625,0.9033665060997009,0.921610951423645,0.89175945520401,0.9263716340065002,0.8628420233726501,0.9575451016426086,0.9122439622879028,0.9762982726097107
166,0.987915840500208,0.930605411529541,0.8702170848846436,0.9551701545715332,0.9699671268463135,0.9485253691673279,0.9723479291842723,0.8813208341598511,0.7878227829933167,0.9035046696662903,0.921471357345581,0.8920742869377136,0.9263716340065002,0.8628420233726501,0.9575451016426086,0.9122439622879028,0.9762982726097107
167,0.9897017855726078,0.9308732151985168,0.8706855177879333,0.9553495049476624,0.9701083898544312,0.9487218260765076,1.00031965442472,0.881440281867981,0.7880135774612427,0.9036195278167725,0.9214257597923279,0.8922913074493408,0.9263716340065002,0.8628420233726501,0.9575451016426086,0.9122439622879028,0.9762982726097107
168,0.986254134877847,0.9311423897743225,0.871156632900238,0.9555296301841736,0.9702520370483398,0.9489184021949768,0.9544242284762519,0.8815521001815796,0.7881923913955688,0.903728723526001,0.9213679432868958,0.8925067782402039,0.9263716340065002,0.8628420233726501,0.9575451016426086,0.9122439622879028,0.9762982726097107
169,0.9866689434759012,0.9314121007919312,0.8716289401054382,0.9557099938392639,0.9703969955444336,0.9491146206855774,0.9674617134530292,0.8816760182380676,0.7883904576301575,0.9038473963737488,0.9213253855705261,0.8927279710769653,0.9263716340065002,0.8628420233726501,0.9575451016426086,0.9122439622879028,0.9762982726097107
170,0.9878346681380902,0.9316810369491577,0.8721000552177429,0.9558898210525513,0.9705419540405273,0.9493100643157959,0.9903402396385498,0.8817868828773499,0.7885677814483643,0.9039614200592041,0.9212110042572021,0.8929873704910278,0.9263716340065002,0.8628420233726501,0.9575451016426086,0.9122439622879028,0.9762982726097107
171,0.9903626089172882,0.9319474697113037,0.8725670576095581,0.9560680389404297,0.9706827402114868,0.949505090713501,1.0291184388340777,0.8819109201431274,0.7887662649154663,0.9040824174880981,0.9211469888687134,0.8932260274887085,0.9263716340065002,0.8628420233726501,0.9575451016426086,0.9122439622879028,0.9762982726097107
172,0.9959022955357791,0.9322011470794678,0.8730118274688721,0.9562374949455261,0.9708195328712463,0.9496892094612122,1.1046535060862255,0.8820223808288574,0.7889446020126343,0.9041929244995117,0.92107093334198,0.8934552073478699,0.9263716340065002,0.8628420233726501,0.9575451016426086,0.9122439622879028,0.9762982726097107
173,0.9844518903047079,0.9324442148208618,0.8734384775161743,0.9563999176025391,0.9709513783454895,0.949865460395813,0.9101558219369958,0.8821473121643066,0.7891445755958557,0.9043218493461609,0.920937180519104,0.8937512636184692,0.9263716340065002,0.8628420233726501,0.9575451016426086,0.9122439622879028,0.9762982726097107
174,0.993227278934393,0.9326793551445007,0.8738511204719543,0.9565572142601013,0.9710726141929626,0.9500388503074646,1.0352719422090573,0.8822534680366516,0.7893144488334656,0.9044215679168701,0.9209170341491699,0.8939272165298462,0.9263716340065002,0.8628420233726501,0.9575451016426086,0.9122439622879028,0.9762982726097107
175,0.9914817516204844,0.9329202175140381,0.8742741346359253,0.956717848777771,0.9712057113647461,0.9502118825912476,1.0300136229448333,0.882371723651886,0.789503812789917,0.9045311808586121,0.9209099411964417,0.8941110968589783,0.9263716340065002,0.8628420233726501,0.9575451016426086,0.9122439622879028,0.9762982726097107
176,0.9879587535933768,0.93316650390625,0.8747066259384155,0.9568824768066406,0.9713335037231445,0.9503929615020752,0.9784876104767377,0.8824816942214966,0.7896798849105835,0.9046372771263123,0.9208613634109497,0.8943157196044922,0.9263716340065002,0.8628420233726501,0.9575451016426086,0.9122439622879028,0.9762982726097107
177,0.9837723807921734,0.933405876159668,0.8751274943351746,0.9570420384407043,0.9714667201042175,0.9505643844604492,0.9137880270497616,0.8825740814208984,0.7898279428482056,0.9047285318374634,0.9208016395568848,0.8945028781890869,0.9263716340065002,0.8628420233726501,0.9575451016426086,0.9122439622879028,0.9762982726097107
178,0.9904877931684937,0.9336495995521545,0.8755560517311096,0.9572046399116516,0.9715980291366577,0.9507411122322083,1.0287495308207864,0.882699191570282,0.7900281548500061,0.9048441052436829,0.9207949042320251,0.8946963548660278,0.9263716340065002,0.8628420233726501,0.9575451016426086,0.9122439622879028,0.9762982726097107
179,0.981824338276741,0.933893620967865,0.8759853839874268,0.9573673605918884,0.9717304110527039,0.9509174227714539,0.896228849291391,0.8828086256980896,0.7902035713195801,0.904956579208374,0.92067950963974,0.8949537873268127,0.9263716340065002,0.8628420233726501,0.9575451016426086,0.9122439622879028,0.9762982726097107
180,0.9802827207489186,0.9341398477554321,0.8764187693595886,0.9575319290161133,0.9718542695045471,0.9511002898216248,0.8698069946418805,0.8829292058944702,0.7903968691825867,0.9050674438476562,0.9206785559654236,0.8951358199119568,0.9263716340065002,0.8628420233726501,0.9575451016426086,0.9122439622879028,0.9762982726097107
181,0.9791710556118898,0.9343743920326233,0.8768317699432373,0.9576880931854248,0.9719842076301575,0.9512683153152466,0.8491880654385304,0.8830398917198181,0.7905743718147278,0.9051734209060669,0.9206370115280151,0.8953354954719543,0.9263716340065002,0.8628420233726501,0.9575451016426086,0.9122439622879028,0.9762982726097107
182,0.9880931412158316,0.9346092343330383,0.8772453665733337,0.9578448534011841,0.9721056222915649,0.9514408111572266,0.9877378519508844,0.8831425309181213,0.7907388210296631,0.9052778482437134,0.920538067817688,0.8955693244934082,0.9263716340065002,0.8628420233726501,0.9575451016426086,0.9122439622879028,0.9762982726097107
183,0.9852344119604242,0.9348426461219788,0.877656877040863,0.9580004811286926,0.9722305536270142,0.951610267162323,0.9487325757560718,0.8832570910453796,0.7909224629402161,0.9053851366043091,0.9205161929130554,0.8957589864730835,0.9263716340065002,0.8628420233726501,0.9575451016426086,0.9122439622879028,0.9762982726097107
184,0.9858096393011452,0.9350788593292236,0.8780732750892639,0.9581578969955444,0.9723548889160156,0.9517825841903687,0.9645386743520076,0.8833691477775574,0.7911022901535034,0.9054909348487854,0.9204877018928528,0.8959500789642334,0.9263716340065002,0.8628420233726501,0.9575451016426086,0.9122439622879028,0.9762982726097107
185,0.985518087709105,0.9353138208389282,0.8784878849983215,0.9583145976066589,0.9724773168563843,0.95195472240448,0.9610799567169888,0.8834737539291382,0.7912698984146118,0.9055961966514587,0.92039555311203,0.896181046962738,0.9263716340065002,0.8628420233726501,0.9575451016426086,0.9122439622879028,0.9762982726097107
186,0.9941212327680913,0.9355505108833313,0.8789053559303284,0.9584724307060242,0.9725983142852783,0.9521290063858032,1.1029059013462592,0.8835719227790833,0.791427493095398,0.9056903123855591,0.9203564524650574,0.8963598012924194,0.9263716340065002,0.8628420233726501,0.9575451016426086,0.9122439622879028,0.9762982726097107
187,0.9875288524990948,0.9357762336730957,0.879304051399231,0.9586225748062134,0.9727222919464111,0.952290952205658,0.9924287690859012,0.8836681246757507,0.791581928730011,0.9057847261428833,0.9202961921691895,0.8965525031089783,0.9263716340065002,0.8628420233726501,0.9575451016426086,0.9122439622879028,0.9762982726097107
188,0.9834774125241468,0.9360048770904541,0.8797078728675842,0.9587751030921936,0.9728376269340515,0.9524601697921753,0.9259570879564394,0.8837723135948181,0.791749119758606,0.9058870077133179,0.9202289581298828,0.8967627286911011,0.9263716340065002,0.8628420233726501,0.9575451016426086,0.9122439622879028,0.9762982726097107
189,0.9831158814316189,0.9362248778343201,0.8800966143608093,0.958921492099762,0.972955584526062,0.9526193141937256,0.9166431807622192,0.8838700652122498,0.7919061183929443,0.9059775471687317,0.9202201962471008,0.896916389465332,0.9263716340065002,0.8628420233726501,0.9575451016426086,0.9122439622879028,0.9762982726097107
190,0.9920435945827767,0.9364272952079773,0.880454421043396,0.9590558409690857,0.9730711579322815,0.9527621865272522,1.0399294309020382,0.8839776515960693,0.7920788526535034,0.9060863256454468,0.9201193451881409,0.8971586227416992,0.9263716340065002,0.8628420233726501,0.9575451016426086,0.9122439622879028,0.9762982726097107
191,0.9880792522909883,0.9366222620010376,0.8807992339134216,0.9591857194900513,0.9731718897819519,0.952904999256134,0.9555111968770551,0.8840841054916382,0.7922496795654297,0.9061954021453857,0.920004665851593,0.8974101543426514,0.9263716340065002,0.8628420233726501,0.9575451016426086,0.9122439622879028,0.9762982726097107
192,0.9855543050473298,0.9368224740028381,0.8811534643173218,0.9593191146850586,0.9732750654220581,0.9530518651008606,0.9275471548211199,0.884166955947876,0.7923827767372131,0.9062734842300415,0.9199825525283813,0.897551953792572,0.9263716340065002,0.8628420233726501,0.9575451016426086,0.9122439622879028,0.9762982726097107
193,0.9911314008181393,0.9370225071907043,0.8815074563026428,0.9594519138336182,0.973385751247406,0.9531947374343872,1.0284000559603323,0.8842710256576538,0.7925499081611633,0.9063735008239746,0.9199352264404297,0.897745668888092,0.9263716340065002,0.8628420233726501,0.9575451016426086,0.9122439622879028,0.9762982726097107
194,0.9820220269475664,0.9372236132621765,0.8818634748458862,0.9595856666564941,0.9734917879104614,0.9533408880233765,0.8824705183210589,0.8843745589256287,0.792716383934021,0.9064821600914001,0.9197986721992493,0.8980103731155396,0.9263716340065002,0.8628420233726501,0.9575451016426086,0.9122439622879028,0.9762982726097107
195,0.9858515256170738,0.9374263882637024,0.882222592830658,0.9597204327583313,0.9735994338989258,0.9534879326820374,0.9510536634325585,0.8844597339630127,0.7928532361984253,0.9065703749656677,0.9196972250938416,0.8982192277908325,0.9263716340065002,0.8628420233726501,0.9575451016426086,0.9122439622879028,0.9762982726097107
196,0.9834385743702375,0.9376335144042969,0.88258957862854,0.9598581790924072,0.9737079739570618,0.9536387324333191,0.9227431700133872,0.8845539689064026,0.7930048704147339,0.9066588878631592,0.9196744561195374,0.8983783721923828,0.9263716340065002,0.8628420233726501,0.9575451016426086,0.9122439622879028,0.9762982726097107
197,0.9845418445470776,0.9378397464752197,0.8829549551010132,0.9599952101707458,0.9738160967826843,0.9537888169288635,0.9423395999536703,0.8846434950828552,0.7931485772132874,0.9067445993423462,0.9196356534957886,0.8985432982444763,0.9263716340065002,0.8628420233726501,0.9575451016426086,0.9122439622879028,0.9762982726097107
198,0.9808460607537384,0.938049852848053,0.8833276033401489,0.9601349234580994,0.9739256501197815,0.9539419412612915,0.8938204165501684,0.8847344517707825,0.7932949066162109,0.9068342447280884,0.9195718765258789,0.8987305760383606,0.9263716340065002,0.8628420233726501,0.9575451016426086,0.9122439622879028,0.9762982726097107
199,0.9877386578851692,0.9382619857788086,0.883703887462616,0.9602760672569275,0.974032998085022,0.9540983438491821,1.007792894436729,0.8848251700401306,0.7934408187866211,0.9069263935089111,0.9194800853729248,0.8989397287368774,0.9263716340065002,0.8628420233726501,0.9575451016426086,0.9122439622879028,0.9762982726097107
