,train_loss,train_dice,train_iou,train_acc,train_sens,train_spec,val_loss,val_dice,val_iou,val_acc,val_sens,val_spec,test_dice,test_iou,test_acc,test_sens,test_spec
0,1.3383490178110595,0.5374907851219177,0.3675127625465393,0.7743985652923584,0.43016156554222107,0.9252821207046509,1.2933965842858974,0.7151998281478882,0.5566623210906982,0.7457813024520874,0.8209376931190491,0.6979673504829407,0.9261482954025269,0.8624545335769653,0.9557021856307983,0.9487348198890686,0.9585865139961243
1,1.1626921194542843,0.6453691720962524,0.47641700506210327,0.7905596494674683,0.6262363791465759,0.8624400496482849,1.0690033048279037,0.7328274846076965,0.5783170461654663,0.7712593078613281,0.8068056702613831,0.7486449480056763,0.9261482954025269,0.8624545335769653,0.9557021856307983,0.9487348198890686,0.9585865139961243
2,1.1330074098349103,0.6925591230392456,0.5297058820724487,0.8158872723579407,0.6815016865730286,0.874663770198822,1.0715495210841897,0.7373703122138977,0.5839956998825073,0.7668715119361877,0.8416911959648132,0.7192717790603638,0.9261482954025269,0.8624545335769653,0.9557021856307983,0.9487348198890686,0.9585865139961243
3,1.1078157975982394,0.715016782283783,0.5564404726028442,0.821121096611023,0.7372782230377197,0.8578053116798401,1.0467880949282558,0.743133008480072,0.5912582874298096,0.7740305662155151,0.8406660556793213,0.7316375970840454,0.9261482954025269,0.8624545335769653,0.9557021856307983,0.9487348198890686,0.9585865139961243
4,1.1035090019877727,0.7335849404335022,0.5792611241340637,0.8305436372756958,0.7666066884994507,0.8585138320922852,1.1630199131004235,0.7428178787231445,0.5908594131469727,0.7703166007995605,0.8530740141868591,0.7176669239997864,0.9261482954025269,0.8624545335769653,0.9557021856307983,0.9487348198890686,0.9585865139961243
5,1.0784293395755604,0.7476670742034912,0.597019374370575,0.8377964496612549,0.7896652221679688,0.8588504791259766,0.9374502918599762,0.7449794411659241,0.5935994386672974,0.7717489004135132,0.857427716255188,0.7172406315803528,0.9261482954025269,0.8624545335769653,0.9557021856307983,0.9487348198890686,0.9585865139961243
6,1.1054853054173432,0.7551282048225403,0.6065910458564758,0.8411487936973572,0.8048063516616821,0.8570475578308105,1.2053288554854644,0.7478201985359192,0.5972146987915039,0.7755619287490845,0.8558527231216431,0.7244814038276672,0.9261482954025269,0.8624545335769653,0.9557021856307983,0.9487348198890686,0.9585865139961243
7,1.083698603746341,0.7631716132164001,0.6170392036437988,0.8458893895149231,0.8161594271659851,0.858889639377594,1.0276556447563063,0.7489931583404541,0.5987122654914856,0.7760075330734253,0.8594909310340881,0.7228959202766418,0.9261482954025269,0.8624545335769653,0.9557021856307983,0.9487348198890686,0.9585865139961243
8,1.086059642287295,0.7703036665916443,0.6264179348945618,0.8502717614173889,0.8246107697486877,0.8615044951438904,1.0575432068830481,0.7495800852775574,0.599462628364563,0.7753400206565857,0.8647496700286865,0.7184581756591797,0.9261482954025269,0.8624545335769653,0.9557021856307983,0.9487348198890686,0.9585865139961243
9,1.0753987112084151,0.7766791582107544,0.6348940134048462,0.8540321588516235,0.8339568376541138,0.8628159165382385,1.1096337735926753,0.7524188160896301,0.6031021475791931,0.7780928015708923,0.8672194480895996,0.7213910818099976,0.9261482954025269,0.8624545335769653,0.9557021856307983,0.9487348198890686,0.9585865139961243
10,1.073180617475518,0.7832759618759155,0.6437581181526184,0.8585859537124634,0.8396144509315491,0.8668864965438843,1.0737981323868597,0.7528725266456604,0.6036853194236755,0.7774319648742676,0.8719242811203003,0.7173166275024414,0.9261482954025269,0.8624545335769653,0.9557021856307983,0.9487348198890686,0.9585865139961243
11,1.0769123390844821,0.7867288589477539,0.6484361290931702,0.8606547713279724,0.8444510698318481,0.8677440881729126,0.958439265260939,0.7517257928848267,0.6022120714187622,0.775980532169342,0.8722266554832458,0.7147493362426758,0.9261482954025269,0.8624545335769653,0.9557021856307983,0.9487348198890686,0.9585865139961243
12,1.0694864440878369,0.7899057865142822,0.652763843536377,0.8623439073562622,0.8501688241958618,0.8676714301109314,0.9471759433970326,0.753213107585907,0.6041233539581299,0.7775288224220276,0.8731422424316406,0.7167001962661743,0.9261482954025269,0.8624545335769653,0.9557021856307983,0.9487348198890686,0.9585865139961243
13,1.066124989849788,0.7928135395050049,0.6567448377609253,0.8639608025550842,0.8553518652915955,0.8677262663841248,0.968393679596524,0.7562064528465271,0.6079838871955872,0.7810295224189758,0.8734122514724731,0.7222563028335571,0.9261482954025269,0.8624545335769653,0.9557021856307983,0.9487348198890686,0.9585865139961243
14,1.053918508335615,0.7975264191627502,0.6632382273674011,0.8672565221786499,0.8590055108070374,0.8708661794662476,0.9253677995972278,0.7597686648368835,0.6126024127006531,0.785541296005249,0.8721901178359985,0.7304158806800842,0.9261482954025269,0.8624545335769653,0.9557021856307983,0.9487348198890686,0.9585865139961243
15,1.0628305712331871,0.8017398715019226,0.6690866947174072,0.8700853586196899,0.8629932999610901,0.8731886148452759,1.1395411051906952,0.7599101662635803,0.6127864718437195,0.7849269509315491,0.8753670454025269,0.7273895740509033,0.9261482954025269,0.8624545335769653,0.9557021856307983,0.9487348198890686,0.9585865139961243
16,1.0633038784390212,0.8055791854858398,0.6744517683982849,0.8727485537528992,0.8661099672317505,0.8756535053253174,1.1383290323330613,0.7594680786132812,0.6122115850448608,0.7833889126777649,0.8794941306114197,0.7222474813461304,0.9261482954025269,0.8624545335769653,0.9557021856307983,0.9487348198890686,0.9585865139961243
17,1.058113284220081,0.8084273934364319,0.6784541606903076,0.8745114207267761,0.8697901964187622,0.876577615737915,1.0477724773340438,0.7621617317199707,0.6157199740409851,0.7865058183670044,0.8797658681869507,0.7271743416786194,0.9261482954025269,0.8624545335769653,0.9557021856307983,0.9487348198890686,0.9585865139961243
18,1.0565945760880815,0.8109183311462402,0.6819701790809631,0.876068115234375,0.8730936646461487,0.8773695826530457,1.0346196456723258,0.764458179473877,0.6187229156494141,0.789154589176178,0.8799645304679871,0.7313819527626038,0.9261482954025269,0.8624545335769653,0.9557021856307983,0.9487348198890686,0.9585865139961243
19,1.0679049971391852,0.812869131565094,0.6847343444824219,0.8773863911628723,0.8747586011886597,0.8785365223884583,1.021893007214969,0.7635195255279541,0.6174942851066589,0.7872128486633301,0.8834583759307861,0.7259819507598877,0.9261482954025269,0.8624545335769653,0.9557021856307983,0.9487348198890686,0.9585865139961243
20,1.1059167451386245,0.8136925101280212,0.6859035491943359,0.878078281879425,0.8744879364967346,0.8796499371528625,1.3173778424168534,0.7650931477546692,0.6195552349090576,0.7889989018440247,0.8837281465530396,0.7287328243255615,0.9261482954025269,0.8624545335769653,0.9557021856307983,0.9487348198890686,0.9585865139961243
21,1.0763579330372814,0.8143019676208496,0.686769962310791,0.8781161308288574,0.8776859045028687,0.8783044219017029,1.1742990413175631,0.7651509046554565,0.6196310520172119,0.7886497378349304,0.8854753375053406,0.7270499467849731,0.9261482954025269,0.8624545335769653,0.9557021856307983,0.9487348198890686,0.9585865139961243
22,1.0780753435544579,0.8146384954452515,0.687248945236206,0.8780434131622314,0.8800926208496094,0.8771461844444275,1.1099089751945193,0.766833484172821,0.6218410134315491,0.7905580401420593,0.8857558965682983,0.7299939393997192,0.9261482954025269,0.8624545335769653,0.9557021856307983,0.9487348198890686,0.9585865139961243
23,1.049913020308742,0.8163507580757141,0.6896896958351135,0.8790756464004517,0.8825453519821167,0.8775562644004822,0.9358894246762242,0.7676960229873657,0.6229763031005859,0.7912739515304565,0.8870030045509338,0.7303717732429504,0.9261482954025269,0.8624545335769653,0.9557021856307983,0.9487348198890686,0.9585865139961243
24,1.0559648804559894,0.8185001015663147,0.6927635669708252,0.8806014657020569,0.8841337561607361,0.8790549039840698,1.0884199913393333,0.7683504819869995,0.6238385438919067,0.7917479872703552,0.8882448673248291,0.73035728931427,0.9261482954025269,0.8624545335769653,0.9557021856307983,0.9487348198890686,0.9585865139961243
25,1.046855472331563,0.8203193545341492,0.6953740119934082,0.8817511796951294,0.8865028023719788,0.8796709179878235,1.0160930231210812,0.769774317741394,0.6257179379463196,0.7933639287948608,0.8884465098381042,0.7328730821609497,0.9261482954025269,0.8624545335769653,0.9557021856307983,0.9487348198890686,0.9585865139961243
26,1.0450893032655506,0.8222593665122986,0.6981667876243591,0.8830519914627075,0.8884722590446472,0.880679190158844,1.012812686061046,0.7712999582290649,0.6277365684509277,0.7950843572616577,0.888684868812561,0.7355363368988037,0.9261482954025269,0.8624545335769653,0.9557021856307983,0.9487348198890686,0.9585865139961243
27,1.0596644950281242,0.824729323387146,0.7017357349395752,0.8848355412483215,0.889824390411377,0.8826513290405273,1.2933868234236439,0.7714259028434753,0.6279034614562988,0.7948041558265686,0.8905357718467712,0.7339003086090088,0.9261482954025269,0.8624545335769653,0.9557021856307983,0.9487348198890686,0.9585865139961243
28,1.048793773717473,0.825953483581543,0.703510046005249,0.8855389952659607,0.8919222354888916,0.8827444314956665,1.0169787831163055,0.7730392813682556,0.6300441026687622,0.7967630624771118,0.8901622295379639,0.7373431324958801,0.9261482954025269,0.8624545335769653,0.9557021856307983,0.9487348198890686,0.9585865139961243
29,1.0577506360536197,0.8274894952774048,0.7057416439056396,0.8865812420845032,0.8933551907539368,0.8836156129837036,1.1805120047531081,0.7749313712120056,0.6325616240501404,0.798658013343811,0.8914526700973511,0.7396227121353149,0.9261482954025269,0.8624545335769653,0.9557021856307983,0.9487348198890686,0.9585865139961243
30,1.0385821025732993,0.8293250799179077,0.7084161639213562,0.8878924250602722,0.894564151763916,0.8849718570709229,0.9497838711002207,0.7768027782440186,0.6350593566894531,0.8005059957504272,0.8928275108337402,0.7417716383934021,0.9261482954025269,0.8624545335769653,0.9557021856307983,0.9487348198890686,0.9585865139961243
31,1.0496262087226778,0.8310754299163818,0.7109743356704712,0.8891188502311707,0.8957741856575012,0.8862051367759705,1.1223516764475843,0.7771933674812317,0.6355815529823303,0.8005134463310242,0.8948085308074951,0.7405235767364502,0.9261482954025269,0.8624545335769653,0.9557021856307983,0.9487348198890686,0.9585865139961243
32,1.0520504470653993,0.8325915932655334,0.7131965756416321,0.8901709318161011,0.896827757358551,0.8872560858726501,1.102655514142032,0.7778754830360413,0.6364944577217102,0.800918459892273,0.8965203762054443,0.7400972247123718,0.9261482954025269,0.8624545335769653,0.9557021856307983,0.9487348198890686,0.9585865139961243
33,1.040881185427695,0.833939790725708,0.7151773571968079,0.8910682201385498,0.8982594609260559,0.8879196047782898,1.0226018114166466,0.7793063521385193,0.6384127140045166,0.8025012016296387,0.8968058228492737,0.7425051927566528,0.9261482954025269,0.8624545335769653,0.9557021856307983,0.9487348198890686,0.9585865139961243
34,1.0361364425170747,0.8354377746582031,0.717383623123169,0.892074704170227,0.8997013568878174,0.888735830783844,1.005223872657317,0.7808396220207214,0.6404732465744019,0.8042138814926147,0.8970102071762085,0.7451773881912231,0.9261482954025269,0.8624545335769653,0.9557021856307983,0.9487348198890686,0.9585865139961243
35,1.0370337671333811,0.8369637131690979,0.7196367383003235,0.8931146860122681,0.9008768200874329,0.8897157311439514,0.9770386203537869,0.7823520302772522,0.6425108313560486,0.8058156371116638,0.8975886702537537,0.7474302649497986,0.9261482954025269,0.8624545335769653,0.9557021856307983,0.9487348198890686,0.9585865139961243
36,1.0361085477524574,0.8383233547210693,0.7216494083404541,0.89402174949646,0.9021373391151428,0.8904675245285034,0.98237376934071,0.7842335104942322,0.6450526714324951,0.807892918586731,0.8978841304779053,0.7506411075592041,0.9261482954025269,0.8624545335769653,0.9557021856307983,0.9487348198890686,0.9585865139961243
37,1.044266159445385,0.8397493958473206,0.7237656116485596,0.8950187563896179,0.903045654296875,0.8915029168128967,1.0921127075499117,0.785163938999176,0.6463127136230469,0.8087300062179565,0.8989086151123047,0.7513590455055237,0.9261482954025269,0.8624545335769653,0.9557021856307983,0.9487348198890686,0.9585865139961243
38,1.038057404266969,0.8411816358566284,0.7258960008621216,0.8960140347480774,0.9040830135345459,0.8924797177314758,1.066576438623731,0.7867254614830017,0.6484314203262329,0.8103535771369934,0.899588942527771,0.7535826563835144,0.9261482954025269,0.8624545335769653,0.9557021856307983,0.9487348198890686,0.9585865139961243
39,1.0284330052056356,0.8425177931785583,0.7278883457183838,0.8969294428825378,0.9052029848098755,0.893305778503418,0.9430459630146943,0.7884441614151001,0.6507700085639954,0.8121328949928284,0.9003518223762512,0.7560086250305176,0.9261482954025269,0.8624545335769653,0.9557021856307983,0.9487348198890686,0.9585865139961243
40,1.040414404176256,0.8438153862953186,0.7298275232315063,0.8978007435798645,0.9063341021537781,0.894062876701355,1.1329381731223656,0.7900243401527405,0.6529257893562317,0.8136805295944214,0.901457667350769,0.7578373551368713,0.9261482954025269,0.8624545335769653,0.9557021856307983,0.9487348198890686,0.9585865139961243
41,1.0360692898563473,0.8453130125999451,0.7320711612701416,0.8988543748855591,0.9072785377502441,0.8951643109321594,1.130331106675702,0.7914276719093323,0.6548449993133545,0.8150159120559692,0.9026186466217041,0.7592836022377014,0.9261482954025269,0.8624545335769653,0.9557021856307983,0.9487348198890686,0.9585865139961243
42,1.0329355886866594,0.8466024994850159,0.7340075373649597,0.8997324109077454,0.9084062576293945,0.8959333300590515,1.098631451364596,0.7928847670555115,0.6568426489830017,0.8164833784103394,0.9034184813499451,0.7611758708953857,0.9261482954025269,0.8624545335769653,0.9557021856307983,0.9487348198890686,0.9585865139961243
43,1.03030349487532,0.8478275537490845,0.7358512878417969,0.9005758762359619,0.9093220233917236,0.8967450857162476,1.0021785426893894,0.7938876748085022,0.6582204103469849,0.817352831363678,0.9046563506126404,0.7618110179901123,0.9261482954025269,0.8624545335769653,0.9557021856307983,0.9487348198890686,0.9585865139961243
44,1.0248959432924747,0.8491116762161255,0.7377880215644836,0.901445209980011,0.9104069471359253,0.8975200057029724,0.9998209695674729,0.7953185439109802,0.6601898670196533,0.8188883066177368,0.9049500823020935,0.7641364336013794,0.9261482954025269,0.8624545335769653,0.9557021856307983,0.9487348198890686,0.9585865139961243
45,1.0242002914070834,0.8502718806266785,0.73954176902771,0.9022019505500793,0.9115476012229919,0.8981078267097473,0.9603877889898135,0.7968729734420776,0.6623347997665405,0.8205179572105408,0.9054362773895264,0.7664934992790222,0.9261482954025269,0.8624545335769653,0.9557021856307983,0.9487348198890686,0.9585865139961243
46,1.0154748250936265,0.8515677452087402,0.7415046095848083,0.9030855298042297,0.9125546813011169,0.898936927318573,0.8838349770315073,0.7981154322624207,0.6640532612800598,0.8217452764511108,0.9061898589134216,0.7680221796035767,0.9261482954025269,0.8624545335769653,0.9557021856307983,0.9487348198890686,0.9585865139961243
47,1.0223442262548417,0.8528785109519958,0.74349445104599,0.9039734601974487,0.9136483669281006,0.8997347950935364,1.056695554207764,0.7995871305465698,0.6660933494567871,0.8233116865158081,0.9064911007881165,0.770393431186676,0.9261482954025269,0.8624545335769653,0.9557021856307983,0.9487348198890686,0.9585865139961243
48,1.0305914606710738,0.8540666103363037,0.7453020811080933,0.9048054814338684,0.9144121408462524,0.9005968570709229,1.1049768895076653,0.8007681965827942,0.6677343249320984,0.8244370818138123,0.9073951244354248,0.771659791469574,0.9261482954025269,0.8624545335769653,0.9557021856307983,0.9487348198890686,0.9585865139961243
49,1.0311465309598848,0.8551190495491028,0.746906578540802,0.9055004715919495,0.9153473973274231,0.901185929775238,1.091273825623952,0.8018755912780762,0.6692756414413452,0.8255533576011658,0.9079190492630005,0.773152768611908,0.9261482954025269,0.8624545335769653,0.9557021856307983,0.9487348198890686,0.9585865139961243
50,1.0195402478621811,0.8562389612197876,0.7486169934272766,0.9062672853469849,0.9161789417266846,0.9019242525100708,0.9553468661471741,0.8031873106956482,0.6711052656173706,0.8269220590591431,0.9082825183868408,0.7751610279083252,0.9261482954025269,0.8624545335769653,0.9557021856307983,0.9487348198890686,0.9585865139961243
51,1.0201022920204337,0.8573858141899109,0.7503721117973328,0.9070501327514648,0.916998028755188,0.9026907682418823,0.979511293871119,0.8044852018356323,0.672919511795044,0.8281972408294678,0.9090426564216614,0.7767638564109802,0.9261482954025269,0.8624545335769653,0.9557021856307983,0.9487348198890686,0.9585865139961243
52,1.0178565234872103,0.85820472240448,0.7516275644302368,0.9075824618339539,0.9179229140281677,0.903051495552063,0.9051669077528606,0.8058494329452515,0.6748306155204773,0.8297151327133179,0.9088806509971619,0.7793505787849426,0.9261482954025269,0.8624545335769653,0.9557021856307983,0.9487348198890686,0.9585865139961243
53,1.0243268632954332,0.859283447265625,0.7532840371131897,0.9083354473114014,0.918556809425354,0.9038563370704651,1.0303323047602175,0.8069453239440918,0.6763691902160645,0.8308554291725159,0.9091539978981018,0.7810425162315369,0.9261482954025269,0.8624545335769653,0.9557021856307983,0.9487348198890686,0.9585865139961243
54,1.0341161361229902,0.8600722551345825,0.754497230052948,0.9088831543922424,0.9190742373466492,0.9044175744056702,1.0750886470484127,0.8081426024436951,0.6780531406402588,0.8320650458335876,0.9096329212188721,0.7827168703079224,0.9261482954025269,0.8624545335769653,0.9557021856307983,0.9487348198890686,0.9585865139961243
55,1.014967132565513,0.8611589074134827,0.7561711668968201,0.9096288681030273,0.9197941422462463,0.9051741361618042,0.9367604497190445,0.8086975812911987,0.6788346767425537,0.8325278759002686,0.9103817939758301,0.7829977869987488,0.9261482954025269,0.8624545335769653,0.9557021856307983,0.9487348198890686,0.9585865139961243
56,1.0045809786642759,0.8622279167175293,0.757821261882782,0.9103612899780273,0.9206168055534363,0.9058672785758972,0.8532972483169738,0.8097861409187317,0.6803703308105469,0.8335939049720764,0.9109888076782227,0.784355878829956,0.9261482954025269,0.8624545335769653,0.9557021856307983,0.9487348198890686,0.9585865139961243
57,1.0174512075794355,0.8632097840309143,0.7593395709991455,0.9110207557678223,0.9214462041854858,0.9064522981643677,1.0275637240212485,0.8110890984535217,0.6822119355201721,0.8349441289901733,0.9112933874130249,0.7863711714744568,0.9261482954025269,0.8624545335769653,0.9557021856307983,0.9487348198890686,0.9585865139961243
58,1.0275574512335734,0.8640947937965393,0.7607104778289795,0.9116147756576538,0.9222123026847839,0.9069710373878479,1.1577883202543973,0.8120676279067993,0.6835975050926208,0.8359042406082153,0.9118079543113708,0.7876148223876953,0.9261482954025269,0.8624545335769653,0.9557021856307983,0.9487348198890686,0.9585865139961243
59,1.0159148623303345,0.8650900721549988,0.7622544765472412,0.9122876524925232,0.922936737537384,0.9076208472251892,0.9962237485302572,0.8131103515625,0.6850767731666565,0.8368877172470093,0.9125710725784302,0.7887385487556458,0.9261482954025269,0.8624545335769653,0.9557021856307983,0.9487348198890686,0.9585865139961243
60,1.0184414944715514,0.8660149574279785,0.7636916637420654,0.9129084348678589,0.9237291216850281,0.9081664681434631,1.0776122792655651,0.8142515420913696,0.6866983771324158,0.8380031585693359,0.9131783246994019,0.7901771664619446,0.9261482954025269,0.8624545335769653,0.9557021856307983,0.9487348198890686,0.9585865139961243
61,1.0147706887269172,0.8668562769889832,0.765001118183136,0.9134692549705505,0.9244439601898193,0.9086595773696899,0.9629447352769424,0.8154963850975037,0.6884710192680359,0.8393093943595886,0.9133206009864807,0.7922240495681763,0.9261482954025269,0.8624545335769653,0.9557021856307983,0.9487348198890686,0.9585865139961243
62,1.0176793152246386,0.8676108121871948,0.7661771774291992,0.9139785766601562,0.925088107585907,0.9091102480888367,0.99492477521733,0.8163166046142578,0.6896410584449768,0.8401089310646057,0.9137530326843262,0.793256938457489,0.9261482954025269,0.8624545335769653,0.9557021856307983,0.9487348198890686,0.9585865139961243
63,1.0223935477671027,0.8683498501777649,0.7673305869102478,0.9144747853279114,0.9257504940032959,0.9095340371131897,1.0894697372563658,0.8173202872276306,0.6910749673843384,0.8411157727241516,0.9141102433204651,0.7946770787239075,0.9261482954025269,0.8624545335769653,0.9557021856307983,0.9487348198890686,0.9585865139961243
64,1.0221205888730447,0.8690181374549866,0.768375039100647,0.9149386286735535,0.9261555671691895,0.9100236296653748,0.9704944946005183,0.817780613899231,0.6917334794998169,0.8414525389671326,0.9149916172027588,0.7946675419807434,0.9261482954025269,0.8624545335769653,0.9557021856307983,0.9487348198890686,0.9585865139961243
65,1.025429524865887,0.8696869015693665,0.7694212198257446,0.9154011011123657,0.9265527725219727,0.9105145931243896,1.0275685086593125,0.818281888961792,0.6924509406089783,0.8419266939163208,0.9153321981430054,0.7952267527580261,0.9261482954025269,0.8624545335769653,0.9557021856307983,0.9487348198890686,0.9585865139961243
66,1.0312626936498714,0.8702319264411926,0.7702748775482178,0.9157686233520508,0.9269327521324158,0.9108762741088867,1.0528975743866784,0.8190746903419495,0.6935872435569763,0.8426874279975891,0.9158053994178772,0.7961702942848206,0.9261482954025269,0.8624545335769653,0.9557021856307983,0.9487348198890686,0.9585865139961243
67,1.0224647947296228,0.8709298968315125,0.771369218826294,0.9162348508834839,0.9275137782096863,0.9112920761108398,1.07883654325361,0.8199210166931152,0.6948017477989197,0.8435947299003601,0.9157476425170898,0.7976915240287781,0.9261482954025269,0.8624545335769653,0.9557021856307983,0.9487348198890686,0.9585865139961243
68,1.0191058309071923,0.8715618848800659,0.7723612785339355,0.9166607856750488,0.9279956817626953,0.9116933941841125,0.9748914293174858,0.8204977512359619,0.6956304907798767,0.8441328406333923,0.9161733388900757,0.7983011603355408,0.9261482954025269,0.8624545335769653,0.9557021856307983,0.9487348198890686,0.9585865139961243
69,1.012568687651987,0.8722144961357117,0.7733868360519409,0.9170981049537659,0.9285425543785095,0.9120827317237854,0.9259256763675476,0.8210760951042175,0.6964623332023621,0.8446502685546875,0.9167296290397644,0.7987937927246094,0.9261482954025269,0.8624545335769653,0.9557021856307983,0.9487348198890686,0.9585865139961243
70,1.022889139758592,0.8729615211486816,0.7745622396469116,0.9176203012466431,0.9289250373840332,0.912666380405426,1.0933032903058795,0.8211177587509155,0.6965222358703613,0.8445637226104736,0.9174999594688416,0.7981622219085693,0.9261482954025269,0.8624545335769653,0.9557021856307983,0.9487348198890686,0.9585865139961243
71,1.0227690180029316,0.873466432094574,0.7753576636314392,0.917951762676239,0.9294182658195496,0.9129268527030945,1.0235851442211863,0.8218352794647217,0.697555422782898,0.845298707485199,0.9176405072212219,0.7992753386497498,0.9261482954025269,0.8624545335769653,0.9557021856307983,0.9487348198890686,0.9585865139961243
72,1.010089561402958,0.8740746974945068,0.77631676197052,0.918359100818634,0.9299564361572266,0.9132772088050842,0.9156282292249598,0.8227276802062988,0.6988422870635986,0.8461803793907166,0.9179997444152832,0.8004893660545349,0.9261482954025269,0.8624545335769653,0.9557021856307983,0.9487348198890686,0.9585865139961243
73,1.0101337120651568,0.8748477101325989,0.7775372266769409,0.9188923239707947,0.9303902387619019,0.9138537645339966,0.9495827374444663,0.8231444954872131,0.6994439959526062,0.8465124368667603,0.9186420440673828,0.8006240725517273,0.9261482954025269,0.8624545335769653,0.9557021856307983,0.9487348198890686,0.9585865139961243
74,1.0157298277558975,0.8754866123199463,0.7785471081733704,0.9193195700645447,0.9309263825416565,0.914233386516571,1.037255596847074,0.8239558339118958,0.7006163597106934,0.8473111391067505,0.9189782738685608,0.8017169833183289,0.9261482954025269,0.8624545335769653,0.9557021856307983,0.9487348198890686,0.9585865139961243
75,1.0050960488896754,0.8761913776397705,0.7796624302864075,0.9197946786880493,0.931489884853363,0.914669930934906,0.9340916244662718,0.8247892260551453,0.7018224000930786,0.8481192588806152,0.9193916320800781,0.8027762174606323,0.9261482954025269,0.8624545335769653,0.9557021856307983,0.9487348198890686,0.9585865139961243
76,1.0076955860016954,0.8769193291664124,0.7808159589767456,0.9202842712402344,0.9320175051689148,0.9151426553726196,0.961335684105688,0.8254191875457764,0.702735185623169,0.8486952185630798,0.9199122786521912,0.803387463092804,0.9261482954025269,0.8624545335769653,0.9557021856307983,0.9487348198890686,0.9585865139961243
77,1.0088060189056594,0.8775849342346191,0.7818719744682312,0.9207311868667603,0.9325545430183411,0.9155502319335938,0.9877934223695028,0.8261386156082153,0.7037786841392517,0.8494493365287781,0.9199155569076538,0.8046191930770874,0.9261482954025269,0.8624545335769653,0.9557021856307983,0.9487348198890686,0.9585865139961243
78,1.0272884851085684,0.8782160878181458,0.7828746438026428,0.9211542010307312,0.9330698847770691,0.9159328937530518,1.2687256142510668,0.8266485929489136,0.7045192122459412,0.8499084711074829,0.9203761219978333,0.8050774335861206,0.9261482954025269,0.8624545335769653,0.9557021856307983,0.9487348198890686,0.9585865139961243
79,1.0084555242485416,0.8788600564002991,0.7838985919952393,0.9215897917747498,0.9335536956787109,0.9163475036621094,0.9799207122440363,0.8270517587661743,0.7051050662994385,0.8502702116966248,0.9207468628883362,0.8054335117340088,0.9261482954025269,0.8624545335769653,0.9557021856307983,0.9487348198890686,0.9585865139961243
80,1.0207465892956866,0.8794558048248291,0.7848470211029053,0.9219936728477478,0.9339330792427063,0.9167618751525879,1.0939390319724636,0.8274961709976196,0.7057514190673828,0.8506529927253723,0.9212539792060852,0.8057371973991394,0.9261482954025269,0.8624545335769653,0.9557021856307983,0.9487348198890686,0.9585865139961243
81,1.005132440030323,0.8800050020217896,0.7857222557067871,0.9223549365997314,0.9344186186790466,0.9170684218406677,0.8793895534881235,0.8281432390213013,0.7066932320594788,0.851274311542511,0.9215956926345825,0.8065363764762878,0.9261482954025269,0.8624545335769653,0.9557021856307983,0.9487348198890686,0.9585865139961243
82,1.0106517350738364,0.8805809020996094,0.7866408824920654,0.9227403998374939,0.9349450469017029,0.9173926711082458,1.0575821886303058,0.8288578987121582,0.7077347636222839,0.8519775867462158,0.9218630790710449,0.807516872882843,0.9261482954025269,0.8624545335769653,0.9557021856307983,0.9487348198890686,0.9585865139961243
83,1.0099579318196783,0.8812291622161865,0.7876761555671692,0.9231829047203064,0.9353722929954529,0.9178420305252075,1.0344043755482577,0.8292502760887146,0.7083070874214172,0.8523024320602417,0.9223901629447937,0.807712972164154,0.9261482954025269,0.8624545335769653,0.9557021856307983,0.9487348198890686,0.9585865139961243
84,1.0097755979888696,0.8818153738975525,0.7886133790016174,0.923579216003418,0.9357970952987671,0.9182260632514954,1.005188023244728,0.8298856019973755,0.7092345952987671,0.8528916835784912,0.9228472709655762,0.8083865642547607,0.9261482954025269,0.8624545335769653,0.9557021856307983,0.9487348198890686,0.9585865139961243
85,1.0156683034147833,0.8823224306106567,0.7894249558448792,0.9239081740379333,0.9362919330596924,0.9184820055961609,1.0753642878077039,0.830626368522644,0.7103173136711121,0.8536308407783508,0.9230496883392334,0.8094669580459595,0.9261482954025269,0.8624545335769653,0.9557021856307983,0.9487348198890686,0.9585865139961243
86,1.0117032957001386,0.8828094005584717,0.7902048826217651,0.9242218136787415,0.9367613196372986,0.918726921081543,0.9852816520101509,0.830998420715332,0.7108616828918457,0.8539850115776062,0.9232563972473145,0.8099150657653809,0.9261482954025269,0.8624545335769653,0.9557021856307983,0.9487348198890686,0.9585865139961243
87,1.0090717219112793,0.883355975151062,0.7910811305046082,0.9245948791503906,0.9370953440666199,0.9191170930862427,0.9579371536809673,0.8314188718795776,0.7114772796630859,0.8543530106544495,0.9236939549446106,0.810238778591156,0.9261482954025269,0.8624545335769653,0.9557021856307983,0.9487348198890686,0.9585865139961243
88,1.0095826252316524,0.8839059472084045,0.7919638156890869,0.9249624013900757,0.9374867081642151,0.9194738864898682,0.9839667601714476,0.8320607542991638,0.7124177813529968,0.854979395866394,0.9239493012428284,0.8111011981964111,0.9261482954025269,0.8624545335769653,0.9557021856307983,0.9487348198890686,0.9585865139961243
89,1.0195398977356565,0.8843224048614502,0.7926325798034668,0.9252357482910156,0.9378538131713867,0.9197058081626892,1.0722835439959,0.8324159383773804,0.7129387855529785,0.8553037047386169,0.9242314696311951,0.811452329158783,0.9261482954025269,0.8624545335769653,0.9557021856307983,0.9487348198890686,0.9585865139961243
90,1.0144385900752493,0.8847364187240601,0.793298065662384,0.9255133271217346,0.938166618347168,0.9199680089950562,0.9840580486803896,0.832893431186676,0.7136395573616028,0.855762779712677,0.9244614839553833,0.8120571374893188,0.9261482954025269,0.8624545335769653,0.9557021856307983,0.9487348198890686,0.9585865139961243
91,1.0047728042197577,0.8851718902587891,0.7939985394477844,0.9257999062538147,0.9385772943496704,0.9202003479003906,0.9061369415891709,0.8334395885467529,0.71444171667099,0.8562917709350586,0.9246964454650879,0.8127733469009399,0.9261482954025269,0.8624545335769653,0.9557021856307983,0.9487348198890686,0.9585865139961243
92,1.0201718457217488,0.8855983018875122,0.7946850061416626,0.9260940551757812,0.938797652721405,0.9205268025398254,1.059827833656653,0.8334914445877075,0.7145180106163025,0.8562604188919067,0.9252445101737976,0.8123732805252075,0.9261482954025269,0.8624545335769653,0.9557021856307983,0.9487348198890686,0.9585865139961243
93,1.0235170319632774,0.8858811259269714,0.7951405048370361,0.9262804985046387,0.9390674829483032,0.9206768870353699,1.0605578510319296,0.8339380621910095,0.7151747345924377,0.8567321300506592,0.9251839518547058,0.8131834268569946,0.9261482954025269,0.8624545335769653,0.9557021856307983,0.9487348198890686,0.9585865139961243
94,1.0138053403041352,0.8863289952278137,0.7958623766899109,0.9265810251235962,0.9394147396087646,0.9209570288658142,1.0545481491224704,0.8344697952270508,0.7159572839736938,0.8572182655334473,0.9255961179733276,0.8137168288230896,0.9261482954025269,0.8624545335769653,0.9557021856307983,0.9487348198890686,0.9585865139961243
95,1.0040339766096338,0.8868131041526794,0.7966435551643372,0.9269113540649414,0.9397208094596863,0.921298086643219,0.912809018186072,0.8349109888076782,0.7166069746017456,0.8576306700706482,0.9258784055709839,0.814211905002594,0.9261482954025269,0.8624545335769653,0.9557021856307983,0.9487348198890686,0.9585865139961243
96,1.0023000524647228,0.887288510799408,0.7974111437797546,0.9272302985191345,0.9400941133499146,0.9215936064720154,0.9274025307999024,0.8354807496070862,0.7174469232559204,0.8581788539886475,0.9261392951011658,0.8149428963661194,0.9261482954025269,0.8624545335769653,0.9557021856307983,0.9487348198890686,0.9585865139961243
97,1.0096823739704306,0.8877447843551636,0.7981484532356262,0.9275349378585815,0.9404404163360596,0.9218797087669373,1.0113028077449537,0.8360658884048462,0.7183103561401367,0.8587381839752197,0.9264280200004578,0.8156743049621582,0.9261482954025269,0.8624545335769653,0.9557021856307983,0.9487348198890686,0.9585865139961243
98,1.0107733199910138,0.8882309198379517,0.7989346981048584,0.9278636574745178,0.940727710723877,0.9222265481948853,1.013540704891239,0.8363727927207947,0.7187634706497192,0.8589887619018555,0.9268589615821838,0.8158100843429565,0.9261482954025269,0.8624545335769653,0.9557021856307983,0.9487348198890686,0.9585865139961243
99,1.020607734386874,0.8886276483535767,0.7995768785476685,0.9281250834465027,0.9410702586174011,0.9224522113800049,1.1619760231669938,0.8368968367576599,0.7195379734039307,0.8594984412193298,0.9270569086074829,0.8165181279182434,0.9261482954025269,0.8624545335769653,0.9557021856307983,0.9487348198890686,0.9585865139961243
100,1.017402627497432,0.8889141082763672,0.8000407814979553,0.9283030033111572,0.9414724111557007,0.92253178358078,1.0848578477234265,0.8374224305152893,0.7203152179718018,0.8600205183029175,0.9271790981292725,0.8172947764396667,0.9261482954025269,0.8624545335769653,0.9557021856307983,0.9487348198890686,0.9585865139961243
101,1.0148117621055035,0.8892937302589417,0.8006560802459717,0.9285657405853271,0.9416550397872925,0.9228299856185913,1.0028376881586367,0.8376875519752502,0.7207077145576477,0.8602334260940552,0.9275751709938049,0.8173910975456238,0.9261482954025269,0.8624545335769653,0.9557021856307983,0.9487348198890686,0.9585865139961243
102,1.017398389774689,0.8896008729934692,0.8011541366577148,0.9287761449813843,0.9418145418167114,0.9230625629425049,0.9777872054197546,0.8379892706871033,0.721154510974884,0.8604826927185059,0.9279794692993164,0.8175417184829712,0.9261482954025269,0.8624545335769653,0.9557021856307983,0.9487348198890686,0.9585865139961243
103,1.0191755008778987,0.8897876143455505,0.8014570474624634,0.9288842082023621,0.9421845078468323,0.9230560064315796,1.0501600306044003,0.8384965658187866,0.7219062447547913,0.8610033988952637,0.9279813766479492,0.8183925151824951,0.9261482954025269,0.8624545335769653,0.9557021856307983,0.9487348198890686,0.9585865139961243
104,1.0257090954463408,0.8901820778846741,0.8020973801612854,0.9291573762893677,0.9423381090164185,0.9233813285827637,1.1729745957351958,0.8388751745223999,0.7224676609039307,0.8613364100456238,0.9283526539802551,0.8187012076377869,0.9261482954025269,0.8624545335769653,0.9557021856307983,0.9487348198890686,0.9585865139961243
105,1.0060530098245468,0.8904841542243958,0.8025880455970764,0.9293495416641235,0.9426655173301697,0.9235140681266785,0.8903026033890196,0.8391975164413452,0.7229459285736084,0.8616417050361633,0.9285216331481934,0.8190932273864746,0.9261482954025269,0.8624545335769653,0.9557021856307983,0.9487348198890686,0.9585865139961243
106,1.013639431629438,0.8908535242080688,0.8031885027885437,0.9295965433120728,0.9429681301116943,0.9237368702888489,1.0864132902528043,0.8395454287528992,0.7234626412391663,0.8619556427001953,0.9288089871406555,0.819424033164978,0.9261482954025269,0.8624545335769653,0.9557021856307983,0.9487348198890686,0.9585865139961243
107,1.0103270481956104,0.8912808895111084,0.80388343334198,0.9298818111419678,0.9432687163352966,0.9240152835845947,1.053231060136667,0.8399180173873901,0.7240161299705505,0.8623045086860657,0.9290300011634827,0.8198542594909668,0.9261482954025269,0.8624545335769653,0.9557021856307983,0.9487348198890686,0.9585865139961243
108,1.0114179348301156,0.8917046189308167,0.8045730590820312,0.9301627278327942,0.9435867667198181,0.9242797493934631,1.0828114828541757,0.8403013944625854,0.7245859503746033,0.8626723289489746,0.9291960597038269,0.8203505277633667,0.9261482954025269,0.8624545335769653,0.9557021856307983,0.9487348198890686,0.9585865139961243
109,1.005462772064507,0.8921286463737488,0.8052637577056885,0.9304490089416504,0.9438381195068359,0.9245810508728027,0.9596907356654454,0.8406569361686707,0.7251149415969849,0.862994372844696,0.9294790625572205,0.8206973075866699,0.9261482954025269,0.8624545335769653,0.9557021856307983,0.9487348198890686,0.9585865139961243
110,1.0010570215634744,0.8924713134765625,0.8058222532272339,0.9306694269180298,0.9441766738891602,0.9247492551803589,0.8833795496684108,0.8410689830780029,0.7257283329963684,0.8634000420570374,0.9295852780342102,0.8212934732437134,0.9261482954025269,0.8624545335769653,0.9557021856307983,0.9487348198890686,0.9585865139961243
111,1.00735659583285,0.8928965926170349,0.8065160512924194,0.9309585690498352,0.9444290399551392,0.9250547885894775,1.0260983714181378,0.8414360284805298,0.7262749671936035,0.8637350797653198,0.929857075214386,0.8216687440872192,0.9261482954025269,0.8624545335769653,0.9557021856307983,0.9487348198890686,0.9585865139961243
112,1.0074639948920725,0.8932607769966125,0.8071104884147644,0.9311990737915039,0.9447484612464905,0.9252607226371765,1.0336508552569597,0.8418210744857788,0.7268489003181458,0.8641057014465332,0.9300107955932617,0.8221773505210876,0.9261482954025269,0.8624545335769653,0.9557021856307983,0.9487348198890686,0.9585865139961243
113,1.0040500288579797,0.8936569690704346,0.8077576160430908,0.9314643740653992,0.9450346231460571,0.9255169630050659,0.9869186740186657,0.8422107100486755,0.7274300456047058,0.8644723296165466,0.93022221326828,0.8226427435874939,0.9261482954025269,0.8624545335769653,0.9557021856307983,0.9487348198890686,0.9585865139961243
114,1.0022107965303493,0.8940582275390625,0.8084135055541992,0.9317346811294556,0.9452927708625793,0.9257925152778625,0.9468597002264425,0.8426344394683838,0.7280624508857727,0.8648681640625,0.9304705858230591,0.8231322765350342,0.9261482954025269,0.8624545335769653,0.9557021856307983,0.9487348198890686,0.9585865139961243
115,1.002490906708041,0.8944340944290161,0.8090283274650574,0.9319873452186584,0.9455798268318176,0.9260303974151611,0.982200564671427,0.8431023359298706,0.7287614345550537,0.865326464176178,0.9305975437164307,0.8238013386726379,0.9261482954025269,0.8624545335769653,0.9557021856307983,0.9487348198890686,0.9585865139961243
116,1.0001127565697892,0.8948063850402832,0.8096376061439514,0.9322364926338196,0.9458606839179993,0.9262658953666687,0.934951320361096,0.8434439301490784,0.7292719483375549,0.8656467795372009,0.9307860136032104,0.824205756187439,0.9261482954025269,0.8624545335769653,0.9557021856307983,0.9487348198890686,0.9585865139961243
117,1.0138135056979145,0.8952198028564453,0.8103148937225342,0.932519257068634,0.9460611343383789,0.9265846610069275,1.1298530490812189,0.8436660766601562,0.7296041250228882,0.8658313155174255,0.9310731291770935,0.824324905872345,0.9261482954025269,0.8624545335769653,0.9557021856307983,0.9487348198890686,0.9585865139961243
118,1.0062109437924835,0.8955253958702087,0.810815691947937,0.9327137470245361,0.946393609046936,0.9267184734344482,1.0021437773221897,0.8441214561462402,0.73028564453125,0.8662946224212646,0.9310712814331055,0.8250842094421387,0.9261482954025269,0.8624545335769653,0.9557021856307983,0.9487348198890686,0.9585865139961243
119,1.0015562766079957,0.8958963751792908,0.8114242553710938,0.9329652786254883,0.946601390838623,0.9269890785217285,0.9185111408640051,0.8442692160606384,0.7305068969726562,0.8664015531539917,0.931373119354248,0.8250670433044434,0.9261482954025269,0.8624545335769653,0.9557021856307983,0.9487348198890686,0.9585865139961243
120,1.0171913568777615,0.896213948726654,0.8119454979896545,0.9331747889518738,0.9468569159507751,0.9271783232688904,1.16202485873717,0.8446410894393921,0.7310639023780823,0.8667564392089844,0.931532084941864,0.8255466818809509,0.9261482954025269,0.8624545335769653,0.9557021856307983,0.9487348198890686,0.9585865139961243
121,1.0010446360840328,0.8965293169021606,0.8124632239341736,0.933381974697113,0.9471536874771118,0.9273464679718018,0.9549356838506871,0.8450827598571777,0.7317258715629578,0.8671910166740417,0.9316282272338867,0.826196551322937,0.9261482954025269,0.8624545335769653,0.9557021856307983,0.9487348198890686,0.9585865139961243
122,1.0067558189425376,0.8969160914421082,0.8130986094474792,0.9336450695991516,0.9473580718040466,0.9276353120803833,1.036454777349772,0.845199704170227,0.7319012880325317,0.8672671914100647,0.9319261312484741,0.8261316418647766,0.9261482954025269,0.8624545335769653,0.9557021856307983,0.9487348198890686,0.9585865139961243
123,1.0227843191469153,0.8971221446990967,0.8134374022483826,0.9337838292121887,0.9475147128105164,0.9277665019035339,1.1385797094428152,0.8456251621246338,0.7325394153594971,0.8676766753196716,0.9320799708366394,0.8267037868499756,0.9261482954025269,0.8624545335769653,0.9557021856307983,0.9487348198890686,0.9585865139961243
124,1.004236715752575,0.8973848223686218,0.8138695359230042,0.9339563846588135,0.9477449655532837,0.9279136657714844,0.9250109714849768,0.8457496166229248,0.7327262163162231,0.8677815198898315,0.9322301149368286,0.8267797827720642,0.9261482954025269,0.8624545335769653,0.9557021856307983,0.9487348198890686,0.9585865139961243
125,1.0069583114034313,0.8975955247879028,0.814216136932373,0.9340941309928894,0.9479629993438721,0.9280165433883667,0.9411639906603737,0.8461338877677917,0.7333033680915833,0.8681530356407166,0.9323563575744629,0.8273072838783264,0.9261482954025269,0.8624545335769653,0.9557021856307983,0.9487348198890686,0.9585865139961243
126,1.0128390691328888,0.8979171514511108,0.8147456049919128,0.9343123435974121,0.9481149315834045,0.9282634854316711,1.053236639614592,0.8463920950889587,0.7336912751197815,0.8683761954307556,0.9326272010803223,0.82750004529953,0.9261482954025269,0.8624545335769653,0.9557021856307983,0.9487348198890686,0.9585865139961243
127,1.008691634039039,0.8981505036354065,0.8151299953460693,0.9344629645347595,0.9483320713043213,0.9283849596977234,0.9634205296194582,0.8467053771018982,0.7341622710227966,0.8686726689338684,0.932773232460022,0.8278923630714417,0.9261482954025269,0.8624545335769653,0.9557021856307983,0.9487348198890686,0.9585865139961243
128,1.0148701986960054,0.898410975933075,0.8155592083930969,0.9346343874931335,0.9485516548156738,0.9285352230072021,1.1082934154037396,0.84682297706604,0.7343390583992004,0.8687997460365295,0.9327155351638794,0.8281369209289551,0.9261482954025269,0.8624545335769653,0.9557021856307983,0.9487348198890686,0.9585865139961243
129,1.0081759746355141,0.8986832499504089,0.8160080909729004,0.9348182678222656,0.9487317800521851,0.9287209510803223,1.0027406129159018,0.847172737121582,0.7348653078079224,0.8691387176513672,0.932820200920105,0.828624963760376,0.9261482954025269,0.8624545335769653,0.9557021856307983,0.9487348198890686,0.9585865139961243
130,1.0143615640756007,0.898912250995636,0.8163856267929077,0.9349691271781921,0.9489288926124573,0.9288515448570251,1.0738041980263726,0.8473598957061768,0.7351470589637756,0.869329035282135,0.932811975479126,0.8289415836334229,0.9261482954025269,0.8624545335769653,0.9557021856307983,0.9487348198890686,0.9585865139961243
131,1.0098258443518464,0.8991978764533997,0.8168570399284363,0.93515944480896,0.9491214752197266,0.929040789604187,1.0382930625059839,0.8476491570472717,0.7355824708938599,0.8696075677871704,0.9329085946083069,0.8293358683586121,0.9261482954025269,0.8624545335769653,0.9557021856307983,0.9487348198890686,0.9585865139961243
132,1.0060736911995236,0.899484395980835,0.817330002784729,0.9353532195091248,0.9493204355239868,0.9292325973510742,1.023992483985225,0.8478707671165466,0.735916256904602,0.8698186874389648,0.932998776435852,0.8296239376068115,0.9261482954025269,0.8624545335769653,0.9557021856307983,0.9487348198890686,0.9585865139961243
133,1.0036216308329413,0.8997892737388611,0.817833662033081,0.9355584979057312,0.9495160579681396,0.9294420480728149,0.9855598008021618,0.8480671048164368,0.7362121939659119,0.8700035810470581,0.9330940246582031,0.8298658132553101,0.9261482954025269,0.8624545335769653,0.9557021856307983,0.9487348198890686,0.9585865139961243
134,1.0104144620616058,0.900056779384613,0.8182756304740906,0.9357334971427917,0.9497539401054382,0.9295896291732788,1.0920181927623558,0.8483961224555969,0.7367082834243774,0.8703476786613464,0.9330057501792908,0.8304849863052368,0.9261482954025269,0.8624545335769653,0.9557021856307983,0.9487348198890686,0.9585865139961243
135,1.0040061964745468,0.9003075361251831,0.8186902403831482,0.9358988404273987,0.9499525427818298,0.929740309715271,0.9472877186346151,0.8485547304153442,0.7369474172592163,0.8704920411109924,0.9331170916557312,0.8306503891944885,0.9261482954025269,0.8624545335769653,0.9557021856307983,0.9487348198890686,0.9585865139961243
136,1.002485908156011,0.9005716443061829,0.8191272616386414,0.9360793232917786,0.9500945210456848,0.9299378991127014,0.9195282791880196,0.8488002419471741,0.7373179793357849,0.8707343935966492,0.9331530332565308,0.8310241103172302,0.9261482954025269,0.8624545335769653,0.9557021856307983,0.9487348198890686,0.9585865139961243
137,1.0137688364133286,0.9008193612098694,0.8195372223854065,0.9362438917160034,0.9502794146537781,0.93009352684021,1.1072197639034185,0.8489405512809753,0.7375297546386719,0.8708460927009583,0.9333677291870117,0.8310701847076416,0.9261482954025269,0.8624545335769653,0.9557021856307983,0.9487348198890686,0.9585865139961243
138,1.01163845539218,0.9010604023933411,0.8199361562728882,0.9364039897918701,0.9504699110984802,0.9302405118942261,1.0852682412719132,0.8492767810821533,0.7380374073982239,0.8711729049682617,0.9334519505500793,0.8315513730049133,0.9261482954025269,0.8624545335769653,0.9557021856307983,0.9487348198890686,0.9585865139961243
139,1.0006147632236884,0.9013055562973022,0.8203424215316772,0.9365649223327637,0.9506770968437195,0.9303810596466064,0.9177783419041877,0.8495501279830933,0.738450288772583,0.8714486360549927,0.9334461092948914,0.8320062756538391,0.9261482954025269,0.8624545335769653,0.9557021856307983,0.9487348198890686,0.9585865139961243
140,1.0125155221404691,0.9015680551528931,0.8207772970199585,0.9367420673370361,0.9508557915687561,0.9305578470230103,1.1327069103076974,0.8498207330703735,0.7388594746589661,0.871704638004303,0.9335643649101257,0.8323497772216797,0.9261482954025269,0.8624545335769653,0.9557021856307983,0.9487348198890686,0.9585865139961243
141,1.00460281049404,0.9018418788909912,0.8212313652038574,0.9369247555732727,0.9510328769683838,0.9307429790496826,0.9907671721086382,0.8501347899436951,0.7393342852592468,0.8720030188560486,0.9336891174316406,0.8327587246894836,0.9261482954025269,0.8624545335769653,0.9557021856307983,0.9487348198890686,0.9585865139961243
142,1.0008243420720069,0.9021133780479431,0.8216816186904907,0.9371045827865601,0.9512276649475098,0.9309161305427551,0.9475714806329392,0.8503589034080505,0.739673376083374,0.8722020983695984,0.933879017829895,0.8329637050628662,0.9261482954025269,0.8624545335769653,0.9557021856307983,0.9487348198890686,0.9585865139961243
143,0.9951746430639864,0.9023904800415039,0.8221415877342224,0.9372891187667847,0.9514331817626953,0.9310915470123291,0.8918490651398114,0.8505762219429016,0.7400023341178894,0.8724087476730347,0.9339638352394104,0.8332477807998657,0.9261482954025269,0.8624545335769653,0.9557021856307983,0.9487348198890686,0.9585865139961243
144,1.0091220768663012,0.9026590585708618,0.8225876688957214,0.9374671578407288,0.9516208171844482,0.9312652945518494,1.079959446588155,0.8507831692695618,0.7403156161308289,0.8725923299789429,0.9341403841972351,0.8334358930587769,0.9261482954025269,0.8624545335769653,0.9557021856307983,0.9487348198890686,0.9585865139961243
145,1.0076028349861275,0.9029048681259155,0.8229959607124329,0.9376317858695984,0.9518164396286011,0.9314165711402893,1.0854614278625978,0.8510932326316833,0.7407852411270142,0.8728865385055542,0.9342645406723022,0.8338382244110107,0.9261482954025269,0.8624545335769653,0.9557021856307983,0.9487348198890686,0.9585865139961243
146,1.0051125312800782,0.9031750559806824,0.8234451413154602,0.9378122091293335,0.9520076513290405,0.931592583656311,1.049884426534211,0.8512856364250183,0.7410769462585449,0.8730649948120117,0.934371292591095,0.834062397480011,0.9261482954025269,0.8624545335769653,0.9557021856307983,0.9487348198890686,0.9585865139961243
147,0.9972139539674925,0.9034274816513062,0.8238648772239685,0.9379790425300598,0.9522099494934082,0.931743860244751,0.9184988667741653,0.851538360118866,0.741459846496582,0.8733073472976685,0.9344513416290283,0.8344079852104187,0.9261482954025269,0.8624545335769653,0.9557021856307983,0.9487348198890686,0.9585865139961243
148,0.9945662971171958,0.9036900401115417,0.8243014812469482,0.938153862953186,0.9523991942405701,0.9319124221801758,0.8816628239546389,0.8517825603485107,0.7418303489685059,0.8735340237617493,0.9345850348472595,0.8346936702728271,0.9261482954025269,0.8624545335769653,0.9557021856307983,0.9487348198890686,0.9585865139961243
149,0.999177132640925,0.9039597511291504,0.8247504830360413,0.9383329153060913,0.9525584578514099,0.9320997595787048,0.9092358162090557,0.8520233631134033,0.7421956062316895,0.8737602829933167,0.9346944093704224,0.8349944353103638,0.9261482954025269,0.8624545335769653,0.9557021856307983,0.9487348198890686,0.9585865139961243
150,0.998769064101928,0.9042050838470459,0.825158953666687,0.9384971261024475,0.9527242183685303,0.9322634935379028,0.9261767300200463,0.852245569229126,0.7425330281257629,0.8739750981330872,0.9347516298294067,0.8353095054626465,0.9261482954025269,0.8624545335769653,0.9557021856307983,0.9487348198890686,0.9585865139961243
151,1.0084653807675261,0.9044367074966431,0.8255450129508972,0.9386497139930725,0.9529076814651489,0.9324023723602295,1.0752181702458792,0.8525087833404541,0.7429326772689819,0.8742340207099915,0.9347846508026123,0.8357120156288147,0.9261482954025269,0.8624545335769653,0.9557021856307983,0.9487348198890686,0.9585865139961243
152,1.0066393618798903,0.9046985507011414,0.8259812593460083,0.9388234615325928,0.9530932903289795,0.9325711727142334,1.08464351624957,0.8527210354804993,0.7432552576065063,0.8744311928749084,0.9348964095115662,0.8359636664390564,0.9261482954025269,0.8624545335769653,0.9557021856307983,0.9487348198890686,0.9585865139961243
153,0.9989305945627875,0.9049621224403381,0.8264209032058716,0.9389968514442444,0.9532715678215027,0.9327419996261597,0.9342260286773487,0.8529418706893921,0.7435908317565918,0.8746421933174133,0.9349698424339294,0.8362621068954468,0.9261482954025269,0.8624545335769653,0.9557021856307983,0.9487348198890686,0.9585865139961243
154,0.9988207272930969,0.9051839709281921,0.8267908692359924,0.9391403198242188,0.9534581303596497,0.9328663349151611,0.9058191688056283,0.8531103730201721,0.743847131729126,0.8747943043708801,0.9350916743278503,0.836433470249176,0.9261482954025269,0.8624545335769653,0.9557021856307983,0.9487348198890686,0.9585865139961243
155,1.0019984875054417,0.9054020047187805,0.827154815196991,0.9392874240875244,0.9535980820655823,0.933016836643219,0.9628437032972244,0.8533234596252441,0.7441709637641907,0.8749861717224121,0.9352476596832275,0.8366482853889465,0.9261482954025269,0.8624545335769653,0.9557021856307983,0.9487348198890686,0.9585865139961243
156,1.0034972823953177,0.9056671857833862,0.8275976777076721,0.9394684433937073,0.9537243843078613,0.9332218766212463,1.022239016485241,0.853525698184967,0.7444786429405212,0.8751733899116516,0.935357928276062,0.8368843793869019,0.9261482954025269,0.8624545335769653,0.9557021856307983,0.9487348198890686,0.9585865139961243
157,1.0091632892466027,0.9058552384376526,0.8279117345809937,0.9395908713340759,0.9538781046867371,0.9333304762840271,1.0346671725658216,0.8537968993186951,0.7448914647102356,0.8754311203956604,0.9354555606842041,0.8372439742088318,0.9261482954025269,0.8624545335769653,0.9557021856307983,0.9487348198890686,0.9585865139961243
158,1.0021186182134476,0.9060577750205994,0.8282501697540283,0.9397206902503967,0.9540647864341736,0.9334350824356079,0.9582847219502744,0.8540692329406738,0.745306134223938,0.8756974935531616,0.9354953765869141,0.8376544713973999,0.9261482954025269,0.8624545335769653,0.9557021856307983,0.9487348198890686,0.9585865139961243
159,1.009329184117405,0.9062232971191406,0.8285268545150757,0.9398281574249268,0.9542028307914734,0.9335290789604187,1.007940187866374,0.8542253375053406,0.745543897151947,0.8758376240730286,0.935612142086029,0.8378094434738159,0.9261482954025269,0.8624545335769653,0.9557021856307983,0.9487348198890686,0.9585865139961243
160,1.006467091583675,0.9064711332321167,0.828941285610199,0.9399971961975098,0.9542920589447021,0.9337328672409058,1.0139148323739107,0.8543304800987244,0.7457040548324585,0.8759210705757141,0.9357735514640808,0.8378432989120483,0.9261482954025269,0.8624545335769653,0.9557021856307983,0.9487348198890686,0.9585865139961243
161,0.9982991659465449,0.9066518545150757,0.8292434811592102,0.9401121139526367,0.9544826745986938,0.9338144659996033,0.901016366823653,0.8546258211135864,0.7461543083190918,0.8762155771255493,0.9357727766036987,0.8383257389068604,0.9261482954025269,0.8624545335769653,0.9557021856307983,0.9487348198890686,0.9585865139961243
162,1.003778127192966,0.9068350195884705,0.8295499086380005,0.9402327537536621,0.9546180367469788,0.9339286684989929,0.9560799479917463,0.8548257350921631,0.7464590668678284,0.8764037489891052,0.935855507850647,0.8385809063911438,0.9261482954025269,0.8624545335769653,0.9557021856307983,0.9487348198890686,0.9585865139961243
163,1.0007869289610642,0.9070765376091003,0.829954206943512,0.9403992295265198,0.9547146558761597,0.9341259002685547,0.9678326515153665,0.8549864888191223,0.7467042803764343,0.8765473365783691,0.9359808564186096,0.8387361168861389,0.9261482954025269,0.8624545335769653,0.9557021856307983,0.9487348198890686,0.9585865139961243
164,1.0028336353614584,0.9072496294975281,0.8302441239356995,0.9405090808868408,0.9548988342285156,0.9342030882835388,0.9714376769535416,0.8552811145782471,0.7471539378166199,0.8768538236618042,0.9358800649642944,0.8393018245697021,0.9261482954025269,0.8624545335769653,0.9557021856307983,0.9487348198890686,0.9585865139961243
165,1.0137312535606835,0.9074424505233765,0.8305671215057373,0.9406418800354004,0.9549474716186523,0.93437260389328,1.0574051129016255,0.855350136756897,0.7472591400146484,0.8768961429595947,0.9360802173614502,0.8392436504364014,0.9261482954025269,0.8624545335769653,0.9557021856307983,0.9487348198890686,0.9585865139961243
166,1.0077959018283889,0.9076220393180847,0.830868124961853,0.9407612681388855,0.9550861120223999,0.9344836473464966,1.0541527224358969,0.8555395007133484,0.7475484013557434,0.8770999312400818,0.9359632730484009,0.8396514058113098,0.9261482954025269,0.8624545335769653,0.9557021856307983,0.9487348198890686,0.9585865139961243
167,1.0031084514325648,0.9078062772750854,0.8311769962310791,0.9408826231956482,0.9552329778671265,0.9345939755439758,0.9852654715504938,0.8558005690574646,0.7479469180107117,0.8773548007011414,0.935997724533081,0.8400465250015259,0.9261482954025269,0.8624545335769653,0.9557021856307983,0.9487348198890686,0.9585865139961243
168,1.0066806159486987,0.9080039262771606,0.8315083980560303,0.9410128593444824,0.9553788900375366,0.9347173571586609,1.0505680857665525,0.8560107350349426,0.7482681274414062,0.8775545358657837,0.9360678791999817,0.8403287529945374,0.9261482954025269,0.8624545335769653,0.9557021856307983,0.9487348198890686,0.9585865139961243
169,1.0006426986733652,0.9082270860671997,0.8318827152252197,0.9411624670028687,0.9555073976516724,0.9348762631416321,0.9763966104688058,0.8562163710594177,0.7485824227333069,0.8777469396591187,0.9361583590507507,0.8405861258506775,0.9261482954025269,0.8624545335769653,0.9557021856307983,0.9487348198890686,0.9585865139961243
170,1.0020781139916863,0.9084387421607971,0.8322378993034363,0.9413032531738281,0.9556549191474915,0.9350141882896423,1.0143688849893397,0.8564207553863525,0.7488950490951538,0.8779405355453491,0.936229944229126,0.840857207775116,0.9261482954025269,0.8624545335769653,0.9557021856307983,0.9487348198890686,0.9585865139961243
171,1.0042683558997285,0.9086622595787048,0.8326132297515869,0.9414499402046204,0.9558050632476807,0.935158908367157,1.035109369993001,0.8566219806671143,0.7492028474807739,0.8781399726867676,0.9362326264381409,0.841181755065918,0.9261482954025269,0.8624545335769653,0.9557021856307983,0.9487348198890686,0.9585865139961243
172,0.9992162755867111,0.9088648557662964,0.8329534530639648,0.9415841698646545,0.955951988697052,0.9352877140045166,0.9640709975942603,0.8567627668380737,0.7494181394577026,0.8782668709754944,0.93632972240448,0.8413277268409729,0.9261482954025269,0.8624545335769653,0.9557021856307983,0.9487348198890686,0.9585865139961243
173,0.9958034433674519,0.9090927243232727,0.833336353302002,0.9417358040809631,0.9560956954956055,0.9354427456855774,0.9304487586019796,0.856965959072113,0.7497291564941406,0.8784584403038025,0.9364065527915955,0.8415922522544861,0.9261482954025269,0.8624545335769653,0.9557021856307983,0.9487348198890686,0.9585865139961243
174,0.9976185095083518,0.9093032479286194,0.8336902260780334,0.941876232624054,0.9562444090843201,0.9355795979499817,0.9690784681957063,0.8571675419807434,0.7500377893447876,0.8786478042602539,0.93648761510849,0.8418504595756531,0.9261482954025269,0.8624545335769653,0.9557021856307983,0.9487348198890686,0.9585865139961243
175,0.9994099067819038,0.9095107316970825,0.8340392112731934,0.9420142769813538,0.9563887715339661,0.9357150793075562,0.98847790944423,0.857325553894043,0.7502798438072205,0.8787946701049805,0.9365631937980652,0.8420426249504089,0.9261482954025269,0.8624545335769653,0.9557021856307983,0.9487348198890686,0.9585865139961243
176,1.003845706778232,0.9097295999526978,0.8344073295593262,0.9421597123146057,0.9565301537513733,0.9358624219894409,1.0613560827390272,0.8575071096420288,0.7505579590797424,0.878964900970459,0.9366375207901001,0.8422739505767822,0.9261482954025269,0.8624545335769653,0.9557021856307983,0.9487348198890686,0.9585865139961243
177,0.9970587735818914,0.9099329113960266,0.8347495198249817,0.9422951936721802,0.9566868543624878,0.93598872423172,0.9824662526578414,0.8577340245246887,0.7509056329727173,0.8791837692260742,0.9366822838783264,0.8426036238670349,0.9261482954025269,0.8624545335769653,0.9557021856307983,0.9487348198890686,0.9585865139961243
178,0.9996207511630651,0.9101052284240723,0.8350396752357483,0.9424065351486206,0.9568384289741516,0.9360823035240173,0.94783761010268,0.8579130172729492,0.751180112361908,0.8793505430221558,0.9367635250091553,0.8428248167037964,0.9261482954025269,0.8624545335769653,0.9557021856307983,0.9487348198890686,0.9585865139961243
179,1.0010528204107818,0.9103037118911743,0.8353737592697144,0.9425384998321533,0.9569641351699829,0.9362169504165649,0.989462338469932,0.8581103086471558,0.7514826655387878,0.8795380592346191,0.9368234872817993,0.8430933952331543,0.9261482954025269,0.8624545335769653,0.9557021856307983,0.9487348198890686,0.9585865139961243
180,0.9972238927162191,0.9105022549629211,0.8357083201408386,0.9426723718643188,0.9570799469947815,0.9363589286804199,0.9434490310335284,0.8582186102867126,0.7516487836837769,0.8796318769454956,0.9369271397590637,0.8431810140609741,0.9261482954025269,0.8624545335769653,0.9557021856307983,0.9487348198890686,0.9585865139961243
181,0.9990450524855728,0.9106934666633606,0.8360304832458496,0.9427972435951233,0.9572304487228394,0.9364724159240723,0.9742375838594428,0.85838383436203,0.7519022822380066,0.8797911405563354,0.9369596242904663,0.8434208035469055,0.9261482954025269,0.8624545335769653,0.9557021856307983,0.9487348198890686,0.9585865139961243
182,1.002648749360726,0.9108943343162537,0.8363691568374634,0.9429305195808411,0.9573634266853333,0.9366058111190796,1.0400102359548657,0.8585404753684998,0.752142608165741,0.8799399733543396,0.9370056986808777,0.8436352014541626,0.9261482954025269,0.8624545335769653,0.9557021856307983,0.9487348198890686,0.9585865139961243
183,1.000416408439904,0.911098837852478,0.8367140293121338,0.9430671334266663,0.957499086856842,0.9367430806159973,1.030861100034122,0.8586971759796143,0.7523832321166992,0.8800877928733826,0.9370613098144531,0.8438416719436646,0.9261482954025269,0.8624545335769653,0.9557021856307983,0.9487348198890686,0.9585865139961243
184,1.0008390095382804,0.9113057851791382,0.837063193321228,0.9432063102722168,0.9576253294944763,0.9368880391120911,1.0396267263424055,0.8588797450065613,0.7526636123657227,0.8802527785301208,0.9371823072433472,0.8440345525741577,0.9261482954025269,0.8624545335769653,0.9557021856307983,0.9487348198890686,0.9585865139961243
185,1.0097873854305155,0.9114718437194824,0.8373433351516724,0.9433152079582214,0.9577513933181763,0.9369893074035645,1.1133312319386253,0.8590363264083862,0.7529042363166809,0.8803988099098206,0.9372504353523254,0.8442301154136658,0.9261482954025269,0.8624545335769653,0.9557021856307983,0.9487348198890686,0.9585865139961243
186,1.0046931563644077,0.9116394519805908,0.8376262784004211,0.9434242248535156,0.9578964114189148,0.9370826482772827,1.058684925474835,0.8592352271080017,0.7532098293304443,0.8805918097496033,0.9372770190238953,0.8445289731025696,0.9261482954025269,0.8624545335769653,0.9557021856307983,0.9487348198890686,0.9585865139961243
187,0.997044390394314,0.9118255376815796,0.8379406332969666,0.9435486197471619,0.9580045938491821,0.937214195728302,0.9299623894153246,0.8594101071357727,0.7534785866737366,0.8807473182678223,0.9374110102653503,0.8446982502937317,0.9261482954025269,0.8624545335769653,0.9557021856307983,0.9487348198890686,0.9585865139961243
188,1.0057299903535657,0.9120124578475952,0.838256299495697,0.9436724185943604,0.958131730556488,0.9373364448547363,1.0907999329895748,0.8595424294471741,0.7536820769309998,0.8808794617652893,0.9373987317085266,0.8449223041534424,0.9261482954025269,0.8624545335769653,0.9557021856307983,0.9487348198890686,0.9585865139961243
189,0.9947876737640458,0.9121698141098022,0.8385223150253296,0.9437732100486755,0.9582712650299072,0.9374200701713562,0.8717479862832365,0.8597352504730225,0.7539786100387573,0.881060779094696,0.937468409538269,0.8451747298240662,0.9261482954025269,0.8624545335769653,0.9557021856307983,0.9487348198890686,0.9585865139961243
190,1.0002842125806666,0.912360668182373,0.8388448357582092,0.9439010620117188,0.9583920836448669,0.9375512599945068,1.027371187293288,0.8598037362098694,0.7540839314460754,0.8811227083206177,0.9375128746032715,0.8452476263046265,0.9261482954025269,0.8624545335769653,0.9557021856307983,0.9487348198890686,0.9585865139961243
191,0.9973934452586621,0.9125452637672424,0.8391570448875427,0.9440257549285889,0.9584920406341553,0.9376869201660156,0.9541547091226092,0.8599206209182739,0.7542638182640076,0.8812288045883179,0.9375856518745422,0.8453749418258667,0.9261482954025269,0.8624545335769653,0.9557021856307983,0.9487348198890686,0.9585865139961243
192,1.0038937661588783,0.9127134680747986,0.8394415378570557,0.9441347122192383,0.9586215615272522,0.9377866387367249,1.029339879808167,0.8601222038269043,0.7545741200447083,0.881427526473999,0.9375854134559631,0.8457003831863403,0.9261482954025269,0.8624545335769653,0.9557021856307983,0.9487348198890686,0.9585865139961243
193,0.9975148045925366,0.9128748774528503,0.8397146463394165,0.9442418217658997,0.9587478041648865,0.9378855228424072,0.9663379307539934,0.8602518439292908,0.7547736763954163,0.8815484642982483,0.9376396536827087,0.8458636403083801,0.9261482954025269,0.8624545335769653,0.9557021856307983,0.9487348198890686,0.9585865139961243
194,1.0045851915645443,0.9130750894546509,0.8400534391403198,0.944376528263092,0.9588524103164673,0.9380334615707397,1.095332104601129,0.8603644967079163,0.7549471855163574,0.8816474676132202,0.937734842300415,0.8459650278091431,0.9261482954025269,0.8624545335769653,0.9557021856307983,0.9487348198890686,0.9585865139961243
195,1.0070112912633782,0.9132111072540283,0.8402838706970215,0.9444628953933716,0.9589880704879761,0.938098132610321,1.0621628456601435,0.8605375289916992,0.7552136182785034,0.8818105459213257,0.9377928376197815,0.8461949229240417,0.9261482954025269,0.8624545335769653,0.9557021856307983,0.9487348198890686,0.9585865139961243
196,1.0032611296695677,0.9133774638175964,0.84056556224823,0.944573163986206,0.9591144323348999,0.938201367855072,1.0699554278208212,0.8607110977172852,0.755480945110321,0.8819739818572998,0.93785160779953,0.8464249968528748,0.9261482954025269,0.8624545335769653,0.9557021856307983,0.9487348198890686,0.9585865139961243
197,1.0053844812688664,0.9135436415672302,0.8408470749855042,0.944682240486145,0.9592326879501343,0.9383065104484558,1.0746667225007709,0.8608396649360657,0.755679190158844,0.8820924758911133,0.9379159808158875,0.8465779423713684,0.9261482954025269,0.8624545335769653,0.9557021856307983,0.9487348198890686,0.9585865139961243
198,0.9951895100863103,0.9137185215950012,0.8411433696746826,0.9447978138923645,0.9593390226364136,0.9384258985519409,0.9068332431217188,0.8609026074409485,0.7557762265205383,0.8821451663970947,0.9379898309707642,0.8466172218322754,0.9261482954025269,0.8624545335769653,0.9557021856307983,0.9487348198890686,0.9585865139961243
199,1.0059271464868487,0.9138897061347961,0.841433584690094,0.9449107050895691,0.959459662437439,0.9385354518890381,1.1068237614808423,0.8609647154808044,0.7558718919754028,0.882198691368103,0.9380502104759216,0.8466663360595703,0.9261482954025269,0.8624545335769653,0.9557021856307983,0.9487348198890686,0.9585865139961243
