,train_loss,train_dice,train_iou,train_acc,train_sens,train_spec,val_loss,val_dice,val_iou,val_acc,val_sens,val_spec,test_dice,test_iou,test_acc,test_sens,test_spec
0,0.27151756784141395,0.09636709839105606,0.050623487681150436,0.878382682800293,0.07568337768316269,0.9536083340644836,0.27151756784141395,0.0,0.0,0.90948486328125,0.0,1.0,0.0,0.0,0.9141693115234375,0.0,1.0
1,0.2463259539054094,0.05889970064163208,0.030343731865286827,0.8963837623596191,0.03785727918148041,0.9768050312995911,0.2463259539054094,0.0,0.0,0.90948486328125,0.0,1.0,0.0,0.0,0.9141693115234375,0.0,1.0
2,0.21640322343326387,0.042388465255498886,0.021653292700648308,0.9023310542106628,0.025226013734936714,0.9845359921455383,0.21640322343326387,0.0,0.0,0.90948486328125,0.0,1.0,0.0,0.0,0.9141693115234375,0.0,1.0
3,0.18417181468772373,0.03310250863432884,0.01682989113032818,0.905289888381958,0.018911687657237053,0.9884015321731567,0.18417181468772373,0.0,0.0,0.90948486328125,0.0,1.0,0.0,0.0,0.9141693115234375,0.0,1.0
4,0.15909679684017197,0.02715519443154335,0.01376454159617424,0.9070695638656616,0.015126371756196022,0.9907210469245911,0.15909679684017197,0.0,0.0,0.90948486328125,0.0,1.0,0.0,0.0,0.9141693115234375,0.0,1.0
5,0.14554276156825635,0.02302243933081627,0.011645311489701271,0.9082682728767395,0.0126054547727108,0.9922675490379333,0.14554276156825635,0.0,0.0,0.90948486328125,0.0,1.0,0.0,0.0,0.9141693115234375,0.0,1.0
6,0.14043056893313718,0.019978435710072517,0.010090039111673832,0.9091104865074158,0.010802996344864368,0.9933720827102661,0.14043056893313718,0.0,0.0,0.90948486328125,0.0,1.0,0.0,0.0,0.9141693115234375,0.0,1.0
7,0.13903428551109856,0.017648380249738693,0.008902772329747677,0.9097577333450317,0.009453240782022476,0.9942006468772888,0.13903428551109856,0.0,0.0,0.90948486328125,0.0,1.0,0.0,0.0,0.9141693115234375,0.0,1.0
8,0.1387145127305092,0.015802782028913498,0.007964338175952435,0.9102480411529541,0.00840202160179615,0.9948449730873108,0.1387145127305092,0.0,0.0,0.90948486328125,0.0,1.0,0.0,0.0,0.9141693115234375,0.0,1.0
9,0.13864666038841902,0.014307958073914051,0.007205542176961899,0.9106485247612,0.007561932783573866,0.9953604936599731,0.13864666038841902,0.0,0.0,0.90948486328125,0.0,1.0,0.0,0.0,0.9141693115234375,0.0,1.0
10,0.13863313029486551,0.013072197325527668,0.0065791127271950245,0.9109811186790466,0.006874957587569952,0.9957822561264038,0.13863313029486551,0.0,0.0,0.90948486328125,0.0,1.0,0.0,0.0,0.9141693115234375,0.0,1.0
11,0.13863035488637834,0.012030809186398983,0.006051819771528244,0.9112424254417419,0.006301243789494038,0.9961336851119995,0.13863035488637834,0.0,0.0,0.90948486328125,0.0,1.0,0.0,0.0,0.9141693115234375,0.0,1.0
12,0.13862964830478383,0.011143786832690239,0.005603122524917126,0.911469042301178,0.005816280841827393,0.9964311122894287,0.13862964830478383,0.0,0.0,0.90948486328125,0.0,1.0,0.0,0.0,0.9141693115234375,0.0,1.0
13,0.13862948671528624,0.010378644801676273,0.005216400139033794,0.911663830280304,0.005400666035711765,0.9966859817504883,0.13862948671528624,0.0,0.0,0.90948486328125,0.0,1.0,0.0,0.0,0.9141693115234375,0.0,1.0
14,0.1386294493909084,0.009712024591863155,0.004879714921116829,0.9118344783782959,0.005040595307946205,0.9969069361686707,0.1386294493909084,0.0,0.0,0.90948486328125,0.0,1.0,0.0,0.0,0.9141693115234375,0.0,1.0
15,0.13862944016518536,0.009125299751758575,0.004583569243550301,0.9119782447814941,0.004725231323391199,0.9971002340316772,0.13862944016518536,0.0,0.0,0.90948486328125,0.0,1.0,0.0,0.0,0.9141693115234375,0.0,1.0
16,0.13862943751331366,0.008606511168181896,0.00432185921818018,0.912116289138794,0.004447584040462971,0.9972708225250244,0.13862943751331366,0.0,0.0,0.90948486328125,0.0,1.0,0.0,0.0,0.9141693115234375,0.0,1.0
17,0.1386294366894037,0.008143234997987747,0.004088268149644136,0.912235677242279,0.00420059310272336,0.9974225163459778,0.1386294366894037,0.0,0.0,0.90948486328125,0.0,1.0,0.0,0.0,0.9141693115234375,0.0,1.0
18,0.1386294363152941,0.0077273910865187645,0.003878686111420393,0.9123436808586121,0.003979647532105446,0.997558057308197,0.1386294363152941,0.0,0.0,0.90948486328125,0.0,1.0,0.0,0.0,0.9141693115234375,0.0,1.0
19,0.1386294361599532,0.007352102547883987,0.0036896185483783484,0.9124428033828735,0.003780861385166645,0.9976803064346313,0.1386294361599532,0.0,0.0,0.90948486328125,0.0,1.0,0.0,0.0,0.9141693115234375,0.0,1.0
20,0.13862943614665998,0.007011559791862965,0.003518117358908057,0.9125320911407471,0.0036009796895086765,0.9977907538414001,0.13862943614665998,0.0,0.0,0.90948486328125,0.0,1.0,0.0,0.0,0.9141693115234375,0.0,1.0
21,0.13862943611866282,0.006700986064970493,0.003361759940162301,0.9126109480857849,0.003437341656535864,0.9978910684585571,0.13862943611866282,0.0,0.0,0.90948486328125,0.0,1.0,0.0,0.0,0.9141693115234375,0.0,1.0
22,0.13862943611730638,0.006416713818907738,0.0032186866737902164,0.9126822352409363,0.0032879053615033627,0.9979828000068665,0.13862943611730638,0.0,0.0,0.90948486328125,0.0,1.0,0.0,0.0,0.9141693115234375,0.0,1.0
23,0.1386294361122604,0.006155634298920631,0.0030873222276568413,0.9127485156059265,0.0031509504187852144,0.9980669021606445,0.1386294361122604,0.0,0.0,0.90948486328125,0.0,1.0,0.0,0.0,0.9141693115234375,0.0,1.0
24,0.13862943611242315,0.005914804991334677,0.0029661771841347218,0.9128069877624512,0.003024862613528967,0.9981442093849182,0.13862943611242315,0.0,0.0,0.90948486328125,0.0,1.0,0.0,0.0,0.9141693115234375,0.0,1.0
25,0.13862943611198905,0.005691926926374435,0.002854088554158807,0.9128580689430237,0.0029083816334605217,0.9982154965400696,0.13862943611198905,0.0,0.0,0.90948486328125,0.0,1.0,0.0,0.0,0.9141693115234375,0.0,1.0
26,0.13862943611198905,0.005485653877258301,0.0027503729797899723,0.912912130355835,0.0028007570654153824,0.998281717300415,0.13862943611198905,0.0,0.0,0.90948486328125,0.0,1.0,0.0,0.0,0.9141693115234375,0.0,1.0
27,0.13862943611198905,0.005293651483952999,0.002653852105140686,0.9129597544670105,0.0027007318567484617,0.9983430504798889,0.13862943611198905,0.0,0.0,0.90948486328125,0.0,1.0,0.0,0.0,0.9141693115234375,0.0,1.0
28,0.13862943611198905,0.00511453952640295,0.0025638279039412737,0.9130024313926697,0.0026075548958033323,0.9984002113342285,0.13862943611198905,0.0,0.0,0.90948486328125,0.0,1.0,0.0,0.0,0.9141693115234375,0.0,1.0
29,0.13862943611198905,0.004947061184793711,0.0024796659126877785,0.9130406975746155,0.0025205460842698812,0.9984534978866577,0.13862943611198905,0.0,0.0,0.90948486328125,0.0,1.0,0.0,0.0,0.9141693115234375,0.0,1.0
30,0.13862943611198905,0.004790338221937418,0.0024009214248508215,0.9130788445472717,0.0024392264895141125,0.9985033273696899,0.13862943611198905,0.0,0.0,0.90948486328125,0.0,1.0,0.0,0.0,0.9141693115234375,0.0,1.0
31,0.13862943611198905,0.004643232561647892,0.0023270202800631523,0.9131145477294922,0.002362985862419009,0.9985501766204834,0.13862943611198905,0.0,0.0,0.90948486328125,0.0,1.0,0.0,0.0,0.9141693115234375,0.0,1.0
32,0.13862943611198905,0.004504850599914789,0.002257511718198657,0.9131472706794739,0.0022913452703505754,0.9985940456390381,0.13862943611198905,0.0,0.0,0.90948486328125,0.0,1.0,0.0,0.0,0.9141693115234375,0.0,1.0
33,0.13862943611198905,0.004374443553388119,0.0021920176222920418,0.9131773710250854,0.002223902614787221,0.998635470867157,0.13862943611198905,0.0,0.0,0.90948486328125,0.0,1.0,0.0,0.0,0.9141693115234375,0.0,1.0
34,0.13862943611198905,0.004251427017152309,0.002130242995917797,0.9132068157196045,0.0021603438071906567,0.9986744523048401,0.13862943611198905,0.0,0.0,0.90948486328125,0.0,1.0,0.0,0.0,0.9141693115234375,0.0,1.0
35,0.13862943611198905,0.004135224036872387,0.002071897266432643,0.9132363796234131,0.0021003608126193285,0.9987112879753113,0.13862943611198905,0.0,0.0,0.90948486328125,0.0,1.0,0.0,0.0,0.9141693115234375,0.0,1.0
36,0.13862943611198905,0.004025159403681755,0.00201663956977427,0.9132634997367859,0.002043595304712653,0.9987460970878601,0.13862943611198905,0.0,0.0,0.90948486328125,0.0,1.0,0.0,0.0,0.9141693115234375,0.0,1.0
37,0.13862943611198905,0.003920734394341707,0.0019642189145088196,0.9132875204086304,0.001989782555028796,0.9987790584564209,0.13862943611198905,0.0,0.0,0.90948486328125,0.0,1.0,0.0,0.0,0.9141693115234375,0.0,1.0
38,0.13862943611198905,0.003821462392807007,0.001914390129968524,0.9133074879646301,0.0019386651692911983,0.9988104104995728,0.13862943611198905,0.0,0.0,0.90948486328125,0.0,1.0,0.0,0.0,0.9141693115234375,0.0,1.0
39,0.13862943611198905,0.0037274325732141733,0.0018671972211450338,0.9133342504501343,0.0018902829615399241,0.9988400340080261,0.13862943611198905,0.0,0.0,0.90948486328125,0.0,1.0,0.0,0.0,0.9141693115234375,0.0,1.0
40,0.13862943611198905,0.0036376339849084616,0.0018221320351585746,0.9133530855178833,0.0018441103165969253,0.9988684058189392,0.13862943611198905,0.0,0.0,0.90948486328125,0.0,1.0,0.0,0.0,0.9141693115234375,0.0,1.0
41,0.13862943611198905,0.003552204929292202,0.0017792634898796678,0.9133744239807129,0.0018002138240262866,0.9988952875137329,0.13862943611198905,0.0,0.0,0.90948486328125,0.0,1.0,0.0,0.0,0.9141693115234375,0.0,1.0
42,0.13862943611198905,0.003470679512247443,0.0017383572412654757,0.9133943915367126,0.0017583499429747462,0.9989210367202759,0.13862943611198905,0.0,0.0,0.90948486328125,0.0,1.0,0.0,0.0,0.9141693115234375,0.0,1.0
43,0.13862943611198905,0.00339273689314723,0.0016992519376799464,0.913411557674408,0.0017183502204716206,0.9989455938339233,0.13862943611198905,0.0,0.0,0.90948486328125,0.0,1.0,0.0,0.0,0.9141693115234375,0.0,1.0
44,0.13862943611198905,0.0033182231709361076,0.0016618696972727776,0.9134280681610107,0.0016801324672996998,0.9989690184593201,0.13862943611198905,0.0,0.0,0.90948486328125,0.0,1.0,0.0,0.0,0.9141693115234375,0.0,1.0
45,0.13862943611198905,0.0032469825819134712,0.0016261321725323796,0.9134456515312195,0.0016436137957498431,0.9989913105964661,0.13862943611198905,0.0,0.0,0.90948486328125,0.0,1.0,0.0,0.0,0.9141693115234375,0.0,1.0
46,0.13862943611198905,0.003178755519911647,0.001591908629052341,0.9134631752967834,0.0016086583491414785,0.9990128874778748,0.13862943611198905,0.0,0.0,0.90948486328125,0.0,1.0,0.0,0.0,0.9141693115234375,0.0,1.0
47,0.13862943611198905,0.0031132716685533524,0.0015590634429827332,0.9134780764579773,0.001575125614181161,0.9990334510803223,0.13862943611198905,0.0,0.0,0.90948486328125,0.0,1.0,0.0,0.0,0.9141693115234375,0.0,1.0
48,0.13862943611198905,0.0030504956375807524,0.0015275784535333514,0.9134941697120667,0.0015429952181875706,0.9990531802177429,0.13862943611198905,0.0,0.0,0.90948486328125,0.0,1.0,0.0,0.0,0.9141693115234375,0.0,1.0
49,0.13862943611198905,0.002990224864333868,0.001497351797297597,0.913510262966156,0.0015121615724638104,0.9990720152854919,0.13862943611198905,0.0,0.0,0.90948486328125,0.0,1.0,0.0,0.0,0.9141693115234375,0.0,1.0
50,0.13862943611198905,0.0029322479385882616,0.0014682771870866418,0.9135245680809021,0.001482514664530754,0.9990901947021484,0.13862943611198905,0.0,0.0,0.90948486328125,0.0,1.0,0.0,0.0,0.9141693115234375,0.0,1.0
51,0.13862943611198905,0.00287654553540051,0.0014403450768440962,0.9135404229164124,0.001454043434932828,0.9991077780723572,0.13862943611198905,0.0,0.0,0.90948486328125,0.0,1.0,0.0,0.0,0.9141693115234375,0.0,1.0
52,0.13862943611198905,0.0028227961156517267,0.0014133935328572989,0.9135518074035645,0.001426581759005785,0.9991246461868286,0.13862943611198905,0.0,0.0,0.90948486328125,0.0,1.0,0.0,0.0,0.9141693115234375,0.0,1.0
53,0.13862943611198905,0.002771031344309449,0.00138743850402534,0.9135631918907166,0.0014001446543261409,0.999140739440918,0.13862943611198905,0.0,0.0,0.90948486328125,0.0,1.0,0.0,0.0,0.9141693115234375,0.0,1.0
54,0.13862943611198905,0.0027211694978177547,0.0013624390121549368,0.9135754704475403,0.0013746893964707851,0.9991564750671387,0.13862943611198905,0.0,0.0,0.90948486328125,0.0,1.0,0.0,0.0,0.9141693115234375,0.0,1.0
55,0.13862943611198905,0.002673071576282382,0.0013383249752223492,0.9135872721672058,0.0013501436915248632,0.9991714954376221,0.13862943611198905,0.0,0.0,0.90948486328125,0.0,1.0,0.0,0.0,0.9141693115234375,0.0,1.0
56,0.13862943611198905,0.0026265783235430717,0.0013150166487321258,0.913596510887146,0.0013264254666864872,0.9991860389709473,0.13862943611198905,0.0,0.0,0.90948486328125,0.0,1.0,0.0,0.0,0.9141693115234375,0.0,1.0
57,0.13862943611198905,0.002581765642389655,0.0012925517512485385,0.9136084318161011,0.0013035725569352508,0.9991999864578247,0.13862943611198905,0.0,0.0,0.90948486328125,0.0,1.0,0.0,0.0,0.9141693115234375,0.0,1.0
58,0.13862943611198905,0.002538444008678198,0.0012708354042842984,0.9136195182800293,0.001281487406231463,0.9992136359214783,0.13862943611198905,0.0,0.0,0.90948486328125,0.0,1.0,0.0,0.0,0.9141693115234375,0.0,1.0
59,0.13862943611198905,0.002496585948392749,0.0012498536380007863,0.9136314988136292,0.0012601553462445736,0.9992267489433289,0.13862943611198905,0.0,0.0,0.90948486328125,0.0,1.0,0.0,0.0,0.9141693115234375,0.0,1.0
60,0.13862943611198905,0.0024560734163969755,0.0012295470805838704,0.9136425852775574,0.0012395153753459454,0.999239444732666,0.13862943611198905,0.0,0.0,0.90948486328125,0.0,1.0,0.0,0.0,0.9141693115234375,0.0,1.0
61,0.13862943611198905,0.002416810253635049,0.0012098675360903144,0.9136517643928528,0.0012195181334391236,0.9992517232894897,0.13862943611198905,0.0,0.0,0.90948486328125,0.0,1.0,0.0,0.0,0.9141693115234375,0.0,1.0
62,0.13862943611198905,0.002378814620897174,0.0011908240849152207,0.9136617183685303,0.0012001721188426018,0.9992635846138,0.13862943611198905,0.0,0.0,0.90948486328125,0.0,1.0,0.0,0.0,0.9141693115234375,0.0,1.0
63,0.13862943611198905,0.0023419256322085857,0.0011723359348252416,0.9136688709259033,0.0011813947930932045,0.9992750883102417,0.13862943611198905,0.0,0.0,0.90948486328125,0.0,1.0,0.0,0.0,0.9141693115234375,0.0,1.0
64,0.13862943611198905,0.0023062557447701693,0.001154459547251463,0.9136792421340942,0.001163243199698627,0.9992862343788147,0.13862943611198905,0.0,0.0,0.90948486328125,0.0,1.0,0.0,0.0,0.9141693115234375,0.0,1.0
65,0.13862943611198905,0.002271622885018587,0.0011371034197509289,0.9136880040168762,0.001145623973570764,0.999297022819519,0.13862943611198905,0.0,0.0,0.90948486328125,0.0,1.0,0.0,0.0,0.9141693115234375,0.0,1.0
66,0.13862943611198905,0.002238005166873336,0.0011202566092833877,0.9136961698532104,0.0011285255895927548,0.9993074536323547,0.13862943611198905,0.0,0.0,0.90948486328125,0.0,1.0,0.0,0.0,0.9141693115234375,0.0,1.0
67,0.13862943611198905,0.002205397468060255,0.0011039163218811154,0.9137052893638611,0.0011119450209662318,0.9993176460266113,0.13862943611198905,0.0,0.0,0.90948486328125,0.0,1.0,0.0,0.0,0.9141693115234375,0.0,1.0
68,0.13862943611198905,0.002173696644604206,0.0010880312183871865,0.9137129187583923,0.0010958296479657292,0.9993276000022888,0.13862943611198905,0.0,0.0,0.90948486328125,0.0,1.0,0.0,0.0,0.9141693115234375,0.0,1.0
69,0.13862943611198905,0.0021428854670375586,0.0010725922184064984,0.9137200117111206,0.0010801702737808228,0.9993371963500977,0.13862943611198905,0.0,0.0,0.90948486328125,0.0,1.0,0.0,0.0,0.9141693115234375,0.0,1.0
70,0.13862943611198905,0.002112959511578083,0.00105759734287858,0.913727879524231,0.0010649642208591104,0.9993466138839722,0.13862943611198905,0.0,0.0,0.90948486328125,0.0,1.0,0.0,0.0,0.9141693115234375,0.0,1.0
71,0.13862943611198905,0.00208388757891953,0.0010430308757349849,0.9137366414070129,0.0010501955403015018,0.9993555545806885,0.13862943611198905,0.0,0.0,0.90948486328125,0.0,1.0,0.0,0.0,0.9141693115234375,0.0,1.0
72,0.13862943611198905,0.0020555779337882996,0.0010288467165082693,0.9137441515922546,0.0010358172003179789,0.9993643760681152,0.13862943611198905,0.0,0.0,0.90948486328125,0.0,1.0,0.0,0.0,0.9141693115234375,0.0,1.0
73,0.13862943611198905,0.0020279763266444206,0.001015017624013126,0.9137492775917053,0.001021801377646625,0.9993729591369629,0.13862943611198905,0.0,0.0,0.90948486328125,0.0,1.0,0.0,0.0,0.9141693115234375,0.0,1.0
74,0.13862943611198905,0.002001159591600299,0.0010015822481364012,0.9137566089630127,0.0010081869550049305,0.9993814826011658,0.13862943611198905,0.0,0.0,0.90948486328125,0.0,1.0,0.0,0.0,0.9141693115234375,0.0,1.0
75,0.13862943611198905,0.0019750166684389114,0.0009884847095236182,0.9137625694274902,0.0009949172381311655,0.9993894696235657,0.13862943611198905,0.0,0.0,0.90948486328125,0.0,1.0,0.0,0.0,0.9141693115234375,0.0,1.0
76,0.13862943611198905,0.001949536264874041,0.0009757194784469903,0.9137678146362305,0.0009819865226745605,0.9993973970413208,0.13862943611198905,0.0,0.0,0.90948486328125,0.0,1.0,0.0,0.0,0.9141693115234375,0.0,1.0
77,0.13862943611198905,0.0019247251329943538,0.0009632898727431893,0.9137738347053528,0.0009693976608105004,0.9994051456451416,0.13862943611198905,0.0,0.0,0.90948486328125,0.0,1.0,0.0,0.0,0.9141693115234375,0.0,1.0
78,0.13862943611198905,0.0019005065551027656,0.0009511573589406908,0.9137783646583557,0.0009571118280291557,0.9994126558303833,0.13862943611198905,0.0,0.0,0.90948486328125,0.0,1.0,0.0,0.0,0.9141693115234375,0.0,1.0
79,0.13862943611198905,0.0018769488669931889,0.0009393562795594335,0.913785457611084,0.0009451634250581264,0.9994199872016907,0.13862943611198905,0.0,0.0,0.90948486328125,0.0,1.0,0.0,0.0,0.9141693115234375,0.0,1.0
80,0.13862943611198905,0.001853956957347691,0.0009278388461098075,0.9137918949127197,0.0009335040231235325,0.9994272589683533,0.13862943611198905,0.0,0.0,0.90948486328125,0.0,1.0,0.0,0.0,0.9141693115234375,0.0,1.0
81,0.13862943611198905,0.0018315000925213099,0.0009165896917693317,0.9137970805168152,0.0009221179061569273,0.9994341731071472,0.13862943611198905,0.0,0.0,0.90948486328125,0.0,1.0,0.0,0.0,0.9141693115234375,0.0,1.0
82,0.13862943611198905,0.0018095937557518482,0.0009056164999492466,0.9138028025627136,0.0009110128157772124,0.9994410872459412,0.13862943611198905,0.0,0.0,0.90948486328125,0.0,1.0,0.0,0.0,0.9141693115234375,0.0,1.0
83,0.13862943611198905,0.0017881791573017836,0.000894889933988452,0.9138070940971375,0.0009001587750390172,0.9994476437568665,0.13862943611198905,0.0,0.0,0.90948486328125,0.0,1.0,0.0,0.0,0.9141693115234375,0.0,1.0
84,0.13862943611198905,0.0017672672402113676,0.0008844153489917517,0.913811445236206,0.0008895612554624677,0.999454140663147,0.13862943611198905,0.0,0.0,0.90948486328125,0.0,1.0,0.0,0.0,0.9141693115234375,0.0,1.0
85,0.13862943611198905,0.0017468496225774288,0.00087418855400756,0.9138162136077881,0.0008792157750576735,0.9994605779647827,0.13862943611198905,0.0,0.0,0.90948486328125,0.0,1.0,0.0,0.0,0.9141693115234375,0.0,1.0
86,0.13862943611198905,0.0017269236268475652,0.000864208210259676,0.9138221144676208,0.0008691209950484335,0.9994667768478394,0.13862943611198905,0.0,0.0,0.90948486328125,0.0,1.0,0.0,0.0,0.9141693115234375,0.0,1.0
87,0.13862943611198905,0.001707419753074646,0.0008544395677745342,0.9138265252113342,0.0008592415833845735,0.9994727373123169,0.13862943611198905,0.0,0.0,0.90948486328125,0.0,1.0,0.0,0.0,0.9141693115234375,0.0,1.0
88,0.13862943611198905,0.0016883445205166936,0.0008448857115581632,0.9138304591178894,0.0008495806250721216,0.9994787573814392,0.13862943611198905,0.0,0.0,0.90948486328125,0.0,1.0,0.0,0.0,0.9141693115234375,0.0,1.0
89,0.13862943611198905,0.0016697192331776023,0.0008355574100278318,0.9138357639312744,0.0008401489467360079,0.9994844794273376,0.13862943611198905,0.0,0.0,0.90948486328125,0.0,1.0,0.0,0.0,0.9141693115234375,0.0,1.0
90,0.13862943611198905,0.0016514913877472281,0.0008264282951131463,0.9138404726982117,0.0008309197728522122,0.9994902014732361,0.13862943611198905,0.0,0.0,0.90948486328125,0.0,1.0,0.0,0.0,0.9141693115234375,0.0,1.0
91,0.13862943611198905,0.0016336656408384442,0.0008175007533282042,0.9138455390930176,0.0008218954899348319,0.9994957447052002,0.13862943611198905,0.0,0.0,0.90948486328125,0.0,1.0,0.0,0.0,0.9141693115234375,0.0,1.0
92,0.13862943611198905,0.0016161797102540731,0.0008087435853667557,0.9138482809066772,0.0008130443748086691,0.99950110912323,0.13862943611198905,0.0,0.0,0.90948486328125,0.0,1.0,0.0,0.0,0.9141693115234375,0.0,1.0
93,0.13862943611198905,0.0015990687534213066,0.0008001743699423969,0.9138513207435608,0.0008043842972256243,0.9995064735412598,0.13862943611198905,0.0,0.0,0.90948486328125,0.0,1.0,0.0,0.0,0.9141693115234375,0.0,1.0
94,0.13862943611198905,0.0015823356807231903,0.0007917945040389895,0.9138551950454712,0.0007959164795465767,0.9995115995407104,0.13862943611198905,0.0,0.0,0.90948486328125,0.0,1.0,0.0,0.0,0.9141693115234375,0.0,1.0
95,0.13862943611198905,0.001565951737575233,0.0007835896103642881,0.9138591885566711,0.000787626369856298,0.9995166659355164,0.13862943611198905,0.0,0.0,0.90948486328125,0.0,1.0,0.0,0.0,0.9141693115234375,0.0,1.0
96,0.13862943611198905,0.0015498906141147017,0.0007755464757792652,0.9138624668121338,0.0007795005803927779,0.9995217323303223,0.13862943611198905,0.0,0.0,0.90948486328125,0.0,1.0,0.0,0.0,0.9141693115234375,0.0,1.0
97,0.13862943611198905,0.001534152077510953,0.0007676650420762599,0.9138653874397278,0.0007715389947406948,0.9995265603065491,0.13862943611198905,0.0,0.0,0.90948486328125,0.0,1.0,0.0,0.0,0.9141693115234375,0.0,1.0
98,0.13862943611198905,0.0015187631361186504,0.0007599588134326041,0.9138701558113098,0.0007637552334927022,0.9995313286781311,0.13862943611198905,0.0,0.0,0.90948486328125,0.0,1.0,0.0,0.0,0.9141693115234375,0.0,1.0
99,0.13862943611198905,0.0015036865370348096,0.0007524091633968055,0.9138752818107605,0.0007561303209513426,0.9995360970497131,0.13862943611198905,0.0,0.0,0.90948486328125,0.0,1.0,0.0,0.0,0.9141693115234375,0.0,1.0
100,0.13862943611198905,0.0014888918958604336,0.000745000725146383,0.91387939453125,0.0007486487738788128,0.9995406866073608,0.13862943611198905,0.0,0.0,0.90948486328125,0.0,1.0,0.0,0.0,0.9141693115234375,0.0,1.0
101,0.13862943611198905,0.0014743802603334188,0.0007377341389656067,0.9138830304145813,0.000741311174351722,0.9995450973510742,0.13862943611198905,0.0,0.0,0.90948486328125,0.0,1.0,0.0,0.0,0.9141693115234375,0.0,1.0
102,0.13862943611198905,0.0014601610600948334,0.0007306141196750104,0.9138874411582947,0.0007341222953982651,0.9995495080947876,0.13862943611198905,0.0,0.0,0.90948486328125,0.0,1.0,0.0,0.0,0.9141693115234375,0.0,1.0
103,0.13862943611198905,0.0014461914543062449,0.0007236191304400563,0.9138904809951782,0.0007270603091455996,0.999553918838501,0.13862943611198905,0.0,0.0,0.90948486328125,0.0,1.0,0.0,0.0,0.9141693115234375,0.0,1.0
104,0.13862943611198905,0.0014325008960440755,0.0007167639560066164,0.9138942360877991,0.0007201401167549193,0.9995580911636353,0.13862943611198905,0.0,0.0,0.90948486328125,0.0,1.0,0.0,0.0,0.9141693115234375,0.0,1.0
105,0.13862943611198905,0.0014190460788086057,0.0007100269431248307,0.9138966798782349,0.0007133397739380598,0.9995622634887695,0.13862943611198905,0.0,0.0,0.90948486328125,0.0,1.0,0.0,0.0,0.9141693115234375,0.0,1.0
106,0.13862943611198905,0.0014058590168133378,0.0007034240989014506,0.9139001369476318,0.0007066754624247551,0.999566376209259,0.13862943611198905,0.0,0.0,0.90948486328125,0.0,1.0,0.0,0.0,0.9141693115234375,0.0,1.0
107,0.13862943611198905,0.0013929057167842984,0.0006969383684918284,0.913902997970581,0.0007001299527473748,0.999570369720459,0.13862943611198905,0.0,0.0,0.90948486328125,0.0,1.0,0.0,0.0,0.9141693115234375,0.0,1.0
108,0.13862943611198905,0.0013801805907860398,0.0006905669579282403,0.9139052033424377,0.0006937002763152122,0.9995743036270142,0.13862943611198905,0.0,0.0,0.90948486328125,0.0,1.0,0.0,0.0,0.9141693115234375,0.0,1.0
109,0.13862943611198905,0.0013676970265805721,0.0006843166192993522,0.9139081835746765,0.0006873933016322553,0.9995782971382141,0.13862943611198905,0.0,0.0,0.90948486328125,0.0,1.0,0.0,0.0,0.9141693115234375,0.0,1.0
110,0.13862943611198905,0.0013554542092606425,0.0006781868869438767,0.9139121174812317,0.0006812086212448776,0.9995819926261902,0.13862943611198905,0.0,0.0,0.90948486328125,0.0,1.0,0.0,0.0,0.9141693115234375,0.0,1.0
111,0.13862943611198905,0.0013434139546006918,0.0006721586105413735,0.9139150977134705,0.000675126735586673,0.9995858073234558,0.13862943611198905,0.0,0.0,0.90948486328125,0.0,1.0,0.0,0.0,0.9141693115234375,0.0,1.0
112,0.13862943611198905,0.0013315781252458692,0.0006662327796220779,0.9139174818992615,0.0006691486923955381,0.9995894432067871,0.13862943611198905,0.0,0.0,0.90948486328125,0.0,1.0,0.0,0.0,0.9141693115234375,0.0,1.0
113,0.13862943611198905,0.0013199421809986234,0.0006604070658795536,0.9139193296432495,0.0006632721051573753,0.9995930194854736,0.13862943611198905,0.0,0.0,0.90948486328125,0.0,1.0,0.0,0.0,0.9141693115234375,0.0,1.0
114,0.13862943611198905,0.0013085100799798965,0.0006546835065819323,0.9139214158058167,0.0006574990111403167,0.9995965957641602,0.13862943611198905,0.0,0.0,0.90948486328125,0.0,1.0,0.0,0.0,0.9141693115234375,0.0,1.0
115,0.13862943611198905,0.001297282986342907,0.0006490626255981624,0.9139239192008972,0.0006518298760056496,0.9995999932289124,0.13862943611198905,0.0,0.0,0.90948486328125,0.0,1.0,0.0,0.0,0.9141693115234375,0.0,1.0
116,0.13862943611198905,0.0012862663716077805,0.0006435471586883068,0.9139277935028076,0.0006462674937210977,0.9996035099029541,0.13862943611198905,0.0,0.0,0.90948486328125,0.0,1.0,0.0,0.0,0.9141693115234375,0.0,1.0
117,0.13862943611198905,0.0012754054041579366,0.0006381097482517362,0.9139295220375061,0.0006407842156477273,0.9996068477630615,0.13862943611198905,0.0,0.0,0.90948486328125,0.0,1.0,0.0,0.0,0.9141693115234375,0.0,1.0
118,0.13862943611198905,0.0012647459516301751,0.0006327732116915286,0.9139325618743896,0.000635403033811599,0.999610185623169,0.13862943611198905,0.0,0.0,0.90948486328125,0.0,1.0,0.0,0.0,0.9141693115234375,0.0,1.0
119,0.13862943611198905,0.001254253089427948,0.0006275202031247318,0.9139348268508911,0.000630106427706778,0.999613344669342,0.13862943611198905,0.0,0.0,0.90948486328125,0.0,1.0,0.0,0.0,0.9141693115234375,0.0,1.0
120,0.13862943611198905,0.0012439461424946785,0.0006223602686077356,0.913938045501709,0.000624904059804976,0.9996166229248047,0.13862943611198905,0.0,0.0,0.90948486328125,0.0,1.0,0.0,0.0,0.9141693115234375,0.0,1.0
121,0.13862943611198905,0.0012337780790403485,0.000617269950453192,0.9139391183853149,0.0006197721813805401,0.999619722366333,0.13862943611198905,0.0,0.0,0.90948486328125,0.0,1.0,0.0,0.0,0.9141693115234375,0.0,1.0
122,0.13862943611198905,0.0012237958144396544,0.0006122726481407881,0.9139416813850403,0.0006147344829514623,0.9996228218078613,0.13862943611198905,0.0,0.0,0.90948486328125,0.0,1.0,0.0,0.0,0.9141693115234375,0.0,1.0
123,0.13862943611198905,0.0012139732716605067,0.0006073553813621402,0.9139441251754761,0.000609777751378715,0.9996258020401001,0.13862943611198905,0.0,0.0,0.90948486328125,0.0,1.0,0.0,0.0,0.9141693115234375,0.0,1.0
124,0.13862943611198905,0.0012043011374771595,0.0006025134352967143,0.9139460921287537,0.0006048972718417645,0.9996287822723389,0.13862943611198905,0.0,0.0,0.90948486328125,0.0,1.0,0.0,0.0,0.9141693115234375,0.0,1.0
125,0.13862943611198905,0.0011947804596275091,0.0005977474502287805,0.9139479994773865,0.0006000936264172196,0.9996318221092224,0.13862943611198905,0.0,0.0,0.90948486328125,0.0,1.0,0.0,0.0,0.9141693115234375,0.0,1.0
126,0.13862943611198905,0.0011854253243654966,0.0005930642946623266,0.9139509797096252,0.0005953738000243902,0.9996346831321716,0.13862943611198905,0.0,0.0,0.90948486328125,0.0,1.0,0.0,0.0,0.9141693115234375,0.0,1.0
127,0.13862943611198905,0.001176200807094574,0.0005884465645067394,0.9139528870582581,0.0005907201557420194,0.9996375441551208,0.13862943611198905,0.0,0.0,0.90948486328125,0.0,1.0,0.0,0.0,0.9141693115234375,0.0,1.0
128,0.13862943611198905,0.0011671286774799228,0.0005839052028022707,0.9139554500579834,0.0005861438112333417,0.9996403455734253,0.13862943611198905,0.0,0.0,0.90948486328125,0.0,1.0,0.0,0.0,0.9141693115234375,0.0,1.0
129,0.13862943611198905,0.0011581921717152,0.0005794317694380879,0.9139577746391296,0.000581636093556881,0.9996431469917297,0.13862943611198905,0.0,0.0,0.90948486328125,0.0,1.0,0.0,0.0,0.9141693115234375,0.0,1.0
130,0.13862943611198905,0.0011493968777358532,0.0005750290001742542,0.9139604568481445,0.0005771999130956829,0.9996458888053894,0.13862943611198905,0.0,0.0,0.90948486328125,0.0,1.0,0.0,0.0,0.9141693115234375,0.0,1.0
131,0.13862943611198905,0.0011407218407839537,0.0005706864758394659,0.913962185382843,0.0005728246760554612,0.9996485710144043,0.13862943611198905,0.0,0.0,0.90948486328125,0.0,1.0,0.0,0.0,0.9141693115234375,0.0,1.0
132,0.13862943611198905,0.001132171950303018,0.0005664066993631423,0.9139634966850281,0.0005685128853656352,0.9996511936187744,0.13862943611198905,0.0,0.0,0.90948486328125,0.0,1.0,0.0,0.0,0.9141693115234375,0.0,1.0
133,0.13862943611198905,0.0011237493017688394,0.0005621906602755189,0.9139647483825684,0.0005642655305564404,0.9996537566184998,0.13862943611198905,0.0,0.0,0.90948486328125,0.0,1.0,0.0,0.0,0.9141693115234375,0.0,1.0
134,0.13862943611198905,0.0011154556414112449,0.0005580391734838486,0.9139663577079773,0.0005600834265351295,0.9996563196182251,0.13862943611198905,0.0,0.0,0.90948486328125,0.0,1.0,0.0,0.0,0.9141693115234375,0.0,1.0
135,0.13862943611198905,0.0011072879424318671,0.0005539507255889475,0.9139683842658997,0.0005559651181101799,0.9996588826179504,0.13862943611198905,0.0,0.0,0.90948486328125,0.0,1.0,0.0,0.0,0.9141693115234375,0.0,1.0
136,0.13862943611198905,0.0010992258321493864,0.0005499152466654778,0.9139692187309265,0.0005519003607332706,0.9996613264083862,0.13862943611198905,0.0,0.0,0.90948486328125,0.0,1.0,0.0,0.0,0.9141693115234375,0.0,1.0
137,0.13862943611198905,0.0010912929428741336,0.0005459444364532828,0.9139711260795593,0.0005479009123519063,0.999663770198822,0.13862943611198905,0.0,0.0,0.90948486328125,0.0,1.0,0.0,0.0,0.9141693115234375,0.0,1.0
138,0.13862943611198905,0.0010834718123078346,0.0005420296220108867,0.913972795009613,0.0005439581000246108,0.9996662139892578,0.13862943611198905,0.0,0.0,0.90948486328125,0.0,1.0,0.0,0.0,0.9141693115234375,0.0,1.0
139,0.13862943611198905,0.0010757690761238337,0.0005381741211749613,0.9139750599861145,0.0005400751833803952,0.9996686577796936,0.13862943611198905,0.0,0.0,0.90948486328125,0.0,1.0,0.0,0.0,0.9141693115234375,0.0,1.0
140,0.13862943611198905,0.00106816238258034,0.0005343666998669505,0.91397625207901,0.0005362409283407032,0.9996709227561951,0.13862943611198905,0.0,0.0,0.90948486328125,0.0,1.0,0.0,0.0,0.9141693115234375,0.0,1.0
141,0.13862943611198905,0.0010606723371893167,0.0005306176608428359,0.9139782786369324,0.0005324656376615167,0.9996733665466309,0.13862943611198905,0.0,0.0,0.90948486328125,0.0,1.0,0.0,0.0,0.9141693115234375,0.0,1.0
142,0.13862943611198905,0.0010532875312492251,0.0005269213579595089,0.91398024559021,0.0005287436069920659,0.9996755123138428,0.13862943611198905,0.0,0.0,0.90948486328125,0.0,1.0,0.0,0.0,0.9141693115234375,0.0,1.0
143,0.13862943611198905,0.0010460063349455595,0.0005232769181020558,0.9139823913574219,0.0005250740214250982,0.9996777772903442,0.13862943611198905,0.0,0.0,0.90948486328125,0.0,1.0,0.0,0.0,0.9141693115234375,0.0,1.0
144,0.13862943611198905,0.0010388171067461371,0.0005196785205043852,0.9139837622642517,0.0005214510019868612,0.9996799826622009,0.13862943611198905,0.0,0.0,0.90948486328125,0.0,1.0,0.0,0.0,0.9141693115234375,0.0,1.0
145,0.13862943611198905,0.0010317291598767042,0.0005161309381946921,0.9139853715896606,0.0005178792052902281,0.9996823072433472,0.13862943611198905,0.0,0.0,0.90948486328125,0.0,1.0,0.0,0.0,0.9141693115234375,0.0,1.0
146,0.13862943611198905,0.0010247448226436973,0.000512635160703212,0.9139876365661621,0.0005143597954884171,0.9996843338012695,0.13862943611198905,0.0,0.0,0.90948486328125,0.0,1.0,0.0,0.0,0.9141693115234375,0.0,1.0
147,0.13862943611198905,0.0010178489610552788,0.0005091836792416871,0.9139894843101501,0.0005108851473778486,0.999686598777771,0.13862943611198905,0.0,0.0,0.90948486328125,0.0,1.0,0.0,0.0,0.9141693115234375,0.0,1.0
148,0.13862943611198905,0.0010110450675711036,0.0005057782982476056,0.9139912128448486,0.0005074570653960109,0.9996886253356934,0.13862943611198905,0.0,0.0,0.90948486328125,0.0,1.0,0.0,0.0,0.9141693115234375,0.0,1.0
149,0.13862943611198905,0.00100433686748147,0.0005024207639507949,0.9139932990074158,0.0005040772957727313,0.9996907711029053,0.13862943611198905,0.0,0.0,0.90948486328125,0.0,1.0,0.0,0.0,0.9141693115234375,0.0,1.0
150,0.13862943611198905,0.0009977110894396901,0.0004991046153008938,0.9139949679374695,0.0005007392610423267,0.9996927380561829,0.13862943611198905,0.0,0.0,0.90948486328125,0.0,1.0,0.0,0.0,0.9141693115234375,0.0,1.0
151,0.13862943611198905,0.0009911831002682447,0.0004958373610861599,0.9139975309371948,0.0004974506446160376,0.9996947646141052,0.13862943611198905,0.0,0.0,0.90948486328125,0.0,1.0,0.0,0.0,0.9141693115234375,0.0,1.0
152,0.13862943611198905,0.0009847349720075727,0.0004926100955344737,0.9139996767044067,0.0004942024243064225,0.9996968507766724,0.13862943611198905,0.0,0.0,0.90948486328125,0.0,1.0,0.0,0.0,0.9141693115234375,0.0,1.0
153,0.13862943611198905,0.0009783628629520535,0.0004894208977930248,0.9140010476112366,0.0004909926792606711,0.9996986985206604,0.13862943611198905,0.0,0.0,0.90948486328125,0.0,1.0,0.0,0.0,0.9141693115234375,0.0,1.0
154,0.13862943611198905,0.0009720749221742153,0.0004862738715019077,0.9140026569366455,0.0004878254549112171,0.999700665473938,0.13862943611198905,0.0,0.0,0.90948486328125,0.0,1.0,0.0,0.0,0.9141693115234375,0.0,1.0
155,0.13862943611198905,0.0009658715571276844,0.0004831691912841052,0.9140046238899231,0.000484700984088704,0.9997025728225708,0.13862943611198905,0.0,0.0,0.90948486328125,0.0,1.0,0.0,0.0,0.9141693115234375,0.0,1.0
156,0.13862943611198905,0.0009597362950444221,0.00048009862075559795,0.9140055179595947,0.00048161097220145166,0.9997044801712036,0.13862943611198905,0.0,0.0,0.90948486328125,0.0,1.0,0.0,0.0,0.9141693115234375,0.0,1.0
157,0.13862943611198905,0.00095368706388399,0.0004770710947923362,0.9140072464942932,0.0004785643832292408,0.9997063279151917,0.13862943611198905,0.0,0.0,0.90948486328125,0.0,1.0,0.0,0.0,0.9141693115234375,0.0,1.0
158,0.13862943611198905,0.000947710417676717,0.00047407991951331496,0.9140087366104126,0.00047555455239489675,0.9997082948684692,0.13862943611198905,0.0,0.0,0.90948486328125,0.0,1.0,0.0,0.0,0.9141693115234375,0.0,1.0
159,0.13862943611198905,0.0009418006520718336,0.0004711222427431494,0.9140094518661499,0.00047257848200388253,0.9997100830078125,0.13862943611198905,0.0,0.0,0.90948486328125,0.0,1.0,0.0,0.0,0.9141693115234375,0.0,1.0
160,0.13862943611198905,0.0009359685936942697,0.0004682034777943045,0.9140105843544006,0.0004696417017839849,0.999711811542511,0.13862943611198905,0.0,0.0,0.90948486328125,0.0,1.0,0.0,0.0,0.9141693115234375,0.0,1.0
161,0.13862943611198905,0.0009301999234594405,0.0004653164360206574,0.9140108823776245,0.00046673696488142014,0.9997135996818542,0.13862943611198905,0.0,0.0,0.90948486328125,0.0,1.0,0.0,0.0,0.9141693115234375,0.0,1.0
162,0.13862943611198905,0.000924508145544678,0.0004624678986147046,0.9140117764472961,0.00046387105248868465,0.9997153282165527,0.13862943611198905,0.0,0.0,0.90948486328125,0.0,1.0,0.0,0.0,0.9141693115234375,0.0,1.0
163,0.13862943611198905,0.0009188971598632634,0.0004596598446369171,0.9140137434005737,0.00046104597277007997,0.9997170567512512,0.13862943611198905,0.0,0.0,0.90948486328125,0.0,1.0,0.0,0.0,0.9141693115234375,0.0,1.0
164,0.13862943611198905,0.0009133515995927155,0.000456884503364563,0.914015531539917,0.00045825395500287414,0.9997187852859497,0.13862943611198905,0.0,0.0,0.90948486328125,0.0,1.0,0.0,0.0,0.9141693115234375,0.0,1.0
165,0.13862943611198905,0.0009078686125576496,0.0004541405360214412,0.914016842842102,0.00045549351489171386,0.9997205138206482,0.13862943611198905,0.0,0.0,0.90948486328125,0.0,1.0,0.0,0.0,0.9141693115234375,0.0,1.0
166,0.13862943611198905,0.0009024445316754282,0.00045142602175474167,0.9140175580978394,0.0004527628771029413,0.9997221827507019,0.13862943611198905,0.0,0.0,0.90948486328125,0.0,1.0,0.0,0.0,0.9141693115234375,0.0,1.0
167,0.13862943611198905,0.000897092861123383,0.0004487477708607912,0.914018988609314,0.0004500687646213919,0.9997237920761108,0.13862943611198905,0.0,0.0,0.90948486328125,0.0,1.0,0.0,0.0,0.9141693115234375,0.0,1.0
168,0.13862943611198905,0.0008917990489862859,0.00044609850738197565,0.9140200018882751,0.00044740395969711244,0.9997255206108093,0.13862943611198905,0.0,0.0,0.90948486328125,0.0,1.0,0.0,0.0,0.9141693115234375,0.0,1.0
169,0.13862943611198905,0.0008865678100846708,0.00044348055962473154,0.9140209555625916,0.0004447707033250481,0.999727189540863,0.13862943611198905,0.0,0.0,0.90948486328125,0.0,1.0,0.0,0.0,0.9141693115234375,0.0,1.0
170,0.13862943611198905,0.000881395535543561,0.00044089212315157056,0.9140216112136841,0.000442167220171541,0.9997286796569824,0.13862943611198905,0.0,0.0,0.90948486328125,0.0,1.0,0.0,0.0,0.9141693115234375,0.0,1.0
171,0.13862943611198905,0.0008762874640524387,0.00043833584641106427,0.9140228629112244,0.0004395961877889931,0.9997302293777466,0.13862943611198905,0.0,0.0,0.90948486328125,0.0,1.0,0.0,0.0,0.9141693115234375,0.0,1.0
172,0.13862943611198905,0.0008712366688996553,0.00043580823694355786,0.914023756980896,0.0004370540555100888,0.9997317790985107,0.13862943611198905,0.0,0.0,0.90948486328125,0.0,1.0,0.0,0.0,0.9141693115234375,0.0,1.0
173,0.13862943611198905,0.0008662489126436412,0.000433312205132097,0.9140253067016602,0.00043454376282170415,0.9997333288192749,0.13862943611198905,0.0,0.0,0.90948486328125,0.0,1.0,0.0,0.0,0.9141693115234375,0.0,1.0
174,0.13862943611198905,0.000861323089338839,0.0004308471397962421,0.9140272736549377,0.00043206472764723003,0.9997348785400391,0.13862943611198905,0.0,0.0,0.90948486328125,0.0,1.0,0.0,0.0,0.9141693115234375,0.0,1.0
175,0.13862943611198905,0.0008564402814954519,0.00042840364039875567,0.914027988910675,0.0004296074330341071,0.9997363686561584,0.13862943611198905,0.0,0.0,0.90948486328125,0.0,1.0,0.0,0.0,0.9141693115234375,0.0,1.0
176,0.13862943611198905,0.0008516176603734493,0.00042599026346579194,0.9140292406082153,0.000427180522819981,0.9997379779815674,0.13862943611198905,0.0,0.0,0.90948486328125,0.0,1.0,0.0,0.0,0.9141693115234375,0.0,1.0
177,0.13862943611198905,0.0008468476007692516,0.00042360322549939156,0.9140302538871765,0.0004247801552992314,0.999739408493042,0.13862943611198905,0.0,0.0,0.90948486328125,0.0,1.0,0.0,0.0,0.9141693115234375,0.0,1.0
178,0.13862943611198905,0.0008421423262916505,0.00042124860920011997,0.914032518863678,0.00042241247138008475,0.9997408986091614,0.13862943611198905,0.0,0.0,0.90948486328125,0.0,1.0,0.0,0.0,0.9141693115234375,0.0,1.0
179,0.13862943611198905,0.0008374846074730158,0.00041891777073033154,0.9140341877937317,0.0004200687981210649,0.9997422099113464,0.13862943611198905,0.0,0.0,0.90948486328125,0.0,1.0,0.0,0.0,0.9141693115234375,0.0,1.0
180,0.13862943611198905,0.0008328745025210083,0.00041661079740151763,0.9140354990959167,0.00041774913552217185,0.999743640422821,0.13862943611198905,0.0,0.0,0.90948486328125,0.0,1.0,0.0,0.0,0.9141693115234375,0.0,1.0
181,0.13862943611198905,0.0008283090428449214,0.00041432614671066403,0.9140362739562988,0.0004154520283918828,0.9997450709342957,0.13862943611198905,0.0,0.0,0.90948486328125,0.0,1.0,0.0,0.0,0.9141693115234375,0.0,1.0
182,0.13862943611198905,0.0008237942820414901,0.0004120669327676296,0.9140370488166809,0.0004131805326323956,0.9997464418411255,0.13862943611198905,0.0,0.0,0.90948486328125,0.0,1.0,0.0,0.0,0.9141693115234375,0.0,1.0
183,0.13862943611198905,0.0008193347603082657,0.00040983533835969865,0.9140385389328003,0.00041093688923865557,0.9997478127479553,0.13862943611198905,0.0,0.0,0.90948486328125,0.0,1.0,0.0,0.0,0.9141693115234375,0.0,1.0
184,0.13862943611198905,0.0008149169734679163,0.00040762461139820516,0.9140393137931824,0.0004087143170181662,0.9997491836547852,0.13862943611198905,0.0,0.0,0.90948486328125,0.0,1.0,0.0,0.0,0.9141693115234375,0.0,1.0
185,0.13862943611198905,0.0008105415035970509,0.0004054351302329451,0.9140395522117615,0.0004065131361130625,0.9997506141662598,0.13862943611198905,0.0,0.0,0.90948486328125,0.0,1.0,0.0,0.0,0.9141693115234375,0.0,1.0
186,0.13862943611198905,0.000806221563834697,0.0004032734432257712,0.9140406847000122,0.0004043399530928582,0.9997518658638,0.13862943611198905,0.0,0.0,0.90948486328125,0.0,1.0,0.0,0.0,0.9141693115234375,0.0,1.0
187,0.13862943611198905,0.0008019461529329419,0.0004011340206488967,0.9140418171882629,0.0004021892382297665,0.9997532963752747,0.13862943611198905,0.0,0.0,0.90948486328125,0.0,1.0,0.0,0.0,0.9141693115234375,0.0,1.0
188,0.13862943611198905,0.0007977205677889287,0.00039901945274323225,0.9140433073043823,0.00040006358176469803,0.9997544884681702,0.13862943611198905,0.0,0.0,0.90948486328125,0.0,1.0,0.0,0.0,0.9141693115234375,0.0,1.0
189,0.13862943611198905,0.0007935346802696586,0.00039692482096143067,0.9140442609786987,0.0003979580069426447,0.9997557997703552,0.13862943611198905,0.0,0.0,0.90948486328125,0.0,1.0,0.0,0.0,0.9141693115234375,0.0,1.0
190,0.13862943611198905,0.0007894004811532795,0.00039485617890022695,0.9140462279319763,0.00039587856736034155,0.9997571706771851,0.13862943611198905,0.0,0.0,0.90948486328125,0.0,1.0,0.0,0.0,0.9141693115234375,0.0,1.0
191,0.13862943611198905,0.000785300275310874,0.00039280447526834905,0.9140470623970032,0.00039381624083034694,0.9997584223747253,0.13862943611198905,0.0,0.0,0.90948486328125,0.0,1.0,0.0,0.0,0.9141693115234375,0.0,1.0
192,0.13862943611198905,0.0007812367985025048,0.00039077107794582844,0.9140473008155823,0.0003917724243365228,0.9997596144676208,0.13862943611198905,0.0,0.0,0.90948486328125,0.0,1.0,0.0,0.0,0.9141693115234375,0.0,1.0
193,0.13862943611198905,0.0007772208191454411,0.00038876148755662143,0.9140481948852539,0.00038975258939899504,0.9997608065605164,0.13862943611198905,0.0,0.0,0.90948486328125,0.0,1.0,0.0,0.0,0.9141693115234375,0.0,1.0
194,0.13862943611198905,0.0007732469239272177,0.00038677308475598693,0.9140491485595703,0.0003877540002577007,0.9997620582580566,0.13862943611198905,0.0,0.0,0.90948486328125,0.0,1.0,0.0,0.0,0.9141693115234375,0.0,1.0
195,0.13862943611198905,0.0007693104562349617,0.0003848033375106752,0.9140498042106628,0.0003857742703985423,0.9997633695602417,0.13862943611198905,0.0,0.0,0.90948486328125,0.0,1.0,0.0,0.0,0.9141693115234375,0.0,1.0
196,0.13862943611198905,0.0007654196815565228,0.00038285640766844153,0.9140510559082031,0.0003838175325654447,0.9997645020484924,0.13862943611198905,0.0,0.0,0.90948486328125,0.0,1.0,0.0,0.0,0.9141693115234375,0.0,1.0
197,0.13862943611198905,0.0007615655194967985,0.00038092778413556516,0.9140520095825195,0.00038187927566468716,0.9997656345367432,0.13862943611198905,0.0,0.0,0.90948486328125,0.0,1.0,0.0,0.0,0.9141693115234375,0.0,1.0
198,0.13862943611198905,0.00075775186996907,0.0003790196205954999,0.914053201675415,0.0003799615369644016,0.9997668266296387,0.13862943611198905,0.0,0.0,0.90948486328125,0.0,1.0,0.0,0.0,0.9141693115234375,0.0,1.0
199,0.13862943611198905,0.0007539779180660844,0.0003771312185563147,0.9140545725822449,0.00037806376349180937,0.9997680187225342,0.13862943611198905,0.0,0.0,0.90948486328125,0.0,1.0,0.0,0.0,0.9141693115234375,0.0,1.0
