,train_loss,train_dice,train_iou,train_acc,train_sens,train_spec,val_loss,val_dice,val_iou,val_acc,val_sens,val_spec,test_dice,test_iou,test_acc,test_sens,test_spec
0,1.3488427868964397,0.03000899963080883,0.0152331767603755,0.6156034469604492,0.06934712827205658,0.6668349504470825,1.3488427868964397,0.0005055611836723983,0.00025284450384788215,0.9095001220703125,0.0002528658078517765,0.9999915957450867,0.5975346565246582,0.42606016993522644,0.9118194580078125,0.762666642665863,0.9258233308792114
1,1.3276777808493128,0.02544534206390381,0.01288670115172863,0.7649588584899902,0.03576887771487236,0.8333824276924133,1.3276777808493128,0.0002528231998439878,0.00012642757792491466,0.9094924926757812,0.00012643290392588824,0.9999958276748657,0.5975346565246582,0.42606016993522644,0.9118194580078125,0.762666642665863,0.9258233308792114
2,1.302858121039944,0.02163274772465229,0.01093470212072134,0.8147385716438293,0.023882688954472542,0.8889244198799133,1.302858121039944,0.0005055895890109241,0.00025285870651714504,0.9095051884651184,0.0002528658078517765,0.9999971985816956,0.5975346565246582,0.42606016993522644,0.9118194580078125,0.762666642665863,0.9258233308792114
3,1.278403916154029,0.019064677879214287,0.009624121710658073,0.8396663665771484,0.01817428320646286,0.9166958332061768,1.278403916154029,0.006289440207183361,0.0031546405516564846,0.9095935821533203,0.003160822670906782,0.9998049736022949,0.5975346565246582,0.42606016993522644,0.9118194580078125,0.762666642665863,0.9258233308792114
4,1.2646811745248836,0.03593350201845169,0.0182955302298069,0.8516818881034851,0.032246652990579605,0.928507924079895,1.2646811745248836,0.03995819762349129,0.020386401563882828,0.904681384563446,0.02191503718495369,0.9925374388694763,0.5975346565246582,0.42606016993522644,0.9118194580078125,0.762666642665863,0.9258233308792114
5,1.260810485082498,0.08425460755825043,0.0439801886677742,0.8355967402458191,0.08823725581169128,0.90566086769104,1.260810485082498,0.07891441881656647,0.04107803478837013,0.890557587146759,0.0517953485250473,0.9740341901779175,0.5975346565246582,0.42606016993522644,0.9118194580078125,0.762666642665863,0.9258233308792114
6,1.2603911455922048,0.11946837604045868,0.06352917104959488,0.8149475455284119,0.14644484221935272,0.8776270151138306,1.2603911455922048,0.10736843943595886,0.05672970786690712,0.876006007194519,0.0823860913515091,0.9549898505210876,0.5975346565246582,0.42606016993522644,0.9118194580078125,0.762666642665863,0.9258233308792114
7,1.2592523658992618,0.14343637228012085,0.07725919038057327,0.7936958074569702,0.20149767398834229,0.8492221236228943,1.2592523658992618,0.12794993817806244,0.0683474987745285,0.8631267547607422,0.11093433946371078,0.9379875659942627,0.5975346565246582,0.42606016993522644,0.9118194580078125,0.762666642665863,0.9258233308792114
8,1.2581300453999122,0.15984468162059784,0.0868648812174797,0.7742681503295898,0.25045233964920044,0.8233911991119385,1.2581300453999122,0.1443333923816681,0.07777980715036392,0.85434889793396,0.13571402430534363,0.9258700013160706,0.5975346565246582,0.42606016993522644,0.9118194580078125,0.762666642665863,0.9258233308792114
9,1.2551499119548946,0.17129358649253845,0.09366936981678009,0.7579312324523926,0.2918047308921814,0.8016420602798462,1.2551499119548946,0.15778805315494537,0.08565141260623932,0.8576576113700867,0.14731119573116302,0.9283537864685059,0.5975346565246582,0.42606016993522644,0.9118194580078125,0.762666642665863,0.9258233308792114
10,1.252954065846231,0.18104417622089386,0.09953202307224274,0.7487686276435852,0.32389989495277405,0.7886105179786682,1.252954065846231,0.16852998733520508,0.0920189693570137,0.8585593700408936,0.1583629548549652,0.9282453656196594,0.5975346565246582,0.42606016993522644,0.9118194580078125,0.762666642665863,0.9258233308792114
11,1.2504967964588336,0.18883199989795685,0.10425987839698792,0.7473724484443665,0.34297728538513184,0.7852938175201416,1.2504967964588336,0.18153561651706696,0.09982907027006149,0.8543491363525391,0.17845302820205688,0.9216166734695435,0.5975346565246582,0.42606016993522644,0.9118194580078125,0.762666642665863,0.9258233308792114
12,1.2475905389651105,0.1955239623785019,0.10835506021976471,0.7436546087265015,0.36336618661880493,0.7793142795562744,1.2475905389651105,0.19486591219902039,0.10795093327760696,0.8466885089874268,0.20497043430805206,0.9105545282363892,0.5975346565246582,0.42606016993522644,0.9118194580078125,0.762666642665863,0.9258233308792114
13,1.2453544824637692,0.2015259563922882,0.11205393821001053,0.7376440167427063,0.38620325922966003,0.7705967426300049,1.2453544824637692,0.20502658188343048,0.11422262340784073,0.8404159545898438,0.22735044360160828,0.9014303684234619,0.5975346565246582,0.42606016993522644,0.9118194580078125,0.762666642665863,0.9258233308792114
14,1.244325119579777,0.2058648318052292,0.11474328488111496,0.7347495555877686,0.40100333094596863,0.7660471796989441,1.244325119579777,0.21194149553775787,0.11853162944316864,0.8353658318519592,0.24458305537700653,0.8941625952720642,0.5975346565246582,0.42606016993522644,0.9118194580078125,0.762666642665863,0.9258233308792114
15,1.2412111270104011,0.2092931866645813,0.1168774887919426,0.7337732315063477,0.4109690487384796,0.7640436887741089,1.2412111270104011,0.21737724542617798,0.12194237112998962,0.8314352035522461,0.25862905383110046,0.888442873954773,0.5975346565246582,0.42606016993522644,0.9118194580078125,0.762666642665863,0.9258233308792114
16,1.23834573555685,0.213149294257164,0.11928775906562805,0.7330625057220459,0.42163440585136414,0.762272298336029,1.23834573555685,0.22103343904018402,0.12424822896718979,0.8291091918945312,0.2678592801094055,0.8849667906761169,0.5975346565246582,0.42606016993522644,0.9118194580078125,0.762666642665863,0.9258233308792114
17,1.2329576433867828,0.21735472977161407,0.12192826718091965,0.7326327562332153,0.4329489767551422,0.7607417106628418,1.2329576433867828,0.2222774177789688,0.12503492832183838,0.8287883400917053,0.27030420303344727,0.8843706250190735,0.5975346565246582,0.42606016993522644,0.9118194580078125,0.762666642665863,0.9258233308792114
18,1.2287445251001714,0.22143931686878204,0.12450484931468964,0.7358831763267517,0.4379881024360657,0.7638258337974548,1.2287445251001714,0.22358354926109314,0.12586213648319244,0.8293573260307312,0.27144479751586914,0.8848827481269836,0.5975346565246582,0.42606016993522644,0.9118194580078125,0.762666642665863,0.9258233308792114
19,1.2250727551091316,0.22500719130039215,0.1267652064561844,0.7370003461837769,0.44519761204719543,0.764371931552887,1.2250727551091316,0.22460633516311646,0.12651072442531586,0.8307727575302124,0.27078136801719666,0.886505126953125,0.5975346565246582,0.42606016993522644,0.9118194580078125,0.762666642665863,0.9258233308792114
20,1.2210628036493962,0.22849297523498535,0.1289823353290558,0.7405648231506348,0.4479806125164032,0.7680097818374634,1.2210628036493962,0.22682690620422363,0.127921462059021,0.830656886100769,0.27443164587020874,0.8860143423080444,0.5975346565246582,0.42606016993522644,0.9118194580078125,0.762666642665863,0.9258233308792114
21,1.2156063101027945,0.23199115693569183,0.1312161386013031,0.7420847415924072,0.45423540472984314,0.7690854668617249,1.2156063101027945,0.2289871871471405,0.12929730117321014,0.8299227356910706,0.27902594208717346,0.8847499489784241,0.5975346565246582,0.42606016993522644,0.9118194580078125,0.762666642665863,0.9258233308792114
22,1.2130753363205526,0.23518209159374237,0.13326147198677063,0.7465335726737976,0.45440712571144104,0.773936927318573,1.2130753363205526,0.23101916909217834,0.13059449195861816,0.8255568742752075,0.28949105739593506,0.8789080381393433,0.5975346565246582,0.42606016993522644,0.9118194580078125,0.762666642665863,0.9258233308792114
23,1.2156371860122122,0.23802627623081207,0.13509076833724976,0.7440755367279053,0.46610137820243835,0.7701509594917297,1.2156371860122122,0.2328873574733734,0.13178975880146027,0.8251892924308777,0.29315927624702454,0.8781387805938721,0.5975346565246582,0.42606016993522644,0.9118194580078125,0.762666642665863,0.9258233308792114
24,1.2099218563004306,0.240419402718544,0.13663458824157715,0.748842179775238,0.4634702205657959,0.7756118178367615,1.2099218563004306,0.23498807847499847,0.1331368237733841,0.8251739740371704,0.2966419458389282,0.8777753114700317,0.5975346565246582,0.42606016993522644,0.9118194580078125,0.762666642665863,0.9258233308792114
25,1.2046266554025409,0.24337781965732574,0.1385488510131836,0.7526115775108337,0.46393856406211853,0.7796909213066101,1.2046266554025409,0.23788507282733917,0.13499975204467773,0.8242254853248596,0.3030758798122406,0.8760921359062195,0.5975346565246582,0.42606016993522644,0.9118194580078125,0.762666642665863,0.9258233308792114
26,1.207116650622391,0.24562732875347137,0.14000871777534485,0.7512736916542053,0.4721399247646332,0.7774596214294434,1.207116650622391,0.2403690069913864,0.13660193979740143,0.8243312239646912,0.30705714225769043,0.8758121728897095,0.5975346565246582,0.42606016993522644,0.9118194580078125,0.762666642665863,0.9258233308792114
27,1.2009094134108909,0.2482287734746933,0.14170168340206146,0.7524712681770325,0.4764932692050934,0.7783606648445129,1.2009094134108909,0.2424035668373108,0.1379176527261734,0.8263010382652283,0.30700618028640747,0.8779830932617188,0.5975346565246582,0.42606016993522644,0.9118194580078125,0.762666642665863,0.9258233308792114
28,1.2030837952989764,0.25044146180152893,0.1431456208229065,0.7569054961204529,0.4735221862792969,0.7834895253181458,1.2030837952989764,0.24462726712226868,0.13935916125774384,0.8264994025230408,0.3103797137737274,0.8778654932975769,0.5975346565246582,0.42606016993522644,0.9118194580078125,0.762666642665863,0.9258233308792114
29,1.195809479559074,0.2531239986419678,0.14490105211734772,0.7594687342643738,0.4752524793148041,0.7861306667327881,1.195809479559074,0.24697494506835938,0.14088501036167145,0.825085461139679,0.31689706444740295,0.8756621479988098,0.5975346565246582,0.42606016993522644,0.9118194580078125,0.762666642665863,0.9258233308792114
30,1.1962040566306218,0.25545239448547363,0.1464291214942932,0.7589496970176697,0.48215216398239136,0.784916341304779,1.1962040566306218,0.24910028278827667,0.14226986467838287,0.8242283463478088,0.32209938764572144,0.8742020130157471,0.5975346565246582,0.42606016993522644,0.9118194580078125,0.762666642665863,0.9258233308792114
31,1.1920754361199863,0.2580235004425049,0.1481211930513382,0.7604588270187378,0.48562994599342346,0.7862409949302673,1.1920754361199863,0.25130796432495117,0.14371195435523987,0.8245294094085693,0.3253540098667145,0.8742091059684753,0.5975346565246582,0.42606016993522644,0.9118194580078125,0.762666642665863,0.9258233308792114
32,1.1915407897855887,0.26027169823646545,0.1496048867702484,0.7636398673057556,0.4848402440547943,0.7897936105728149,1.1915407897855887,0.2536558508872986,0.1452496349811554,0.8242920637130737,0.32987239956855774,0.8734984397888184,0.5975346565246582,0.42606016993522644,0.9118194580078125,0.762666642665863,0.9258233308792114
33,1.1849706279514038,0.26297783851623535,0.15139587223529816,0.7659015655517578,0.4869842827320099,0.7920657992362976,1.1849706279514038,0.25622081756591797,0.14693422615528107,0.8233770728111267,0.3360983431339264,0.8718727231025696,0.5975346565246582,0.42606016993522644,0.9118194580078125,0.762666642665863,0.9258233308792114
34,1.1867316859051447,0.2651773989200592,0.15285572409629822,0.7659373879432678,0.4924507737159729,0.7915921807289124,1.1867316859051447,0.2594320774078369,0.1490502506494522,0.8241938948631287,0.34020566940307617,0.8723621368408203,0.5975346565246582,0.42606016993522644,0.9118194580078125,0.762666642665863,0.9258233308792114
35,1.1804246402868428,0.26772400736808777,0.15455053746700287,0.7678447365760803,0.4948447644710541,0.7934538722038269,1.1804246402868428,0.26305916905403137,0.15144971013069153,0.8269674777984619,0.341190904378891,0.8753136396408081,0.5975346565246582,0.42606016993522644,0.9118194580078125,0.762666642665863,0.9258233308792114
36,1.180222732649665,0.27024582028388977,0.1562337577342987,0.7712566256523132,0.4938485622406006,0.7972803115844727,1.180222732649665,0.2670886218547821,0.1541271060705185,0.8285145163536072,0.3452073931694031,0.8766149282455444,0.5975346565246582,0.42606016993522644,0.9118194580078125,0.762666642665863,0.9258233308792114
37,1.178846137791791,0.2726638913154602,0.15785235166549683,0.7728487253189087,0.49642282724380493,0.7987814545631409,1.178846137791791,0.27077439427375793,0.15658707916736603,0.8290397524833679,0.3506627678871155,0.8766494989395142,0.5975346565246582,0.42606016993522644,0.9118194580078125,0.762666642665863,0.9258233308792114
38,1.174759969837372,0.2749730348587036,0.1594022661447525,0.7735310792922974,0.5007110834121704,0.799125611782074,1.174759969837372,0.2751152217388153,0.15949775278568268,0.8314422369003296,0.35338106751441956,0.8790205717086792,0.5975346565246582,0.42606016993522644,0.9118194580078125,0.762666642665863,0.9258233308792114
39,1.1713555502831956,0.2775691747665405,0.1611497700214386,0.7761649489402771,0.5013519525527954,0.801946759223938,1.1713555502831956,0.27948111295700073,0.16244001686573029,0.8338222503662109,0.3560645580291748,0.8813703656196594,0.5975346565246582,0.42606016993522644,0.9118194580078125,0.762666642665863,0.9258233308792114
40,1.1690966475583242,0.2801400125026703,0.16288545727729797,0.7789157032966614,0.5015631914138794,0.8049356341362,1.1690966475583242,0.28295421600341797,0.1647913008928299,0.8339486718177795,0.36195993423461914,0.8809226155281067,0.5975346565246582,0.42606016993522644,0.9118194580078125,0.762666642665863,0.9258233308792114
41,1.1687392851281893,0.28247493505477905,0.16446636617183685,0.779704213142395,0.5055791735649109,0.8054213523864746,1.1687392851281893,0.28766053915023804,0.1679926961660385,0.835779070854187,0.36632829904556274,0.8825004696846008,0.5975346565246582,0.42606016993522644,0.9118194580078125,0.762666642665863,0.9258233308792114
42,1.1632469333369,0.2850729823112488,0.1662304848432541,0.7814441323280334,0.5080481767654419,0.8070923686027527,1.1632469333369,0.2915176749229431,0.170629620552063,0.8381404280662537,0.3678942620754242,0.8849409818649292,0.5975346565246582,0.42606016993522644,0.9118194580078125,0.762666642665863,0.9258233308792114
43,1.162331686859018,0.2876851558685303,0.16800959408283234,0.7842355370521545,0.5080001950263977,0.8101507425308228,1.162331686859018,0.29630494117736816,0.17391900718212128,0.8402368426322937,0.3716035485267639,0.8868768811225891,0.5975346565246582,0.42606016993522644,0.9118194580078125,0.762666642665863,0.9258233308792114
44,1.1575792435109917,0.2903869152069092,0.16985543072223663,0.7860906720161438,0.5103001594543457,0.8119640350341797,1.1575792435109917,0.301132470369339,0.1772548258304596,0.8417719602584839,0.37661272287368774,0.8880662322044373,0.5975346565246582,0.42606016993522644,0.9118194580078125,0.762666642665863,0.9258233308792114
45,1.1583667503171418,0.29281607270240784,0.17152002453804016,0.7871592044830322,0.5137431025505066,0.8128106594085693,1.1583667503171418,0.30544114112854004,0.1802481859922409,0.8438690900802612,0.37927672266960144,0.8901069760322571,0.5975346565246582,0.42606016993522644,0.9118194580078125,0.762666642665863,0.9258233308792114
46,1.1556125458971753,0.2954605519771576,0.17333754897117615,0.7895697951316833,0.5144287347793579,0.8153833746910095,1.1556125458971753,0.3100224733352661,0.1834476888179779,0.8457955121994019,0.38274019956588745,0.8918803930282593,0.5975346565246582,0.42606016993522644,0.9118194580078125,0.762666642665863,0.9258233308792114
47,1.153522836801336,0.298026442527771,0.175106480717659,0.7915940284729004,0.5157796144485474,0.8174709677696228,1.153522836801336,0.31442755460739136,0.18654052913188934,0.8468408584594727,0.38802435994148254,0.8925039172172546,0.5975346565246582,0.42606016993522644,0.9118194580078125,0.762666642665863,0.9258233308792114
48,1.1555436400148613,0.30029603838920593,0.17667558789253235,0.7926205992698669,0.5188238620758057,0.8183082938194275,1.1555436400148613,0.3187856078147888,0.18961626291275024,0.8486988544464111,0.39111632108688354,0.894239068031311,0.5975346565246582,0.42606016993522644,0.9118194580078125,0.762666642665863,0.9258233308792114
49,1.1499973068093117,0.30288124084472656,0.1784680038690567,0.7947444915771484,0.5198547840118408,0.8205345869064331,1.1499973068093117,0.3230559229850769,0.1926456093788147,0.8504883050918579,0.3941385746002197,0.8959057927131653,0.5975346565246582,0.42606016993522644,0.9118194580078125,0.762666642665863,0.9258233308792114
50,1.1459191772305848,0.30554917454719543,0.1803235113620758,0.7967702746391296,0.5212535262107849,0.8226191401481628,1.1459191772305848,0.3276996612548828,0.19595742225646973,0.8519515991210938,0.39862561225891113,0.897068202495575,0.5975346565246582,0.42606016993522644,0.9118194580078125,0.762666642665863,0.9258233308792114
51,1.1441229905735357,0.3080517053604126,0.1820693165063858,0.7979726791381836,0.5243121981620789,0.8236469626426697,1.1441229905735357,0.33156269788742065,0.19872649013996124,0.8536277413368225,0.4010629951953888,0.8986685276031494,0.5975346565246582,0.42606016993522644,0.9118194580078125,0.762666642665863,0.9258233308792114
52,1.1483009116125031,0.31037259101867676,0.18369300663471222,0.7999325394630432,0.5248960256576538,0.8257359862327576,1.1483009116125031,0.3358781933784485,0.20183509588241577,0.855119526386261,0.40475547313690186,0.8999413251876831,0.5975346565246582,0.42606016993522644,0.9118194580078125,0.762666642665863,0.9258233308792114
53,1.143891206220379,0.3127589523792267,0.1853671669960022,0.801421046257019,0.5268198847770691,0.8271836638450623,1.143891206220379,0.34011703729629517,0.2049042284488678,0.8563805818557739,0.40890586376190186,0.9009148478507996,0.5975346565246582,0.42606016993522644,0.9118194580078125,0.762666642665863,0.9258233308792114
54,1.1362662591559247,0.3153880536556244,0.187217116355896,0.8029297590255737,0.5292493104934692,0.8286052942276001,1.1362662591559247,0.3439314067363739,0.20767943561077118,0.8578593730926514,0.41161343455314636,0.9022713303565979,0.5975346565246582,0.42606016993522644,0.9118194580078125,0.762666642665863,0.9258233308792114
55,1.1386271429752148,0.3178307116031647,0.18894106149673462,0.8047970533370972,0.5301874279975891,0.8305596113204956,1.1386271429752148,0.3479601740837097,0.210624560713768,0.8590869903564453,0.4153892993927002,0.9032453298568726,0.5975346565246582,0.42606016993522644,0.9118194580078125,0.762666642665863,0.9258233308792114
56,1.1434547434867426,0.3199026584625244,0.19040732085704803,0.8058850765228271,0.5322808027267456,0.8315536379814148,1.1434547434867426,0.3518161177635193,0.21345683932304382,0.8603681325912476,0.41864967346191406,0.9043295383453369,0.5975346565246582,0.42606016993522644,0.9118194580078125,0.762666642665863,0.9258233308792114
57,1.1324305096930276,0.32232606410980225,0.19212685525417328,0.8073700070381165,0.5341265797615051,0.8330041170120239,1.1324305096930276,0.3553469479084015,0.21606194972991943,0.8616867065429688,0.42115238308906555,0.9055302143096924,0.5975346565246582,0.42606016993522644,0.9118194580078125,0.762666642665863,0.9258233308792114
58,1.1352008362193913,0.32460901141166687,0.19375130534172058,0.8090149164199829,0.5351091027259827,0.8347116112709045,1.1352008362193913,0.3590056300163269,0.2187732309103012,0.86263507604599,0.4249831438064575,0.9061917662620544,0.5975346565246582,0.42606016993522644,0.9118194580078125,0.762666642665863,0.9258233308792114
59,1.1346204222691778,0.32671940326690674,0.19525688886642456,0.80999755859375,0.5374912023544312,0.8355633020401001,1.1346204222691778,0.36240872740745544,0.2213059812784195,0.8638349175453186,0.427534282207489,0.907257080078125,0.5975346565246582,0.42606016993522644,0.9118194580078125,0.762666642665863,0.9258233308792114
60,1.1328348806830377,0.3289012312889099,0.19681744277477264,0.8115043044090271,0.5385416150093079,0.8371124863624573,1.1328348806830377,0.3658500611782074,0.2238778918981552,0.8649111986160278,0.4305061101913452,0.9081447124481201,0.5975346565246582,0.42606016993522644,0.9118194580078125,0.762666642665863,0.9258233308792114
61,1.1333131490075687,0.3309275209903717,0.19827041029930115,0.8127171993255615,0.5400031805038452,0.8383020162582397,1.1333131490075687,0.3691750764846802,0.22637321054935455,0.8657984733581543,0.43384024500846863,0.9087884426116943,0.5975346565246582,0.42606016993522644,0.9118194580078125,0.762666642665863,0.9258233308792114
62,1.1302299719908084,0.3328889012336731,0.19968019425868988,0.8136788010597229,0.541999876499176,0.8391667604446411,1.1302299719908084,0.3722904622554779,0.22872045636177063,0.866881251335144,0.4361252784729004,0.9097515940666199,0.5975346565246582,0.42606016993522644,0.9118194580078125,0.762666642665863,0.9258233308792114
63,1.1304025569059102,0.33489781618118286,0.2011275589466095,0.8150118589401245,0.5430076718330383,0.8405301570892334,1.1304025569059102,0.37548574805259705,0.2311372458934784,0.8677905797958374,0.4390988349914551,0.9104554653167725,0.5975346565246582,0.42606016993522644,0.9118194580078125,0.762666642665863,0.9258233308792114
64,1.126930105571395,0.33693671226501465,0.2026001513004303,0.8161025047302246,0.5447563529014587,0.8415594100952148,1.126930105571395,0.3785894811153412,0.23349390923976898,0.8686844110488892,0.4419316351413727,0.9111562967300415,0.5975346565246582,0.42606016993522644,0.9118194580078125,0.762666642665863,0.9258233308792114
65,1.1255564040199304,0.3389626443386078,0.2040669173002243,0.8171943426132202,0.5464513897895813,0.8425945043563843,1.1255564040199304,0.3815222978591919,0.23572909832000732,0.8696402311325073,0.44420987367630005,0.9119805693626404,0.5975346565246582,0.42606016993522644,0.9118194580078125,0.762666642665863,0.9258233308792114
66,1.1238619532936849,0.3409711420536041,0.20552462339401245,0.8184443116188049,0.547608494758606,0.8438524603843689,1.1238619532936849,0.38440027832984924,0.23793040215969086,0.8703659772872925,0.44714978337287903,0.9124859571456909,0.5975346565246582,0.42606016993522644,0.9118194580078125,0.762666642665863,0.9258233308792114
67,1.1238070962891114,0.34289032220840454,0.2069208025932312,0.819413959980011,0.5493516325950623,0.844749391078949,1.1238070962891114,0.38721269369125366,0.24008911848068237,0.8712314367294312,0.4494677484035492,0.9132068157196045,0.5975346565246582,0.42606016993522644,0.9118194580078125,0.762666642665863,0.9258233308792114
68,1.1214890139198692,0.34488070011138916,0.20837219059467316,0.8205925226211548,0.5505998730659485,0.8459215760231018,1.1214890139198692,0.3899831175804138,0.24222299456596375,0.872020423412323,0.45195305347442627,0.9138270020484924,0.5975346565246582,0.42606016993522644,0.9118194580078125,0.762666642665863,0.9258233308792114
69,1.1268829617543374,0.34657353162765503,0.20960937440395355,0.8214982748031616,0.5519397854804993,0.8467863202095032,1.1268829617543374,0.3926752805709839,0.2443036586046219,0.8727811574935913,0.4543733596801758,0.9144225716590881,0.5975346565246582,0.42606016993522644,0.9118194580078125,0.762666642665863,0.9258233308792114
70,1.1252256981373892,0.34820595383644104,0.2108047902584076,0.8222889304161072,0.5534757375717163,0.8475066423416138,1.1252256981373892,0.39523205161094666,0.24628609418869019,0.8736086487770081,0.4562779664993286,0.9151428937911987,0.5975346565246582,0.42606016993522644,0.9118194580078125,0.762666642665863,0.9258233308792114
71,1.1220243085059187,0.3499525785446167,0.21208645403385162,0.823318362236023,0.5545180439949036,0.8485347628593445,1.1220243085059187,0.39767396450042725,0.2481854110956192,0.8741419315338135,0.4590134918689728,0.9154569506645203,0.5975346565246582,0.42606016993522644,0.9118194580078125,0.762666642665863,0.9258233308792114
72,1.1232526525574253,0.3514961302280426,0.21322138607501984,0.8239574432373047,0.5562652349472046,0.8490700721740723,1.1232526525574253,0.4001341164112091,0.25010478496551514,0.8749038577079773,0.4609397351741791,0.9161030054092407,0.5975346565246582,0.42606016993522644,0.9118194580078125,0.762666642665863,0.9258233308792114
73,1.1235385917982876,0.35316216945648193,0.2144487500190735,0.8249636292457581,0.557127833366394,0.8500902652740479,1.1235385917982876,0.4025523066520691,0.251997172832489,0.8755083084106445,0.46335268020629883,0.9165274500846863,0.5975346565246582,0.42606016993522644,0.9118194580078125,0.762666642665863,0.9258233308792114
74,1.1216544585909898,0.354720801115036,0.21559925377368927,0.8257149457931519,0.5585291385650635,0.8507806658744812,1.1216544585909898,0.4049554765224457,0.2538835108280182,0.8761255145072937,0.4656810462474823,0.9169743657112122,0.5975346565246582,0.42606016993522644,0.9118194580078125,0.762666642665863,0.9258233308792114
75,1.123326983384998,0.3562049865722656,0.21669679880142212,0.8264012336730957,0.5599287748336792,0.8514008522033691,1.123326983384998,0.40726417303085327,0.2557010352611542,0.8768558502197266,0.4673880636692047,0.9176075458526611,0.5975346565246582,0.42606016993522644,0.9118194580078125,0.762666642665863,0.9258233308792114
76,1.116754931801243,0.3579273819923401,0.2179730385541916,0.8274450898170471,0.5607565641403198,0.8524648547172546,1.116754931801243,0.4091915786266327,0.25722241401672363,0.8770673871040344,0.47032275795936584,0.9175480008125305,0.5975346565246582,0.42606016993522644,0.9118194580078125,0.762666642665863,0.9258233308792114
77,1.1226267340081837,0.3592028021812439,0.2189197689294815,0.8277918696403503,0.5627408027648926,0.8526579737663269,1.1226267340081837,0.4113134741783142,0.25890159606933594,0.8778190612792969,0.47156447172164917,0.9182509183883667,0.5975346565246582,0.42606016993522644,0.9118194580078125,0.762666642665863,0.9258233308792114
78,1.1220788252645173,0.3607526123523712,0.2200721651315689,0.8288725018501282,0.562983512878418,0.8538172841072083,1.1220788252645173,0.4134756922721863,0.26061731576919556,0.8783190846443176,0.47384387254714966,0.9185738563537598,0.5975346565246582,0.42606016993522644,0.9118194580078125,0.762666642665863,0.9258233308792114
79,1.11377245698178,0.36232703924179077,0.22124512493610382,0.8296288251876831,0.5643314123153687,0.8545181155204773,1.11377245698178,0.4151443839073181,0.26194462180137634,0.8784195780754089,0.4767194986343384,0.9183982014656067,0.5975346565246582,0.42606016993522644,0.9118194580078125,0.762666642665863,0.9258233308792114
80,1.1250723691310656,0.3633323609828949,0.2219952642917633,0.8297838568687439,0.5662742853164673,0.8545054793357849,1.1250723691310656,0.4170782268047333,0.2634863257408142,0.8791311979293823,0.4777165949344635,0.9190813899040222,0.5975346565246582,0.42606016993522644,0.9118194580078125,0.762666642665863,0.9258233308792114
81,1.1281389445372745,0.36462897062301636,0.22296415269374847,0.8306854963302612,0.566438615322113,0.8554763197898865,1.1281389445372745,0.41897010803222656,0.2649982273578644,0.8798186182975769,0.478707879781723,0.9197385907173157,0.5975346565246582,0.42606016993522644,0.9118194580078125,0.762666642665863,0.9258233308792114
82,1.123529036273224,0.36595115065574646,0.2239537090063095,0.8315690755844116,0.5667193531990051,0.8564157485961914,1.123529036273224,0.4207044839859009,0.2663874328136444,0.8799907565116882,0.48143821954727173,0.9196560978889465,0.5975346565246582,0.42606016993522644,0.9118194580078125,0.762666642665863,0.9258233308792114
83,1.1217350205952008,0.36691734194755554,0.22467784583568573,0.8316489458084106,0.5688158273696899,0.8563061952590942,1.1217350205952008,0.4227409064769745,0.26802247762680054,0.8805238008499146,0.48331889510154724,0.9200549721717834,0.5975346565246582,0.42606016993522644,0.9118194580078125,0.762666642665863,0.9258233308792114
84,1.114130916185775,0.36832958459854126,0.2257378101348877,0.8323448896408081,0.569911539554596,0.8569648861885071,1.114130916185775,0.42470788955688477,0.2696057856082916,0.8811361193656921,0.48473086953163147,0.9205877184867859,0.5975346565246582,0.42606016993522644,0.9118194580078125,0.762666642665863,0.9258233308792114
85,1.1135478654440645,0.36989322304725647,0.22691358625888824,0.83335280418396,0.5702945590019226,0.858031690120697,1.1135478654440645,0.42603233456611633,0.2706741392612457,0.8811487555503845,0.4873126149177551,0.9203447103500366,0.5975346565246582,0.42606016993522644,0.9118194580078125,0.762666642665863,0.9258233308792114
86,1.1211208720670394,0.37090668082237244,0.22767682373523712,0.8336247205734253,0.5718357563018799,0.8581849932670593,1.1211208720670394,0.42787274718284607,0.27216166257858276,0.881523847579956,0.4894426167011261,0.9205451607704163,0.5975346565246582,0.42606016993522644,0.9118194580078125,0.762666642665863,0.9258233308792114
87,1.1193486408635809,0.3719756603240967,0.22848296165466309,0.8340089917182922,0.5731360912322998,0.8584831953048706,1.1193486408635809,0.4296092689037323,0.27356839179992676,0.88214510679245,0.49034032225608826,0.9211388826370239,0.5975346565246582,0.42606016993522644,0.9118194580078125,0.762666642665863,0.9258233308792114
88,1.1224601920204558,0.3731607496738434,0.2293778508901596,0.8347756266593933,0.5733925104141235,0.859297513961792,1.1224601920204558,0.43140533566474915,0.2750266492366791,0.8827107548713684,0.4915749132633209,0.9216379523277283,0.5975346565246582,0.42606016993522644,0.9118194580078125,0.762666642665863,0.9258233308792114
89,1.1161494001260452,0.3744083642959595,0.23032136261463165,0.8354580402374268,0.5740792155265808,0.8599793314933777,1.1161494001260452,0.4330328702926636,0.2763509750366211,0.8829271197319031,0.4939330816268921,0.9216411709785461,0.5975346565246582,0.42606016993522644,0.9118194580078125,0.762666642665863,0.9258233308792114
90,1.1213072360771772,0.37524107098579407,0.2309519350528717,0.8355446457862854,0.5758136510848999,0.8599116206169128,1.1213072360771772,0.4348220229148865,0.2778099477291107,0.8833463191986084,0.4957624077796936,0.9219200015068054,0.5975346565246582,0.42606016993522644,0.9118194580078125,0.762666642665863,0.9258233308792114
91,1.1133652613198173,0.376422256231308,0.23184745013713837,0.8360530734062195,0.5769269466400146,0.8603635430335999,1.1133652613198173,0.43659520149230957,0.27925923466682434,0.883899450302124,0.49698302149772644,0.9224067330360413,0.5975346565246582,0.42606016993522644,0.9118194580078125,0.762666642665863,0.9258233308792114
92,1.1168635066393948,0.3776342570781708,0.2327677458524704,0.8367883563041687,0.5773163437843323,0.8611310720443726,1.1168635066393948,0.43824607133865356,0.28061148524284363,0.8842599391937256,0.4987746477127075,0.9226248264312744,0.5975346565246582,0.42606016993522644,0.9118194580078125,0.762666642665863,0.9258233308792114
93,1.116144971048753,0.3787313997745514,0.23360198736190796,0.8372843265533447,0.5782520771026611,0.861585795879364,1.116144971048753,0.4396507441997528,0.28176432847976685,0.8844087719917297,0.5009827613830566,0.922568678855896,0.5975346565246582,0.42606016993522644,0.9118194580078125,0.762666642665863,0.9258233308792114
94,1.1158002159964808,0.3796650469303131,0.23431278765201569,0.8375436067581177,0.5796303153038025,0.8617398142814636,1.1158002159964808,0.44137269258499146,0.2831803858280182,0.8848406076431274,0.5026102662086487,0.922881543636322,0.5975346565246582,0.42606016993522644,0.9118194580078125,0.762666642665863,0.9258233308792114
95,1.11297905154255,0.380766361951828,0.2351522594690323,0.838026225566864,0.5806156396865845,0.8621752262115479,1.11297905154255,0.44299113750457764,0.2845142185688019,0.8853563666343689,0.5036534070968628,0.9233447909355164,0.5975346565246582,0.42606016993522644,0.9118194580078125,0.762666642665863,0.9258233308792114
96,1.1136175547227631,0.38192224502563477,0.23603461682796478,0.8386693596839905,0.5811513662338257,0.8628284931182861,1.1136175547227631,0.44464126229286194,0.285876989364624,0.8858284950256348,0.5049434900283813,0.923735499382019,0.5975346565246582,0.42606016993522644,0.9118194580078125,0.762666642665863,0.9258233308792114
97,1.1120786729507528,0.38301989436149597,0.23687367141246796,0.839195728302002,0.5819615721702576,0.8633278608322144,1.1120786729507528,0.4462164044380188,0.2871805429458618,0.8861284255981445,0.5068385601043701,0.9238766431808472,0.5975346565246582,0.42606016993522644,0.9118194580078125,0.762666642665863,0.9258233308792114
98,1.1097338181872374,0.38403967022895813,0.23765422403812408,0.8395098447799683,0.583334743976593,0.8635426759719849,1.1097338181872374,0.44783949851989746,0.2885265350341797,0.8865243792533875,0.5084033012390137,0.9241563081741333,0.5975346565246582,0.42606016993522644,0.9118194580078125,0.762666642665863,0.9258233308792114
99,1.1116564245213274,0.3851049840450287,0.2384706735610962,0.8399856090545654,0.5842243432998657,0.8639798164367676,1.1116564245213274,0.449444442987442,0.2898602783679962,0.8869720697402954,0.5096940398216248,0.9245200753211975,0.5975346565246582,0.42606016993522644,0.9118194580078125,0.762666642665863,0.9258233308792114
100,1.1161899811402065,0.3861352801322937,0.23926132917404175,0.8405587077140808,0.5846686363220215,0.8645649552345276,1.1161899811402065,0.45089998841285706,0.29107221961021423,0.8872573971748352,0.5114056468009949,0.9246634840965271,0.5975346565246582,0.42606016993522644,0.9118194580078125,0.762666642665863,0.9258233308792114
101,1.1073403049282688,0.38727089762687683,0.24013394117355347,0.841076672077179,0.5855713486671448,0.8650466799736023,1.1073403049282688,0.4522024691104889,0.29215869307518005,0.8874228000640869,0.5133481621742249,0.9246520400047302,0.5975346565246582,0.42606016993522644,0.9118194580078125,0.762666642665863,0.9258233308792114
102,1.1167100969329542,0.38804537057876587,0.24072979390621185,0.8412730097770691,0.5867540240287781,0.8651506900787354,1.1167100969329542,0.45375290513038635,0.2934543192386627,0.8878424167633057,0.5146449208259583,0.924984335899353,0.5975346565246582,0.42606016993522644,0.9118194580078125,0.762666642665863,0.9258233308792114
103,1.1121596392440534,0.38903361558914185,0.24149090051651,0.8417407274246216,0.5874659419059753,0.8655954003334045,1.1121596392440534,0.4551994502544403,0.29466551542282104,0.8883008360862732,0.5155407190322876,0.9253992438316345,0.5975346565246582,0.42606016993522644,0.9118194580078125,0.762666642665863,0.9258233308792114
104,1.1142567301114483,0.39003491401672363,0.242263063788414,0.8423016667366028,0.5878562331199646,0.8661722540855408,1.1142567301114483,0.45669594407081604,0.2959209084510803,0.8886931538581848,0.5168384313583374,0.9257014393806458,0.5975346565246582,0.42606016993522644,0.9118194580078125,0.762666642665863,0.9258233308792114
105,1.1198183411221243,0.39073798060417175,0.24280577898025513,0.842557966709137,0.5886417031288147,0.866378664970398,1.1198183411221243,0.4581412374973297,0.29713568091392517,0.8890138864517212,0.5183590054512024,0.925902783870697,0.5975346565246582,0.42606016993522644,0.9118194580078125,0.762666642665863,0.9258233308792114
106,1.1051262614190398,0.3917727470397949,0.24360544979572296,0.8429645299911499,0.589674711227417,0.8667266368865967,1.1051262614190398,0.45951661467552185,0.298293799161911,0.8893030285835266,0.5198802947998047,0.9260693192481995,0.5975346565246582,0.42606016993522644,0.9118194580078125,0.762666642665863,0.9258233308792114
107,1.1185170268335027,0.39243367314338684,0.24411669373512268,0.8431749939918518,0.5905280113220215,0.866876482963562,1.1185170268335027,0.46091461181640625,0.2994730770587921,0.8896596431732178,0.5211299061775208,0.9263370633125305,0.5975346565246582,0.42606016993522644,0.9118194580078125,0.762666642665863,0.9258233308792114
108,1.1161634412847117,0.39329755306243896,0.2447856366634369,0.8436076045036316,0.5910314321517944,0.8673025965690613,1.1161634412847117,0.4622455835342407,0.30059778690338135,0.8899600505828857,0.5225019454956055,0.9265307784080505,0.5975346565246582,0.42606016993522644,0.9118194580078125,0.762666642665863,0.9258233308792114
109,1.1119675154449662,0.39422351121902466,0.24550341069698334,0.8440626859664917,0.5916016697883606,0.867746889591217,1.1119675154449662,0.46339598298072815,0.3015715181827545,0.8901181817054749,0.5241709351539612,0.9265385866165161,0.5975346565246582,0.42606016993522644,0.9118194580078125,0.762666642665863,0.9258233308792114
110,1.10807500102849,0.39509117603302,0.24617676436901093,0.8443578481674194,0.5926265716552734,0.8679737448692322,1.10807500102849,0.46471068263053894,0.30268606543540955,0.8903933167457581,0.5256298184394836,0.9266958236694336,0.5975346565246582,0.42606016993522644,0.9118194580078125,0.762666642665863,0.9258233308792114
111,1.114678288760486,0.39578086137771606,0.2467125505208969,0.8445554971694946,0.5935807228088379,0.8681005835533142,1.114678288760486,0.4660102128982544,0.3037896454334259,0.890788197517395,0.52647864818573,0.9270455837249756,0.5975346565246582,0.42606016993522644,0.9118194580078125,0.762666642665863,0.9258233308792114
112,1.115893190616816,0.39658766984939575,0.2473398745059967,0.8449634909629822,0.5940190553665161,0.8685058951377869,1.115893190616816,0.46728214621543884,0.3048716187477112,0.8911738991737366,0.5273072719573975,0.9273871779441833,0.5975346565246582,0.42606016993522644,0.9118194580078125,0.762666642665863,0.9258233308792114
113,1.1077245779320204,0.3975425958633423,0.2480831742286682,0.8454546928405762,0.5945046544075012,0.8689975142478943,1.1077245779320204,0.46848177909851074,0.3058937191963196,0.8913910388946533,0.5287971496582031,0.9274776577949524,0.5975346565246582,0.42606016993522644,0.9118194580078125,0.762666642665863,0.9258233308792114
114,1.1078573356735102,0.39832696318626404,0.24869437515735626,0.8456831574440002,0.5955677628517151,0.8691479563713074,1.1078573356735102,0.46943745017051697,0.30670908093452454,0.8914609551429749,0.5304883122444153,0.9273862838745117,0.5975346565246582,0.42606016993522644,0.9118194580078125,0.762666642665863,0.9258233308792114
115,1.115295388905805,0.39886876940727234,0.2491168975830078,0.8457427024841309,0.5966854691505432,0.8691081404685974,1.115295388905805,0.4706829786300659,0.30777332186698914,0.8918017148971558,0.5314738154411316,0.9276627898216248,0.5975346565246582,0.42606016993522644,0.9118194580078125,0.762666642665863,0.9258233308792114
116,1.1101082648289542,0.39978137612342834,0.24982930719852448,0.846244215965271,0.5970155596733093,0.8696256875991821,1.1101082648289542,0.47191205620765686,0.30882519483566284,0.8921328783035278,0.5324669480323792,0.92792809009552,0.5975346565246582,0.42606016993522644,0.9118194580078125,0.762666642665863,0.9258233308792114
117,1.1107765846508775,0.4006417691707611,0.2505016624927521,0.8466954231262207,0.5973994731903076,0.870083212852478,1.1107765846508775,0.47297295928001404,0.3097344934940338,0.8923009037971497,0.5339054465293884,0.9279696345329285,0.5975346565246582,0.42606016993522644,0.9118194580078125,0.762666642665863,0.9258233308792114
118,1.1109621715177198,0.40130552649497986,0.2510208487510681,0.8468884825706482,0.5982958078384399,0.8702104091644287,1.1109621715177198,0.47402137517929077,0.3106343746185303,0.8924503922462463,0.5354111194610596,0.9279842376708984,0.5975346565246582,0.42606016993522644,0.9118194580078125,0.762666642665863,0.9258233308792114
119,1.1084629876748924,0.401965856552124,0.2515377700328827,0.8470364212989807,0.5993613600730896,0.8702722787857056,1.1084629876748924,0.47522345185279846,0.3116675913333893,0.8927821516990662,0.5363389253616333,0.928256630897522,0.5975346565246582,0.42606016993522644,0.9118194580078125,0.762666642665863,0.9258233308792114
120,1.107201954494064,0.4028016924858093,0.2521926760673523,0.8474361300468445,0.5998803973197937,0.8706606030464172,1.107201954494064,0.4764057397842407,0.31268545985221863,0.8931180238723755,0.5371991395950317,0.9285403490066528,0.5975346565246582,0.42606016993522644,0.9118194580078125,0.762666642665863,0.9258233308792114
121,1.1105256614030012,0.4035523235797882,0.2527814507484436,0.8477848172187805,0.6003764867782593,0.8709956407546997,1.1105256614030012,0.47754672169685364,0.31366920471191406,0.8933697938919067,0.5383906960487366,0.9286985397338867,0.5975346565246582,0.42606016993522644,0.9118194580078125,0.762666642665863,0.9258233308792114
122,1.1045456928458108,0.4043445885181427,0.2534034550189972,0.8480884432792664,0.6011603474617004,0.8712539076805115,1.1045456928458108,0.4785005748271942,0.314492791891098,0.8934915661811829,0.5398356318473816,0.928688645362854,0.5975346565246582,0.42606016993522644,0.9118194580078125,0.762666642665863,0.9258233308792114
123,1.108019046579355,0.404992938041687,0.2539129853248596,0.8482638597488403,0.6020845174789429,0.87135910987854,1.108019046579355,0.47958478331565857,0.3154301345348358,0.8937256932258606,0.5409941673278809,0.9288307428359985,0.5975346565246582,0.42606016993522644,0.9118194580078125,0.762666642665863,0.9258233308792114
124,1.1118723260553005,0.40563052892684937,0.2544143795967102,0.8484998941421509,0.6027383208274841,0.8715559840202332,1.1118723260553005,0.4807140827178955,0.3164079189300537,0.894043505191803,0.5418219566345215,0.9290978312492371,0.5975346565246582,0.42606016993522644,0.9118194580078125,0.762666642665863,0.9258233308792114
125,1.110464437541119,0.40638163685798645,0.2550056278705597,0.8488792777061462,0.6031044721603394,0.871936559677124,1.110464437541119,0.48182934522628784,0.31737494468688965,0.8943385481834412,0.542732298374176,0.9293316602706909,0.5975346565246582,0.42606016993522644,0.9118194580078125,0.762666642665863,0.9258233308792114
126,1.1108303746726182,0.4070884883403778,0.25556257367134094,0.8492210507392883,0.6035071015357971,0.8722726702690125,1.1108303746726182,0.4827411472797394,0.3181666433811188,0.8944591879844666,0.5440962314605713,0.9293285012245178,0.5975346565246582,0.42606016993522644,0.9118194580078125,0.762666642665863,0.9258233308792114
127,1.1091295553388973,0.40765851736068726,0.2560120224952698,0.849346399307251,0.6044299006462097,0.8723232746124268,1.1091295553388973,0.4837142527103424,0.3190125823020935,0.8946225643157959,0.5453749299049377,0.9293808937072754,0.5975346565246582,0.42606016993522644,0.9118194580078125,0.762666642665863,0.9258233308792114
128,1.1110438724380758,0.4081915020942688,0.25643259286880493,0.8494560122489929,0.6053140759468079,0.8723605871200562,1.1110438724380758,0.4847771227359772,0.3199378252029419,0.8949207663536072,0.5461509227752686,0.9296315908432007,0.5975346565246582,0.42606016993522644,0.9118194580078125,0.762666642665863,0.9258233308792114
129,1.1092397196196213,0.40888896584510803,0.25698333978652954,0.849787712097168,0.6057311296463013,0.8726840615272522,1.1092397196196213,0.48582497239112854,0.32085126638412476,0.8952229619026184,0.5468696355819702,0.9298923015594482,0.5975346565246582,0.42606016993522644,0.9118194580078125,0.762666642665863,0.9258233308792114
130,1.1043417957038986,0.40970566868782043,0.25762882828712463,0.8502136468887329,0.606056272983551,0.8731195330619812,1.1043417957038986,0.4865615963935852,0.3214941620826721,0.895256519317627,0.5483089685440063,0.929785966873169,0.5975346565246582,0.42606016993522644,0.9118194580078125,0.762666642665863,0.9258233308792114
131,1.11043582313496,0.4101261794567108,0.2579614818096161,0.850212574005127,0.6071160435676575,0.8730188608169556,1.11043582313496,0.48736080527305603,0.32219237089157104,0.8953410387039185,0.5496217012405396,0.9297482967376709,0.5975346565246582,0.42606016993522644,0.9118194580078125,0.762666642665863,0.9258233308792114
132,1.1055210516737448,0.4107085168361664,0.2584224343299866,0.8503550887107849,0.6079992055892944,0.873091995716095,1.1055210516737448,0.48837921023368835,0.32308316230773926,0.8956151008605957,0.5504217147827148,0.9299699664115906,0.5975346565246582,0.42606016993522644,0.9118194580078125,0.762666642665863,0.9258233308792114
133,1.104414833940077,0.4115022122859955,0.25905120372772217,0.8507663607597351,0.6083159446716309,0.8735122084617615,1.104414833940077,0.48937559127807617,0.32395583391189575,0.8958589434623718,0.5513298511505127,0.9301477074623108,0.5975346565246582,0.42606016993522644,0.9118194580078125,0.762666642665863,0.9258233308792114
134,1.1034237132421723,0.4122363328933716,0.2596333622932434,0.8511047959327698,0.6087852120399475,0.8738380670547485,1.1034237132421723,0.49018168449401855,0.3246626853942871,0.8959513306617737,0.5526204109191895,0.9301208257675171,0.5975346565246582,0.42606016993522644,0.9118194580078125,0.762666642665863,0.9258233308792114
135,1.1132457432879228,0.4126087427139282,0.2599288523197174,0.8511270880699158,0.6096398234367371,0.8737818598747253,1.1132457432879228,0.491120308637619,0.3254867196083069,0.896145761013031,0.5536633133888245,0.9302307963371277,0.5975346565246582,0.42606016993522644,0.9118194580078125,0.762666642665863,0.9258233308792114
136,1.1059580040532162,0.413173645734787,0.2603774070739746,0.851301908493042,0.6103474497795105,0.8739066123962402,1.1059580040532162,0.4920966923236847,0.3263449966907501,0.896399974822998,0.5544701218605042,0.930429995059967,0.5975346565246582,0.42606016993522644,0.9118194580078125,0.762666642665863,0.9258233308792114
137,1.1096991981455662,0.4137469530105591,0.26083287596702576,0.8515419363975525,0.6108047962188721,0.8741262555122375,1.1096991981455662,0.49306580424308777,0.32719796895980835,0.8966451287269592,0.5553067326545715,0.9306163191795349,0.5975346565246582,0.42606016993522644,0.9118194580078125,0.762666642665863,0.9258233308792114
138,1.0928617718721216,0.41463392972946167,0.2615383267402649,0.8519631624221802,0.6113049983978271,0.8745399713516235,1.0928617718721216,0.49361926317214966,0.3276855945587158,0.8966162204742432,0.5566934943199158,0.9304465055465698,0.5975346565246582,0.42606016993522644,0.9118194580078125,0.762666642665863,0.9258233308792114
139,1.1108592186048463,0.4149761497974396,0.26181069016456604,0.8519353866577148,0.6122817397117615,0.8744179606437683,1.1108592186048463,0.49445056915283203,0.32841870188713074,0.8967577219009399,0.5577834248542786,0.9304936528205872,0.5975346565246582,0.42606016993522644,0.9118194580078125,0.762666642665863,0.9258233308792114
140,1.1068461256808007,0.41549769043922424,0.26222604513168335,0.8520956635475159,0.6129336953163147,0.874532163143158,1.1068461256808007,0.49539434909820557,0.3292519450187683,0.89701908826828,0.5584759712219238,0.930712103843689,0.5975346565246582,0.42606016993522644,0.9118194580078125,0.762666642665863,0.9258233308792114
141,1.1013807444403545,0.4162749946117401,0.26284557580947876,0.8525028228759766,0.6132047772407532,0.8749521374702454,1.1013807444403545,0.49631375074386597,0.33006471395492554,0.8972317576408386,0.5593760013580322,0.9308564066886902,0.5975346565246582,0.42606016993522644,0.9118194580078125,0.762666642665863,0.9258233308792114
142,1.1010752061738383,0.4169210195541382,0.2633608877658844,0.8527601957321167,0.6137703061103821,0.8751803636550903,1.1010752061738383,0.4970191419124603,0.3306889235973358,0.8972861766815186,0.5606600642204285,0.9307882785797119,0.5975346565246582,0.42606016993522644,0.9118194580078125,0.762666642665863,0.9258233308792114
143,1.1039035934302581,0.41735023260116577,0.26370349526405334,0.8527801632881165,0.614771842956543,0.8751081824302673,1.1039035934302581,0.4978809654712677,0.3314523994922638,0.8974617719650269,0.5616337060928345,0.9308846592903137,0.5975346565246582,0.42606016993522644,0.9118194580078125,0.762666642665863,0.9258233308792114
144,1.1032476265227285,0.4178931713104248,0.2641371786594391,0.8529462218284607,0.6154560446739197,0.8752254247665405,1.1032476265227285,0.49878644943237305,0.3322555124759674,0.8977208733558655,0.5622479915618896,0.9311082363128662,0.5975346565246582,0.42606016993522644,0.9118194580078125,0.762666642665863,0.9258233308792114
145,1.102939503549619,0.418584406375885,0.26468971371650696,0.8532986640930176,0.6157289743423462,0.8755852580070496,1.102939503549619,0.4996868073940277,0.3330549895763397,0.8979532122612,0.5629947781562805,0.9312893748283386,0.5975346565246582,0.42606016993522644,0.9118194580078125,0.762666642665863,0.9258233308792114
146,1.1034873415895907,0.41922393441200256,0.2652013599872589,0.8535903096199036,0.6161155700683594,0.8758682608604431,1.1034873415895907,0.5003036856651306,0.3336033225059509,0.897982656955719,0.5642221570014954,0.9311997294425964,0.5975346565246582,0.42606016993522644,0.9118194580078125,0.762666642665863,0.9258233308792114
147,1.1039726493932995,0.41965827345848083,0.2655491232872009,0.853645920753479,0.6169817447662354,0.8758478164672852,1.1039726493932995,0.501059353351593,0.33427566289901733,0.8981015086174011,0.565271258354187,0.9312259554862976,0.5975346565246582,0.42606016993522644,0.9118194580078125,0.762666642665863,0.9258233308792114
148,1.1025837268193706,0.42017000913619995,0.2659590244293213,0.8537893295288086,0.6176698207855225,0.875940203666687,1.1025837268193706,0.5019317865371704,0.3350526988506317,0.8983339667320251,0.5659533143043518,0.9314136505126953,0.5975346565246582,0.42606016993522644,0.9118194580078125,0.762666642665863,0.9258233308792114
149,1.107841477021089,0.4207116961479187,0.26639324426651,0.8540377020835876,0.6179920434951782,0.8761816620826721,1.107841477021089,0.5027912259101868,0.3358190655708313,0.8985704779624939,0.5665812492370605,0.931611180305481,0.5975346565246582,0.42606016993522644,0.9118194580078125,0.762666642665863,0.9258233308792114
150,1.1022800880360637,0.42135536670684814,0.2669095993041992,0.854353129863739,0.6182829141616821,0.8764996528625488,1.1022800880360637,0.5034770965576172,0.3364312946796417,0.8986515402793884,0.567683756351471,0.9315906167030334,0.5975346565246582,0.42606016993522644,0.9118194580078125,0.762666642665863,0.9258233308792114
151,1.1077119358613206,0.4216797947883606,0.2671700417995453,0.8543640971183777,0.6190613508224487,0.8764384984970093,1.1077119358613206,0.504108190536499,0.33699509501457214,0.8987038135528564,0.5688249468803406,0.9315345287322998,0.5975346565246582,0.42606016993522644,0.9118194580078125,0.762666642665863,0.9258233308792114
152,1.1114555852825578,0.4219057261943817,0.2673514485359192,0.8543099761009216,0.6198744773864746,0.8763027787208557,1.1114555852825578,0.5049463510513306,0.3377446234226227,0.8989245891571045,0.5694918036460876,0.9317108392715454,0.5975346565246582,0.42606016993522644,0.9118194580078125,0.762666642665863,0.9258233308792114
153,1.1050864487868721,0.42246338725090027,0.267799437046051,0.8545734286308289,0.6201732754707336,0.8765626549720764,1.1050864487868721,0.5057756304740906,0.33848708868026733,0.8991600871086121,0.5700525641441345,0.9319140315055847,0.5975346565246582,0.42606016993522644,0.9118194580078125,0.762666642665863,0.9258233308792114
154,1.099428738603708,0.42313772439956665,0.26834163069725037,0.8549176454544067,0.6204225420951843,0.8769155740737915,1.099428738603708,0.5065304636955261,0.33916357159614563,0.8992967009544373,0.5710020065307617,0.9319697022438049,0.5975346565246582,0.42606016993522644,0.9118194580078125,0.762666642665863,0.9258233308792114
155,1.1051063110222734,0.4235415458679199,0.26866650581359863,0.8550063967704773,0.6210718750953674,0.8769515752792358,1.1051063110222734,0.507135272026062,0.3397061228752136,0.8993406295776367,0.5721359252929688,0.9319051504135132,0.5975346565246582,0.42606016993522644,0.9118194580078125,0.762666642665863,0.9258233308792114
156,1.108426251107426,0.4238138198852539,0.26888567209243774,0.8549787402153015,0.6218808889389038,0.8768455386161804,1.108426251107426,0.5079222321510315,0.3404127359390259,0.8995162844657898,0.572938084602356,0.9320186376571655,0.5975346565246582,0.42606016993522644,0.9118194580078125,0.762666642665863,0.9258233308792114
157,1.1034436702438646,0.4242803752422333,0.2692613899707794,0.8551272749900818,0.6224299669265747,0.876956582069397,1.1034436702438646,0.5087130665779114,0.3411235511302948,0.899746835231781,0.5734351277351379,0.9322226047515869,0.5975346565246582,0.42606016993522644,0.9118194580078125,0.762666642665863,0.9258233308792114
158,1.1068228570658905,0.42484769225120544,0.2697185277938843,0.8554363250732422,0.622546374797821,0.8772838115692139,1.1068228570658905,0.5094850063323975,0.34181809425354004,0.8999323844909668,0.5741448402404785,0.9323558807373047,0.5975346565246582,0.42606016993522644,0.9118194580078125,0.762666642665863,0.9258233308792114
159,1.1068507469204614,0.4252849817276001,0.2700710892677307,0.855595588684082,0.6229748129844666,0.8774177432060242,1.1068507469204614,0.5101544260978699,0.3424209952354431,0.9000393152236938,0.5750695466995239,0.9323814511299133,0.5975346565246582,0.42606016993522644,0.9118194580078125,0.762666642665863,0.9258233308792114
160,1.1011764494865108,0.4257352948188782,0.2704344093799591,0.8557131886482239,0.6236109733581543,0.8774867653846741,1.1011764494865108,0.5108178853988647,0.3430190980434418,0.9001431465148926,0.5759994983673096,0.9324031472206116,0.5975346565246582,0.42606016993522644,0.9118194580078125,0.762666642665863,0.9258233308792114
161,1.0990129825349546,0.42621394991874695,0.27082082629203796,0.8558447360992432,0.6242629885673523,0.8775696754455566,1.0990129825349546,0.5115618109703064,0.34369030594825745,0.900314450263977,0.5767260193824768,0.9325190186500549,0.5975346565246582,0.42606016993522644,0.9118194580078125,0.762666642665863,0.9258233308792114
162,1.1094038742408947,0.4265522062778473,0.2710939943790436,0.8559289574623108,0.6247570514678955,0.8776154518127441,1.1094038742408947,0.5122988224029541,0.3443560302257538,0.9005225896835327,0.5772218108177185,0.932698667049408,0.5975346565246582,0.42606016993522644,0.9118194580078125,0.762666642665863,0.9258233308792114
163,1.0998401578529016,0.4271501898765564,0.27157726883888245,0.8562190532684326,0.62502121925354,0.8779082894325256,1.0998401578529016,0.5130365490913391,0.34502294659614563,0.900702953338623,0.5778790712356567,0.9328314661979675,0.5975346565246582,0.42606016993522644,0.9118194580078125,0.762666642665863,0.9258233308792114
164,1.1014922882127356,0.4276541471481323,0.2719847857952118,0.8564218878746033,0.6254236698150635,0.8780925273895264,1.1014922882127356,0.5136122107505798,0.34554389119148254,0.9007603526115417,0.5788772702217102,0.9327953457832336,0.5975346565246582,0.42606016993522644,0.9118194580078125,0.762666642665863,0.9258233308792114
165,1.099693771520656,0.4280256927013397,0.27228546142578125,0.8564592003822327,0.6262091994285583,0.8780595660209656,1.099693771520656,0.5141952037811279,0.34607183933258057,0.9008268713951111,0.579841136932373,0.9327725768089294,0.5975346565246582,0.42606016993522644,0.9118194580078125,0.762666642665863,0.9258233308792114
166,1.100933709608018,0.42842456698417664,0.27260836958885193,0.8565493822097778,0.6268370747566223,0.878099262714386,1.100933709608018,0.5149173736572266,0.3467264473438263,0.9010008573532104,0.5804996490478516,0.932898223400116,0.5975346565246582,0.42606016993522644,0.9118194580078125,0.762666642665863,0.9258233308792114
167,1.09742313070326,0.42898494005203247,0.2730622887611389,0.8567887544631958,0.6272231340408325,0.8783249258995056,1.09742313070326,0.5156300663948059,0.34737300872802734,0.9011733531951904,0.5811443328857422,0.9330237507820129,0.5975346565246582,0.42606016993522644,0.9118194580078125,0.762666642665863,0.9258233308792114
168,1.1015637024720968,0.4294818639755249,0.273465096950531,0.8570065498352051,0.62754225730896,0.878533124923706,1.1015637024720968,0.5162516236305237,0.3479374349117279,0.9012749195098877,0.5819938778877258,0.933050811290741,0.5975346565246582,0.42606016993522644,0.9118194580078125,0.762666642665863,0.9258233308792114
169,1.100511640965094,0.4298851490020752,0.27379220724105835,0.8571155071258545,0.6280984878540039,0.8786001205444336,1.100511640965094,0.5168156623840332,0.34845006465911865,0.9013407826423645,0.5829206705093384,0.9330310225486755,0.5975346565246582,0.42606016993522644,0.9118194580078125,0.762666642665863,0.9258233308792114
170,1.102252199177879,0.4301877021789551,0.2740376889705658,0.8571282029151917,0.6288176774978638,0.8785465955734253,1.102252199177879,0.5174881219863892,0.3490616977214813,0.9015056490898132,0.5835152268409729,0.9331532716751099,0.5975346565246582,0.42606016993522644,0.9118194580078125,0.762666642665863,0.9258233308792114
171,1.1061827687925772,0.43054258823394775,0.27432575821876526,0.8572407960891724,0.6292340159416199,0.8786306381225586,1.1061827687925772,0.5181240439414978,0.3496406078338623,0.9017072319984436,0.5838063955307007,0.9333458542823792,0.5975346565246582,0.42606016993522644,0.9118194580078125,0.762666642665863,0.9258233308792114
172,1.104601482736336,0.43105125427246094,0.2747389078140259,0.8575165867805481,0.6293265223503113,0.8789234161376953,1.104601482736336,0.5187830924987793,0.35024115443229675,0.9018886089324951,0.5842695832252502,0.9334991574287415,0.5975346565246582,0.42606016993522644,0.9118194580078125,0.762666642665863,0.9258233308792114
173,1.0990828512954263,0.43158844113349915,0.2751755118370056,0.8577735424041748,0.629568874835968,0.8791817426681519,1.0990828512954263,0.5192694067955017,0.35068458318710327,0.9019189476966858,0.585227906703949,0.9334371089935303,0.5975346565246582,0.42606016993522644,0.9118194580078125,0.762666642665863,0.9258233308792114
174,1.1011684002154278,0.4318661093711853,0.2754013240337372,0.8577579259872437,0.6303482055664062,0.8790916204452515,1.1011684002154278,0.5197500586509705,0.351123183965683,0.9019493460655212,0.5861737728118896,0.9333764910697937,0.5975346565246582,0.42606016993522644,0.9118194580078125,0.762666642665863,0.9258233308792114
175,1.0922407067956583,0.43232277035713196,0.2757728397846222,0.8578565120697021,0.6310796737670898,0.879131019115448,1.0922407067956583,0.5203970074653625,0.35171395540237427,0.9020978808403015,0.5868048071861267,0.9334770441055298,0.5975346565246582,0.42606016993522644,0.9118194580078125,0.762666642665863,0.9258233308792114
176,1.0977113993023235,0.43278104066848755,0.276145875453949,0.8580260872840881,0.6315051317214966,0.879276692867279,1.0977113993023235,0.5210466980934143,0.3523077666759491,0.9022732377052307,0.5872806310653687,0.9336224794387817,0.5975346565246582,0.42606016993522644,0.9118194580078125,0.762666642665863,0.9258233308792114
177,1.1053697533747862,0.43321776390075684,0.2765016257762909,0.8582317233085632,0.6317089200019836,0.879482626914978,1.1053697533747862,0.5216912031173706,0.3528973460197449,0.9024311900138855,0.5878476500511169,0.9337396621704102,0.5975346565246582,0.42606016993522644,0.9118194580078125,0.762666642665863,0.9258233308792114
178,1.101835914353141,0.433631956577301,0.27683913707733154,0.8583977818489075,0.6320363283157349,0.8796334266662598,1.101835914353141,0.5222571492195129,0.35341545939445496,0.9025219678878784,0.5886344313621521,0.9337611198425293,0.5975346565246582,0.42606016993522644,0.9118194580078125,0.762666642665863,0.9258233308792114
179,1.099935663188589,0.43395480513572693,0.27710238099098206,0.8584415912628174,0.6326683759689331,0.879622220993042,1.099935663188589,0.5228192806243896,0.3539304733276367,0.9026164412498474,0.5893903970718384,0.933789849281311,0.5975346565246582,0.42606016993522644,0.9118194580078125,0.762666642665863,0.9258233308792114
180,1.0997051890117064,0.43429094552993774,0.27737653255462646,0.8585042357444763,0.6332505941390991,0.8796363472938538,1.0997051890117064,0.5234254598617554,0.35448628664016724,0.9027536511421204,0.5899922847747803,0.9338807463645935,0.5975346565246582,0.42606016993522644,0.9118194580078125,0.762666642665863,0.9258233308792114
181,1.097756906169688,0.43471759557724,0.2777247130870819,0.8586615920066833,0.6336480379104614,0.8797710537910461,1.097756906169688,0.5240185260772705,0.35503053665161133,0.9029015898704529,0.5904967784881592,0.9339932203292847,0.5975346565246582,0.42606016993522644,0.9118194580078125,0.762666642665863,0.9258233308792114
182,1.101500923823675,0.4351082146167755,0.2780436873435974,0.8588135838508606,0.6339730024337769,0.8799068927764893,1.101500923823675,0.5245909094810486,0.3555562198162079,0.903026282787323,0.5910929441452026,0.9340710639953613,0.5975346565246582,0.42606016993522644,0.9118194580078125,0.762666642665863,0.9258233308792114
183,1.1020331475123135,0.43542230129241943,0.2783002257347107,0.8588866591453552,0.6344566345214844,0.8799412250518799,1.1020331475123135,0.5251564979553223,0.35607612133026123,0.9031479954719543,0.591691792011261,0.9341452717781067,0.5975346565246582,0.42606016993522644,0.9118194580078125,0.762666642665863,0.9258233308792114
184,1.1007484665052854,0.43576741218566895,0.27858224511146545,0.8589845299720764,0.6349063515663147,0.8800061941146851,1.1007484665052854,0.5257125496864319,0.3565875291824341,0.9032663702964783,0.5922882556915283,0.9342159032821655,0.5975346565246582,0.42606016993522644,0.9118194580078125,0.762666642665863,0.9258233308792114
185,1.100129836653263,0.4361327886581421,0.2788810133934021,0.8591009378433228,0.6353245973587036,0.8800943493843079,1.100129836653263,0.5262489318847656,0.35708126425743103,0.9033756852149963,0.5928928256034851,0.9342761039733887,0.5975346565246582,0.42606016993522644,0.9118194580078125,0.762666642665863,0.9258233308792114
186,1.0995672557245006,0.436524361371994,0.2792012691497803,0.8592450022697449,0.6356875896453857,0.8802177309989929,1.0995672557245006,0.526776134967804,0.3575669229030609,0.9034776091575623,0.5935211181640625,0.9343255758285522,0.5975346565246582,0.42606016993522644,0.9118194580078125,0.762666642665863,0.9258233308792114
187,1.0994507023831959,0.43687307834625244,0.27948668599128723,0.8593490123748779,0.6361216306686401,0.8802907466888428,1.0994507023831959,0.5272648930549622,0.3580174744129181,0.9035516381263733,0.5942301750183105,0.9343363642692566,0.5975346565246582,0.42606016993522644,0.9118194580078125,0.762666642665863,0.9258233308792114
188,1.0971896069678846,0.437222421169281,0.27977269887924194,0.8594340085983276,0.6366409659385681,0.8803350329399109,1.0971896069678846,0.5277572870254517,0.35847166180610657,0.9036237001419067,0.5949602723121643,0.9343430399894714,0.5975346565246582,0.42606016993522644,0.9118194580078125,0.762666642665863,0.9258233308792114
189,1.0998331247234368,0.4374895989894867,0.2799915075302124,0.8594602346420288,0.6372157335281372,0.8803095817565918,1.0998331247234368,0.5283175706863403,0.35898882150650024,0.9037487506866455,0.5955256223678589,0.9344242215156555,0.5975346565246582,0.42606016993522644,0.9118194580078125,0.762666642665863,0.9258233308792114
190,1.1012141647458886,0.4378226101398468,0.28026437759399414,0.8595685958862305,0.637587308883667,0.8803932070732117,1.1012141647458886,0.5288755893707275,0.3595043420791626,0.9038872122764587,0.5960021018981934,0.9345290660858154,0.5975346565246582,0.42606016993522644,0.9118194580078125,0.762666642665863,0.9258233308792114
191,1.0977607898162551,0.43824663758277893,0.28061196208000183,0.8597468733787537,0.6378750801086426,0.880561351776123,1.0977607898162551,0.5294046998023987,0.35999348759651184,0.9039888381958008,0.5966377854347229,0.9345775246620178,0.5975346565246582,0.42606016993522644,0.9118194580078125,0.762666642665863,0.9258233308792114
192,1.1007415024977085,0.4385398030281067,0.28085237741470337,0.8598100543022156,0.638346254825592,0.8805862665176392,1.1007415024977085,0.5298988819122314,0.3604506254196167,0.9040677547454834,0.5973310470581055,0.9345952868461609,0.5975346565246582,0.42606016993522644,0.9118194580078125,0.762666642665863,0.9258233308792114
193,1.0989133416920582,0.4388038218021393,0.2810690104961395,0.8598415851593018,0.6388954520225525,0.8805689811706543,1.0989133416920582,0.5304232239723206,0.3609360158443451,0.9041750431060791,0.5979203581809998,0.9346546530723572,0.5975346565246582,0.42606016993522644,0.9118194580078125,0.762666642665863,0.9258233308792114
194,1.097897531348588,0.43916261196136475,0.28136348724365234,0.8599551320075989,0.639304518699646,0.8806549310684204,1.097897531348588,0.5309479832649231,0.36142218112945557,0.9042959213256836,0.5984253287315369,0.9347373247146606,0.5975346565246582,0.42606016993522644,0.9118194580078125,0.762666642665863,0.9258233308792114
195,1.0944081820607734,0.439586341381073,0.2817114293575287,0.8601179122924805,0.6396589875221252,0.8807997703552246,1.0944081820607734,0.5314587354660034,0.36189568042755127,0.9043963551521301,0.5990248918533325,0.9347879886627197,0.5975346565246582,0.42606016993522644,0.9118194580078125,0.762666642665863,0.9258233308792114
196,1.0984761937686196,0.43987953662872314,0.2819523513317108,0.8601847290992737,0.6401190757751465,0.8808295130729675,1.0984761937686196,0.5319361090660095,0.3623385429382324,0.904473602771759,0.5996894836425781,0.934806764125824,0.5975346565246582,0.42606016993522644,0.9118194580078125,0.762666642665863,0.9258233308792114
197,1.0928965498238332,0.44022688269615173,0.2822377681732178,0.8602606058120728,0.6406735777854919,0.8808606266975403,1.0928965498238332,0.5324171781539917,0.36278513073921204,0.9045573472976685,0.6003230214118958,0.9348357319831848,0.5975346565246582,0.42606016993522644,0.9118194580078125,0.762666642665863,0.9258233308792114
198,1.1010614161246175,0.4404875636100769,0.2824521064758301,0.8603149056434631,0.6411060690879822,0.8808792233467102,1.1010614161246175,0.5329228639602661,0.3632548153400421,0.9046670198440552,0.600852370262146,0.9349036812782288,0.5975346565246582,0.42606016993522644,0.9118194580078125,0.762666642665863,0.9258233308792114
199,1.1040059654536258,0.4407598376274109,0.2826760709285736,0.86039137840271,0.6414554715156555,0.8809303641319275,1.1040059654536258,0.5334325432777405,0.3637286424636841,0.9047949910163879,0.6012756824493408,0.935002326965332,0.5975346565246582,0.42606016993522644,0.9118194580078125,0.762666642665863,0.9258233308792114
