,train_loss,train_dice,train_iou,train_acc,train_sens,train_spec,val_loss,val_dice,val_iou,val_acc,val_sens,val_spec,test_dice,test_iou,test_acc,test_sens,test_spec
0,0.8494229302142525,0.0,0.0,0.9141416549682617,0.0,1.0,0.8494229302142525,0.0,0.0,0.90948486328125,0.0,1.0,0.22856305539608002,0.12902691960334778,0.4373016357421875,0.9711999893188477,0.3871743083000183
1,0.8481711442518782,0.00022227902081795037,0.00011115186498500407,0.914210319519043,0.00011115310189779848,0.999998927116394,0.8481711442518782,0.16738642752170563,0.09133754670619965,0.8256950378417969,0.19356878101825714,0.8886064887046814,0.22856305539608002,0.12902691960334778,0.4373016357421875,0.9711999893188477,0.3871743083000183
2,0.8463091680031495,0.16677826642990112,0.09097550064325333,0.8081445693969727,0.22375133633613586,0.8630010485649109,0.8463091680031495,0.19595345854759216,0.1086188480257988,0.790191650390625,0.2824511229991913,0.8407237529754639,0.22856305539608002,0.12902691960334778,0.4373016357421875,0.9711999893188477,0.3871743083000183
3,0.8439985255751967,0.1916547566652298,0.10598349571228027,0.7469875812530518,0.34950312972068787,0.7843015789985657,0.8439985255751967,0.20614515244960785,0.11491741240024567,0.7690258026123047,0.3313174247741699,0.812588095664978,0.22856305539608002,0.12902691960334778,0.4373016357421875,0.9711999893188477,0.3871743083000183
4,0.8415307092869517,0.20133711397647858,0.11193709820508957,0.7069801092147827,0.4304635226726532,0.7329321503639221,0.8415307092869517,0.21067790687084198,0.11774174124002457,0.7516037225723267,0.3662339746952057,0.7899570465087891,0.22856305539608002,0.12902691960334778,0.4373016357421875,0.9711999893188477,0.3871743083000183
5,0.839378540672251,0.20646362006664276,0.11511538177728653,0.6783010363578796,0.4878807067871094,0.6961677670478821,0.839378540672251,0.2136351764202118,0.11959213763475418,0.7346356511116028,0.398235559463501,0.7681154012680054,0.22856305539608002,0.12902691960334778,0.4373016357421875,0.9711999893188477,0.3871743083000183
6,0.8371729859922588,0.20983615517616272,0.11721616983413696,0.6554972529411316,0.5331609845161438,0.6669782996177673,0.8371729859922588,0.21602335572242737,0.12109091132879257,0.7152481079101562,0.43342405557632446,0.743296205997467,0.22856305539608002,0.12902691960334778,0.4373016357421875,0.9711999893188477,0.3871743083000183
7,0.8357556532146819,0.2121291309595108,0.11864902079105377,0.6355955600738525,0.5718895792961121,0.6415730118751526,0.8357556532146819,0.21905529499053955,0.12299948930740356,0.693913459777832,0.47427091002464294,0.7157730460166931,0.22856305539608002,0.12902691960334778,0.4373016357421875,0.9711999893188477,0.3871743083000183
8,0.8340727634592429,0.21412716805934906,0.11990057677030563,0.6171231865882874,0.6081589460372925,0.6179641485214233,0.8340727634592429,0.22240011394023895,0.12511257827281952,0.6714417934417725,0.5190866589546204,0.6866047382354736,0.22856305539608002,0.12902691960334778,0.4373016357421875,0.9711999893188477,0.3871743083000183
9,0.8325573410658197,0.21567198634147644,0.12087015062570572,0.5997087359428406,0.6416245102882385,0.5957760810852051,0.8325573410658197,0.22466394305229187,0.12654727697372437,0.648882269859314,0.5620111227035522,0.6575280427932739,0.22856305539608002,0.12902691960334778,0.4373016357421875,0.9711999893188477,0.3871743083000183
10,0.8319529818471519,0.21677139401435852,0.1215611919760704,0.5836986303329468,0.6716433763504028,0.5754475593566895,0.8319529818471519,0.22608882188796997,0.12745216488838196,0.6283257007598877,0.5997900366783142,0.6311656832695007,0.22856305539608002,0.12902691960334778,0.4373016357421875,0.9711999893188477,0.3871743083000183
11,0.8317144527077668,0.21752922236919403,0.12203802913427353,0.5692074298858643,0.6981468796730042,0.557110607624054,0.8317144527077668,0.22704215347766876,0.12805840373039246,0.6104500889778137,0.6320661902427673,0.6082987785339355,0.22856305539608002,0.12902691960334778,0.4373016357421875,0.9711999893188477,0.3871743083000183
12,0.8317008310431915,0.21804475784301758,0.1223626434803009,0.5564613342285156,0.7209988236427307,0.5410251617431641,0.8317008310431915,0.2277759164571762,0.12852546572685242,0.595156729221344,0.6596296429634094,0.5887401700019836,0.22856305539608002,0.12902691960334778,0.4373016357421875,0.9711999893188477,0.3871743083000183
13,0.8317861849250878,0.21841053664684296,0.12259307503700256,0.5453770756721497,0.7406451106071472,0.527059018611908,0.8317861849250878,0.22836633026599884,0.12890155613422394,0.5820862650871277,0.6832132935523987,0.5720217823982239,0.22856305539608002,0.12902691960334778,0.4373016357421875,0.9711999893188477,0.3871743083000183
14,0.8315517597602119,0.21875005960464478,0.12280706316232681,0.5358282923698425,0.7576883435249329,0.5150151252746582,0.8315517597602119,0.22885379195213318,0.12921226024627686,0.5708953738212585,0.7034502029418945,0.5577030777931213,0.22856305539608002,0.12902691960334778,0.4373016357421875,0.9711999893188477,0.3871743083000183
15,0.8316944980627872,0.219048872590065,0.12299544364213943,0.5276094079017639,0.7725139856338501,0.5046363472938538,0.8316944980627872,0.22928060591220856,0.12948444485664368,0.5612969398498535,0.7209256887435913,0.5454100966453552,0.22856305539608002,0.12902691960334778,0.4373016357421875,0.9711999893188477,0.3871743083000183
16,0.8314182688078279,0.219358891248703,0.12319096177816391,0.5205324292182922,0.7854960560798645,0.4956773519515991,0.8314182688078279,0.22968275845050812,0.12974101305007935,0.5530821681022644,0.7360973358154297,0.5348678827285767,0.22856305539608002,0.12902691960334778,0.4373016357421875,0.9711999893188477,0.3871743083000183
17,0.8314863208942236,0.21964341402053833,0.123370461165905,0.514411211013794,0.7968735098838806,0.48791560530662537,0.8314863208942236,0.2300557792186737,0.12997911870479584,0.5460281372070312,0.7492929100990295,0.525798499584198,0.22856305539608002,0.12902691960334778,0.4373016357421875,0.9711999893188477,0.3871743083000183
18,0.8311849656340269,0.21994510293006897,0.12356085330247879,0.5091284513473511,0.8069114089012146,0.481193870306015,0.8311849656340269,0.23040692508220673,0.13020333647727966,0.5399298667907715,0.7608643770217896,0.5179416537284851,0.22856305539608002,0.12902691960334778,0.4373016357421875,0.9711999893188477,0.3871743083000183
19,0.8312544960188534,0.22022543847560883,0.12373782694339752,0.504552960395813,0.8157404661178589,0.4753600060939789,0.8312544960188534,0.2307404726743698,0.1304164081811905,0.5346332788467407,0.7710721492767334,0.511102020740509,0.22856305539608002,0.12902691960334778,0.4373016357421875,0.9711999893188477,0.3871743083000183
20,0.8314565308042555,0.22046934068202972,0.12389184534549713,0.5005547404289246,0.8235175013542175,0.47025811672210693,0.8314565308042555,0.2310446947813034,0.13061082363128662,0.5299838781356812,0.7801110744476318,0.5050903558731079,0.22856305539608002,0.12902691960334778,0.4373016357421875,0.9711999893188477,0.3871743083000183
21,0.8313399764169926,0.22070299088954926,0.1240394338965416,0.49700728058815,0.8304892182350159,0.4657236933708191,0.8313399764169926,0.231320321559906,0.13078701496124268,0.5258150696754456,0.7882516980171204,0.4996964931488037,0.22856305539608002,0.12902691960334778,0.4373016357421875,0.9711999893188477,0.3871743083000183
22,0.8313870092149224,0.22091607749462128,0.12417406588792801,0.49380502104759216,0.8368217945098877,0.46162736415863037,0.8313870092149224,0.2315681129693985,0.13094545900821686,0.5219859480857849,0.7957247495651245,0.4947424829006195,0.22856305539608002,0.12902691960334778,0.4373016357421875,0.9711999893188477,0.3871743083000183
23,0.8314182113051447,0.22110894322395325,0.12429594248533249,0.49088189005851746,0.8426161408424377,0.45788729190826416,0.8314182113051447,0.23178090155124664,0.13108155131340027,0.5184046626091003,0.8026452660560608,0.49011602997779846,0.22856305539608002,0.12902691960334778,0.4373016357421875,0.9711999893188477,0.3871743083000183
24,0.8314009653249695,0.22128444910049438,0.12440688163042068,0.4881504774093628,0.848020076751709,0.45439356565475464,0.8314009653249695,0.23197013139724731,0.1312026083469391,0.5150372385978699,0.8091166615486145,0.4857694208621979,0.22856305539608002,0.12902691960334778,0.4373016357421875,0.9711999893188477,0.3871743083000183
25,0.8311331101324366,0.2214571237564087,0.12451604753732681,0.4855985939502716,0.8530611991882324,0.45112764835357666,0.8311331101324366,0.23213507235050201,0.1313081532716751,0.5118563771247864,0.8151777982711792,0.48166877031326294,0.22856305539608002,0.12902691960334778,0.4373016357421875,0.9711999893188477,0.3871743083000183
26,0.8313745604900578,0.22160421311855316,0.12460905313491821,0.4831847846508026,0.8578197956085205,0.448042094707489,0.8313745604900578,0.23227620124816895,0.13139846920967102,0.5088472962379456,0.8208523988723755,0.47779542207717896,0.22856305539608002,0.12902691960334778,0.4373016357421875,0.9711999893188477,0.3871743083000183
27,0.8313851429623254,0.22173544764518738,0.12469204515218735,0.48090651631355286,0.8622816801071167,0.44513267278671265,0.8313851429623254,0.2323964387178421,0.13147543370723724,0.5060059428215027,0.8261577486991882,0.4741433262825012,0.22856305539608002,0.12902691960334778,0.4373016357421875,0.9711999893188477,0.3871743083000183
28,0.8310950394149453,0.22186554968357086,0.12477432936429977,0.47874417901039124,0.8664911389350891,0.44237104058265686,0.8310950394149453,0.23250676691532135,0.1315460503101349,0.5033301115036011,0.8311466574668884,0.4707046449184418,0.22856305539608002,0.12902691960334778,0.4373016357421875,0.9711999893188477,0.3871743083000183
29,0.8312608060003771,0.2219759225845337,0.12484417855739594,0.47670188546180725,0.8704434633255005,0.43976646661758423,0.8312608060003771,0.23260869085788727,0.13161131739616394,0.5008143186569214,0.8358339071273804,0.46747198700904846,0.22856305539608002,0.12902691960334778,0.4373016357421875,0.9711999893188477,0.3871743083000183
30,0.8311674167364838,0.22208161652088165,0.12491103261709213,0.47478413581848145,0.8741512298583984,0.4373202323913574,0.8311674167364838,0.23270027339458466,0.13166995346546173,0.49844804406166077,0.8402268886566162,0.4644330143928528,0.22856305539608002,0.12902691960334778,0.4373016357421875,0.9711999893188477,0.3871743083000183
31,0.8313528046268492,0.22217358648777008,0.12496922165155411,0.4729800820350647,0.8776434063911438,0.435020387172699,0.8313528046268492,0.23278456926345825,0.13172394037246704,0.49622440338134766,0.8443505764007568,0.4615776538848877,0.22856305539608002,0.12902691960334778,0.4373016357421875,0.9711999893188477,0.3871743083000183
32,0.831397461870885,0.2222587764263153,0.12502312660217285,0.4712964594364166,0.8809110522270203,0.4328737258911133,0.831397461870885,0.23286376893520355,0.1317746490240097,0.49413901567459106,0.8482217788696289,0.45889943838119507,0.22856305539608002,0.12902691960334778,0.4373016357421875,0.9711999893188477,0.3871743083000183
33,0.8312264532063012,0.22234511375427246,0.1250777542591095,0.46970877051353455,0.88399738073349,0.4308475852012634,0.8312264532063012,0.23293976485729218,0.13182333111763,0.49218660593032837,0.8518578410148621,0.4563908576965332,0.22856305539608002,0.12902691960334778,0.4373016357421875,0.9711999893188477,0.3871743083000183
34,0.8310773610780768,0.22243604063987732,0.12513533234596252,0.468231201171875,0.8869032859802246,0.4289577305316925,0.8310773610780768,0.2330126017332077,0.13186998665332794,0.49035927653312683,0.8552716374397278,0.4540419280529022,0.22856305539608002,0.12902691960334778,0.4373016357421875,0.9711999893188477,0.3871743083000183
35,0.8312023552321883,0.2225184589624405,0.12518750131130219,0.46684762835502625,0.889634907245636,0.42718809843063354,0.8312023552321883,0.23308302462100983,0.13191509246826172,0.4886521100997925,0.8584747314453125,0.45184606313705444,0.22856305539608002,0.12902691960334778,0.4373016357421875,0.9711999893188477,0.3871743083000183
36,0.8311784875382737,0.22260010242462158,0.12523916363716125,0.46556296944618225,0.8921980261802673,0.4255424439907074,0.8311784875382737,0.23314958810806274,0.1319577395915985,0.48706281185150146,0.861463725566864,0.44980111718177795,0.22856305539608002,0.12902691960334778,0.4373016357421875,0.9711999893188477,0.3871743083000183
37,0.8312267041208108,0.2226780503988266,0.12528853118419647,0.46436700224876404,0.8946050405502319,0.42400893568992615,0.8312267041208108,0.23321588337421417,0.13200020790100098,0.4855912923812866,0.864255428314209,0.4479053020477295,0.22856305539608002,0.12902691960334778,0.4373016357421875,0.9711999893188477,0.3871743083000183
38,0.8312771530782843,0.22276055812835693,0.1253407597541809,0.46328848600387573,0.8968578577041626,0.4226190745830536,0.8312771530782843,0.2332838922739029,0.13204379379749298,0.48422905802726746,0.8668737411499023,0.4461469054222107,0.22856305539608002,0.12902691960334778,0.4373016357421875,0.9711999893188477,0.3871743083000183
39,0.8309784806522786,0.2228517234325409,0.12539848685264587,0.46232232451438904,0.8989197015762329,0.4213676154613495,0.8309784806522786,0.23335057497024536,0.13208651542663574,0.48295193910598755,0.8693442344665527,0.4444968104362488,0.22856305539608002,0.12902691960334778,0.4373016357421875,0.9711999893188477,0.3871743083000183
40,0.8312629092039118,0.22293028235435486,0.12544824182987213,0.4614267945289612,0.9008418917655945,0.420208603143692,0.8312629092039118,0.23341335356235504,0.13212674856185913,0.4817385673522949,0.8716901540756226,0.4429292380809784,0.22856305539608002,0.12902691960334778,0.4373016357421875,0.9711999893188477,0.3871743083000183
41,0.8311190060277507,0.22301019728183746,0.12549886107444763,0.4605681002140045,0.9026906490325928,0.4190957546234131,0.8311190060277507,0.23347021639347076,0.13216319680213928,0.4805717468261719,0.8739303350448608,0.44142332673072815,0.22856305539608002,0.12902691960334778,0.4373016357421875,0.9711999893188477,0.3871743083000183
42,0.8312315006824624,0.22308249771595,0.12554465234279633,0.45973798632621765,0.9044720530509949,0.41802144050598145,0.8312315006824624,0.23352168500423431,0.13219618797302246,0.4794519245624542,0.8760663270950317,0.4399794340133667,0.22856305539608002,0.12902691960334778,0.4373016357421875,0.9711999893188477,0.3871743083000183
43,0.8310980595660634,0.22315426170825958,0.12559010088443756,0.45892542600631714,0.9062053561210632,0.4169699549674988,0.8310980595660634,0.2335691899061203,0.1322266310453415,0.478376567363739,0.8781090974807739,0.4385937750339508,0.22856305539608002,0.12902691960334778,0.4373016357421875,0.9711999893188477,0.3871743083000183
44,0.8309652044321267,0.2232251763343811,0.125635027885437,0.45814210176467896,0.907867968082428,0.41595613956451416,0.8309652044321267,0.23361392319202423,0.13225530087947845,0.47734543681144714,0.8800647854804993,0.43726539611816406,0.22856305539608002,0.12902691960334778,0.4373016357421875,0.9711999893188477,0.3871743083000183
45,0.830906504935039,0.22329671680927277,0.12568038702011108,0.4573928713798523,0.909473717212677,0.41498470306396484,0.830906504935039,0.23365850746631622,0.13228388130664825,0.47636595368385315,0.8819336295127869,0.4360024333000183,0.22856305539608002,0.12902691960334778,0.4373016357421875,0.9711999893188477,0.3871743083000183
46,0.8310252687481006,0.22336332499980927,0.12572255730628967,0.45669859647750854,0.9109772443771362,0.4140838384628296,0.8310252687481006,0.23370160162448883,0.13231150805950165,0.47543302178382874,0.8837175965309143,0.43479910492897034,0.22856305539608002,0.12902691960334778,0.4373016357421875,0.9711999893188477,0.3871743083000183
47,0.8314284660483039,0.22341613471508026,0.12575602531433105,0.4560337960720062,0.9124140739440918,0.41322410106658936,0.8314284660483039,0.23374612629413605,0.13234004378318787,0.4745520055294037,0.8854219317436218,0.4336607754230499,0.22856305539608002,0.12902691960334778,0.4373016357421875,0.9711999893188477,0.3871743083000183
48,0.8310665385814868,0.2234780490398407,0.12579526007175446,0.45541444420814514,0.9137752652168274,0.41241878271102905,0.8310665385814868,0.23378947377204895,0.1323678344488144,0.47371533513069153,0.8870463967323303,0.4325791597366333,0.22856305539608002,0.12902691960334778,0.4373016357421875,0.9711999893188477,0.3871743083000183
49,0.8309965236535192,0.22354117035865784,0.12583526968955994,0.4548255205154419,0.9150876998901367,0.411651074886322,0.8309965236535192,0.23383165895938873,0.13239488005638123,0.47291824221611023,0.8885990977287292,0.43154820799827576,0.22856305539608002,0.12902691960334778,0.4373016357421875,0.9711999893188477,0.3871743083000183
50,0.8309903702809169,0.2236030250787735,0.12587447464466095,0.4542630910873413,0.916350245475769,0.4109170436859131,0.8309903702809169,0.2338736355304718,0.1324218064546585,0.4721609354019165,0.8900843262672424,0.43056774139404297,0.22856305539608002,0.12902691960334778,0.4373016357421875,0.9711999893188477,0.3871743083000183
51,0.8311794953806266,0.22365882992744446,0.12590985000133514,0.4537348449230194,0.9175481200218201,0.4102276563644409,0.8311794953806266,0.23391596972942352,0.1324489414691925,0.4714456796646118,0.8915011286735535,0.4296402633190155,0.22856305539608002,0.12902691960334778,0.4373016357421875,0.9711999893188477,0.3871743083000183
52,0.8311653566354944,0.223713219165802,0.1259443312883377,0.45322757959365845,0.9187018275260925,0.40956535935401917,0.8311653566354944,0.2339581400156021,0.13247598707675934,0.470767617225647,0.8928548693656921,0.42875999212265015,0.22856305539608002,0.12902691960334778,0.4373016357421875,0.9711999893188477,0.3871743083000183
53,0.8309870838998337,0.2237696349620819,0.12598007917404175,0.45275062322616577,0.9197929501533508,0.4089408814907074,0.8309870838998337,0.23399928212165833,0.13250237703323364,0.47012951970100403,0.8941366076469421,0.4279308319091797,0.22856305539608002,0.12902691960334778,0.4373016357421875,0.9711999893188477,0.3871743083000183
54,0.8311276711360098,0.22382652759552002,0.12601613998413086,0.452318012714386,0.9208346605300903,0.408370703458786,0.8311276711360098,0.23403975367546082,0.13252833485603333,0.4695245921611786,0.8953595161437988,0.42714399099349976,0.22856305539608002,0.12902691960334778,0.4373016357421875,0.9711999893188477,0.3871743083000183
55,0.8310285995011799,0.22388480603694916,0.1260530799627304,0.4519152045249939,0.9218227863311768,0.40783748030662537,0.8310285995011799,0.23407875001430511,0.1325533390045166,0.4689476788043976,0.8965281844139099,0.4263933598995209,0.22856305539608002,0.12902691960334778,0.4373016357421875,0.9711999893188477,0.3871743083000183
56,0.8312870773754419,0.22393642365932465,0.1260858029127121,0.4515250325202942,0.922784149646759,0.40732207894325256,0.8312870773754419,0.2341158092021942,0.1325771063566208,0.46839049458503723,0.8976544141769409,0.4256686270236969,0.22856305539608002,0.12902691960334778,0.4373016357421875,0.9711999893188477,0.3871743083000183
57,0.8310424235040103,0.22399139404296875,0.1261206567287445,0.451163649559021,0.9236860275268555,0.40684235095977783,0.8310424235040103,0.23415108025074005,0.13259972631931305,0.4678477644920349,0.8987475633621216,0.4249630868434906,0.22856305539608002,0.12902691960334778,0.4373016357421875,0.9711999893188477,0.3871743083000183
58,0.8308617212153273,0.22404584288597107,0.12615518271923065,0.45080024003982544,0.9245684146881104,0.4063611328601837,0.8308617212153273,0.23418420553207397,0.13262097537517548,0.4673115313053131,0.8998194336891174,0.4242668151855469,0.22856305539608002,0.12902691960334778,0.4373016357421875,0.9711999893188477,0.3871743083000183
59,0.8309896735361993,0.22409576177597046,0.12618684768676758,0.4504321217536926,0.9254506826400757,0.4058755040168762,0.8309896735361993,0.23421530425548553,0.13264091312885284,0.46678149700164795,0.9008709788322449,0.4235793650150299,0.22856305539608002,0.12902691960334778,0.4373016357421875,0.9711999893188477,0.3871743083000183
60,0.8309483574582469,0.22414594888687134,0.12621867656707764,0.45007193088531494,0.9263203740119934,0.40539976954460144,0.8309483574582469,0.2342454344034195,0.13266025483608246,0.46626344323158264,0.9018977284431458,0.42290759086608887,0.22856305539608002,0.12902691960334778,0.4373016357421875,0.9711999893188477,0.3871743083000183
61,0.8309775265061458,0.22419500350952148,0.126249760389328,0.4497321546077728,0.927153468132019,0.40494993329048157,0.8309775265061458,0.2342749834060669,0.13267919421195984,0.4657610058784485,0.902895450592041,0.42225584387779236,0.22856305539608002,0.12902691960334778,0.4373016357421875,0.9711999893188477,0.3871743083000183
62,0.8309714749918988,0.22424310445785522,0.1262802928686142,0.4494049549102783,0.9279623627662659,0.40451619029045105,0.8309714749918988,0.23430271446704865,0.1326969861984253,0.4652736485004425,0.9038588404655457,0.4216241240501404,0.22856305539608002,0.12902691960334778,0.4373016357421875,0.9711999893188477,0.3871743083000183
63,0.8308498060790916,0.22429397702217102,0.12631255388259888,0.44909635186195374,0.9287431240081787,0.40410488843917847,0.8308498060790916,0.23433047533035278,0.13271479308605194,0.46480512619018555,0.9047907590866089,0.42101621627807617,0.22856305539608002,0.12902691960334778,0.4373016357421875,0.9711999893188477,0.3871743083000183
64,0.831042724105806,0.22433656454086304,0.12633958458900452,0.4487810432910919,0.9295102953910828,0.4036884307861328,0.831042724105806,0.23435825109481812,0.13273261487483978,0.4643575847148895,0.9056875109672546,0.4204348623752594,0.22856305539608002,0.12902691960334778,0.4373016357421875,0.9711999893188477,0.3871743083000183
65,0.8308547307743157,0.22438465058803558,0.12637007236480713,0.44849321246147156,0.9302438497543335,0.4033043086528778,0.8308547307743157,0.2343870848417282,0.13275112211704254,0.463931679725647,0.906553328037262,0.4198804199695587,0.22856305539608002,0.12902691960334778,0.4373016357421875,0.9711999893188477,0.3871743083000183
66,0.8311961555021053,0.2244246006011963,0.12639543414115906,0.4482097327709198,0.9309599995613098,0.4029283821582794,0.8311961555021053,0.23441487550735474,0.13276894390583038,0.463521808385849,0.9073869585990906,0.41934677958488464,0.22856305539608002,0.12902691960334778,0.4373016357421875,0.9711999893188477,0.3871743083000183
67,0.8307132259566327,0.2244739532470703,0.12642672657966614,0.44795775413513184,0.9316269755363464,0.40258902311325073,0.8307132259566327,0.23444244265556335,0.13278663158416748,0.46312153339385986,0.9082034826278687,0.4188253879547119,0.22856305539608002,0.12902691960334778,0.4373016357421875,0.9711999893188477,0.3871743083000183
68,0.8311205252027261,0.22451376914978027,0.1264519840478897,0.44770586490631104,0.9322816133499146,0.4022529721260071,0.8311205252027261,0.2344689965248108,0.13280366361141205,0.46273085474967957,0.9089988470077515,0.41831669211387634,0.22856305539608002,0.12902691960334778,0.4373016357421875,0.9711999893188477,0.3871743083000183
69,0.8307276801148455,0.22456122934818268,0.12648209929466248,0.44746753573417664,0.9329204559326172,0.40193140506744385,0.8307276801148455,0.23449359834194183,0.13281945884227753,0.462340772151947,0.9097834825515747,0.41780969500541687,0.22856305539608002,0.12902691960334778,0.4373016357421875,0.9711999893188477,0.3871743083000183
70,0.8306743682641858,0.2246079444885254,0.12651173770427704,0.44722533226013184,0.9335582256317139,0.4016055166721344,0.8306743682641858,0.23451556265354156,0.1328335404396057,0.46194684505462646,0.9105615019798279,0.4172991216182709,0.22856305539608002,0.12902691960334778,0.4373016357421875,0.9711999893188477,0.3871743083000183
71,0.8308967124842506,0.2246488630771637,0.12653771042823792,0.4469810128211975,0.9341903924942017,0.4012789726257324,0.8308967124842506,0.2345360666513443,0.13284669816493988,0.461555153131485,0.9113283753395081,0.4167921543121338,0.22856305539608002,0.12902691960334778,0.4373016357421875,0.9711999893188477,0.3871743083000183
72,0.8307662049338596,0.2246929109096527,0.12656565010547638,0.4467511773109436,0.93480384349823,0.40096941590309143,0.8307662049338596,0.23455442488193512,0.1328584849834442,0.4611634612083435,0.912084698677063,0.4162862002849579,0.22856305539608002,0.12902691960334778,0.4373016357421875,0.9711999893188477,0.3871743083000183
73,0.8309110502153547,0.2247316688299179,0.12659025192260742,0.4465163052082062,0.9354111552238464,0.40065568685531616,0.8309110502153547,0.2345723658800125,0.13287000358104706,0.46077924966812134,0.9128262400627136,0.415789932012558,0.22856305539608002,0.12902691960334778,0.4373016357421875,0.9711999893188477,0.3871743083000183
74,0.8309263804580538,0.2247697114944458,0.12661439180374146,0.4462879002094269,0.9360063076019287,0.40035030245780945,0.8309263804580538,0.23459158837795258,0.13288234174251556,0.46041199564933777,0.9135457277297974,0.41531452536582947,0.22856305539608002,0.12902691960334778,0.4373016357421875,0.9711999893188477,0.3871743083000183
75,0.8308532693004378,0.22480927407741547,0.12663951516151428,0.4460788667201996,0.9365699291229248,0.4000686705112457,0.8308532693004378,0.2346099615097046,0.1328941285610199,0.4600527882575989,0.914247453212738,0.41484972834587097,0.22856305539608002,0.12902691960334778,0.4373016357421875,0.9711999893188477,0.3871743083000183
76,0.8308642623932537,0.2248460352420807,0.12666283547878265,0.44586482644081116,0.937127947807312,0.39978209137916565,0.8308642623932537,0.23462851345539093,0.13290603458881378,0.4597069025039673,0.91492760181427,0.41440171003341675,0.22856305539608002,0.12902691960334778,0.4373016357421875,0.9711999893188477,0.3871743083000183
77,0.8310641351532937,0.2248791605234146,0.12668386101722717,0.4456614553928375,0.9376656413078308,0.39951005578041077,0.8310641351532937,0.23464621603488922,0.1329173892736435,0.4593758285045624,0.9155784845352173,0.4139729142189026,0.22856305539608002,0.12902691960334778,0.4373016357421875,0.9711999893188477,0.3871743083000183
78,0.8308297602271547,0.22491787374019623,0.12670843303203583,0.44547775387763977,0.9381840229034424,0.3992604613304138,0.8308297602271547,0.23466375470161438,0.13292865455150604,0.45905786752700806,0.9162064790725708,0.4135608375072479,0.22856305539608002,0.12902691960334778,0.4373016357421875,0.9711999893188477,0.3871743083000183
79,0.8308573711206754,0.22495634853839874,0.12673284113407135,0.44531068205833435,0.9386751651763916,0.39903175830841064,0.8308573711206754,0.23468028008937836,0.13293924927711487,0.45875176787376404,0.9168092608451843,0.41316428780555725,0.22856305539608002,0.12902691960334778,0.4373016357421875,0.9711999893188477,0.3871743083000183
80,0.8307413989117595,0.22499580681324005,0.1267579048871994,0.44514426589012146,0.9391623735427856,0.3988036811351776,0.8307413989117595,0.23469553887844086,0.13294903934001923,0.4584636092185974,0.9173753261566162,0.41279107332229614,0.22856305539608002,0.12902691960334778,0.4373016357421875,0.9711999893188477,0.3871743083000183
81,0.8307540044147581,0.2250354290008545,0.12678304314613342,0.4449979364871979,0.9396176934242249,0.3986005187034607,0.8307540044147581,0.23471111059188843,0.1329590380191803,0.4581930637359619,0.9179131984710693,0.41244009137153625,0.22856305539608002,0.12902691960334778,0.4373016357421875,0.9711999893188477,0.3871743083000183
82,0.8307652109365045,0.225075364112854,0.12680840492248535,0.444867342710495,0.9400506615638733,0.3984169065952301,0.8307652109365045,0.23472781479358673,0.13296975195407867,0.45793601870536804,0.9184340238571167,0.41210564970970154,0.22856305539608002,0.12902691960334778,0.4373016357421875,0.9711999893188477,0.3871743083000183
83,0.8309019985771957,0.22511176764965057,0.126831516623497,0.44473934173583984,0.9404700398445129,0.398237943649292,0.8309019985771957,0.23474687337875366,0.13298198580741882,0.4577023684978485,0.9189274311065674,0.4117996096611023,0.22856305539608002,0.12902691960334778,0.4373016357421875,0.9711999893188477,0.3871743083000183
84,0.8308159807658027,0.22515299916267395,0.1268576979637146,0.44464394450187683,0.9408544301986694,0.39809754490852356,0.8308159807658027,0.23476341366767883,0.13299259543418884,0.45746153593063354,0.9194201231002808,0.41148582100868225,0.22856305539608002,0.12902691960334778,0.4373016357421875,0.9711999893188477,0.3871743083000183
85,0.8305677128369233,0.22519232332706451,0.1268826723098755,0.44452032446861267,0.941257655620575,0.39792346954345703,0.8305677128369233,0.23478078842163086,0.13300375640392303,0.4572329819202423,0.9198964238166809,0.411187082529068,0.22856305539608002,0.12902691960334778,0.4373016357421875,0.9711999893188477,0.3871743083000183
86,0.8308120445521686,0.22522825002670288,0.12690547108650208,0.44440656900405884,0.9416459202766418,0.3977627456188202,0.8308120445521686,0.23480108380317688,0.13301678001880646,0.4570334553718567,0.9203385710716248,0.41092368960380554,0.22856305539608002,0.12902691960334778,0.4373016357421875,0.9711999893188477,0.3871743083000183
87,0.8307760950913085,0.2252681851387024,0.126930832862854,0.4443388879299164,0.9419777393341064,0.39765769243240356,0.8307760950913085,0.23483547568321228,0.13303886353969574,0.45692262053489685,0.9207026362419128,0.4107655882835388,0.22856305539608002,0.12902691960334778,0.4373016357421875,0.9711999893188477,0.3871743083000183
88,0.8309174631038387,0.22531470656394958,0.1269603669643402,0.4443392753601074,0.9422436356544495,0.39763399958610535,0.8309174631038387,0.23485900461673737,0.1330539584159851,0.45676764845848083,0.9210859537124634,0.4105570614337921,0.22856305539608002,0.12902691960334778,0.4373016357421875,0.9711999893188477,0.3871743083000183
89,0.8306491995849471,0.22535765171051025,0.12698765099048615,0.4442838430404663,0.9425680637359619,0.3975428640842438,0.8306491995849471,0.23503990471363068,0.13317009806632996,0.4572383463382721,0.9212145209312439,0.4110617935657501,0.22856305539608002,0.12902691960334778,0.4373016357421875,0.9711999893188477,0.3871743083000183
90,0.8309753253062541,0.22542087733745575,0.12702779471874237,0.44440892338752747,0.9427204132080078,0.39766666293144226,0.8309753253062541,0.23505431413650513,0.13317935168743134,0.4570353627204895,0.9216328859329224,0.41079697012901306,0.22856305539608002,0.12902691960334778,0.4373016357421875,0.9711999893188477,0.3871743083000183
91,0.8308037693971896,0.22545233368873596,0.12704776227474213,0.44430893659591675,0.9430632591247559,0.39752528071403503,0.8308037693971896,0.23506797850131989,0.13318811357021332,0.4568149745464325,0.9220770001411438,0.41051045060157776,0.22856305539608002,0.12902691960334778,0.4373016357421875,0.9711999893188477,0.3871743083000183
92,0.8309612213861268,0.22547784447669983,0.12706397473812103,0.4441803991794586,0.9434300661087036,0.39735087752342224,0.8309612213861268,0.23508135974407196,0.13319671154022217,0.45659464597702026,0.9225197434425354,0.41022413969039917,0.22856305539608002,0.12902691960334778,0.4373016357421875,0.9711999893188477,0.3871743083000183
93,0.8308174594290468,0.2255040854215622,0.12708064913749695,0.44404926896095276,0.9437945485115051,0.3971732556819916,0.8308174594290468,0.2350948601961136,0.1332053691148758,0.45638495683670044,0.922944962978363,0.40995123982429504,0.22856305539608002,0.12902691960334778,0.4373016357421875,0.9711999893188477,0.3871743083000183
94,0.8306366989374878,0.2255336344242096,0.12709940969944,0.4439270496368408,0.9441515207290649,0.39700552821159363,0.8306366989374878,0.23510871827602386,0.13321428000926971,0.45619997382164,0.9233301877975464,0.40970951318740845,0.22856305539608002,0.12902691960334778,0.4373016357421875,0.9711999893188477,0.3871743083000183
95,0.8306149766801504,0.22556491196155548,0.1271192878484726,0.4438304603099823,0.9444741606712341,0.396869033575058,0.8306149766801504,0.23514243960380554,0.13323593139648438,0.4561340808868408,0.9236152172088623,0.40960872173309326,0.22856305539608002,0.12902691960334778,0.4373016357421875,0.9711999893188477,0.3871743083000183
96,0.8306161905568916,0.22560380399227142,0.127143993973732,0.4437989294528961,0.944740355014801,0.39680975675582886,0.8306161905568916,0.2352210134267807,0.13328638672828674,0.4587339460849762,0.9196016788482666,0.4128667712211609,0.22856305539608002,0.12902691960334778,0.4373016357421875,0.9711999893188477,0.3871743083000183
97,0.8307562892618156,0.22593671083450317,0.12735548615455627,0.4459804594516754,0.9428185820579529,0.39937564730644226,0.8307562892618156,0.23523356020450592,0.13329444825649261,0.45851564407348633,0.920036792755127,0.4125834107398987,0.22856305539608002,0.12902691960334778,0.4373016357421875,0.9711999893188477,0.3871743083000183
98,0.8309772916932232,0.2259553223848343,0.12736733257770538,0.4458446204662323,0.9431620240211487,0.39919543266296387,0.8309772916932232,0.23524481058120728,0.13330166041851044,0.4582354724407196,0.9205703139305115,0.4122222661972046,0.22856305539608002,0.12902691960334778,0.4373016357421875,0.9711999893188477,0.3871743083000183
99,0.8308946228629086,0.22596411406993866,0.12737292051315308,0.44562843441963196,0.9435750842094421,0.39892008900642395,0.8308946228629086,0.23525087535381317,0.13330556452274323,0.45791327953338623,0.9211488366127014,0.4118104577064514,0.22856305539608002,0.12902691960334778,0.4373016357421875,0.9711999893188477,0.3871743083000183
100,0.831269978481948,0.2259587049484253,0.1273694783449173,0.4453555941581726,0.9440234303474426,0.3985803425312042,0.831269978481948,0.2352513074874878,0.13330583274364471,0.4575622081756592,0.921747624874115,0.4113648533821106,0.22856305539608002,0.12902691960334778,0.4373016357421875,0.9711999893188477,0.3871743083000183
101,0.8311486725025624,0.22594726085662842,0.1273622214794159,0.44504866003990173,0.9444813132286072,0.39820149540901184,0.8311486725025624,0.2352486252784729,0.13330411911010742,0.45719894766807556,0.9223511815071106,0.4109053611755371,0.22856305539608002,0.12902691960334778,0.4373016357421875,0.9711999893188477,0.3871743083000183
102,0.8313068377563373,0.225931316614151,0.12735207378864288,0.44472822546958923,0.9449456930160522,0.3978077471256256,0.8313068377563373,0.23524512350559235,0.13330186903476715,0.45683813095092773,0.9229462742805481,0.41044941544532776,0.22856305539608002,0.12902691960334778,0.4373016357421875,0.9711999893188477,0.3871743083000183
103,0.8312431515696683,0.22591562569141388,0.127342090010643,0.44441094994544983,0.945400595664978,0.39741799235343933,0.8312431515696683,0.23524253070354462,0.13330020010471344,0.4564892053604126,0.9235259294509888,0.410008043050766,0.22856305539608002,0.12902691960334778,0.4373016357421875,0.9711999893188477,0.3871743083000183
104,0.831063967749468,0.22590379416942596,0.1273345947265625,0.4441063404083252,0.9458455443382263,0.39704254269599915,0.831063967749468,0.23524096608161926,0.13329920172691345,0.4561588168144226,0.9240792393684387,0.4095897078514099,0.22856305539608002,0.12902691960334778,0.4373016357421875,0.9711999893188477,0.3871743083000183
105,0.8313603296907336,0.2258908450603485,0.1273263543844223,0.4438185691833496,0.9462761878967285,0.3966880440711975,0.8313603296907336,0.23524175584316254,0.13329970836639404,0.45584920048713684,0.9246094226837158,0.40919652581214905,0.22856305539608002,0.12902691960334778,0.4373016357421875,0.9711999893188477,0.3871743083000183
106,0.8311262623392647,0.2258828729391098,0.1273212730884552,0.4435509741306305,0.9466862082481384,0.3963567614555359,0.8311262623392647,0.2352430820465088,0.1333005577325821,0.4555586278438568,0.9251099824905396,0.4088272452354431,0.22856305539608002,0.12902691960334778,0.4373016357421875,0.9711999893188477,0.3871743083000183
107,0.8309970529648713,0.22587937116622925,0.12731905281543732,0.4433044195175171,0.9470798969268799,0.3960497975349426,0.8309970529648713,0.23524366319179535,0.13330093026161194,0.4552859663963318,0.9255762696266174,0.40848100185394287,0.22856305539608002,0.12902691960334778,0.4373016357421875,0.9711999893188477,0.3871743083000183
108,0.8312671611427942,0.22587472200393677,0.12731610238552094,0.4430753290653229,0.947455644607544,0.39576455950737,0.8312671611427942,0.23524457216262817,0.1333015114068985,0.4550343155860901,0.9260085225105286,0.4081612825393677,0.22856305539608002,0.12902691960334778,0.4373016357421875,0.9711999893188477,0.3871743083000183
109,0.8310521310380792,0.22587479650974274,0.12731614708900452,0.4428689777851105,0.9478063583374023,0.3955058753490448,0.8310521310380792,0.23524710536003113,0.13330315053462982,0.4548116624355316,0.9263999462127686,0.40787753462791443,0.22856305539608002,0.12902691960334778,0.4373016357421875,0.9711999893188477,0.3871743083000183
110,0.8309411268318685,0.22587765753269196,0.12731797993183136,0.44268229603767395,0.9481318593025208,0.39527076482772827,0.8309411268318685,0.2352534830570221,0.13330723345279694,0.4546199440956116,0.9267585277557373,0.4076310694217682,0.22856305539608002,0.12902691960334778,0.4373016357421875,0.9711999893188477,0.3871743083000183
111,0.8310029361246158,0.22588194906711578,0.12732069194316864,0.4425196945667267,0.9484286904335022,0.3950648903846741,0.8310029361246158,0.235261008143425,0.13331207633018494,0.4544541537761688,0.9270790815353394,0.40741685032844543,0.22856305539608002,0.12902691960334778,0.4373016357421875,0.9711999893188477,0.3871743083000183
112,0.8310427077271715,0.2258867770433426,0.12732376158237457,0.44237369298934937,0.9487014412879944,0.3948795795440674,0.8310427077271715,0.23527269065380096,0.13331957161426544,0.4543161392211914,0.9273738265037537,0.4072357714176178,0.22856305539608002,0.12902691960334778,0.4373016357421875,0.9711999893188477,0.3871743083000183
113,0.8311026298194973,0.22589236497879028,0.1273273080587387,0.4422488212585449,0.9489456415176392,0.3947201669216156,0.8311026298194973,0.23528558015823364,0.13332785665988922,0.45419660210609436,0.9276434183120728,0.40707749128341675,0.22856305539608002,0.12902691960334778,0.4373016357421875,0.9711999893188477,0.3871743083000183
114,0.8309639418812005,0.2258998304605484,0.12733206152915955,0.44214317202568054,0.9491572976112366,0.39458420872688293,0.8309639418812005,0.23529884219169617,0.1333363652229309,0.45408743619918823,0.9278973340988159,0.40693220496177673,0.22856305539608002,0.12902691960334778,0.4373016357421875,0.9711999893188477,0.3871743083000183
115,0.8313790423219726,0.22590288519859314,0.12733398377895355,0.44204181432724,0.9493606686592102,0.39445510506629944,0.8313790423219726,0.2353123277425766,0.13334502279758453,0.45397982001304626,0.9281497597694397,0.40678876638412476,0.22856305539608002,0.12902691960334778,0.4373016357421875,0.9711999893188477,0.3871743083000183
116,0.8312127462268373,0.2259078323841095,0.12733714282512665,0.4419446587562561,0.9495574235916138,0.39433059096336365,0.8312127462268373,0.23532429337501526,0.13335271179676056,0.45386213064193726,0.928411602973938,0.40663328766822815,0.22856305539608002,0.12902691960334778,0.4373016357421875,0.9711999893188477,0.3871743083000183
117,0.8311654965332117,0.2259141355752945,0.127341166138649,0.44184404611587524,0.9497680068016052,0.3942010998725891,0.8311654965332117,0.23533447086811066,0.13335925340652466,0.45373407006263733,0.9286818504333496,0.4064655900001526,0.22856305539608002,0.12902691960334778,0.4373016357421875,0.9711999893188477,0.3871743083000183
118,0.831014617524087,0.22592008113861084,0.12734493613243103,0.4417344033718109,0.9499819874763489,0.3940608501434326,0.831014617524087,0.23534180223941803,0.13336396217346191,0.4535946249961853,0.9289567470550537,0.406284898519516,0.22856305539608002,0.12902691960334778,0.4373016357421875,0.9711999893188477,0.3871743083000183
119,0.8310725009429396,0.22592507302761078,0.12734809517860413,0.4416155517101288,0.950211226940155,0.3939093053340912,0.8310725009429396,0.23534780740737915,0.13336782157421112,0.45344436168670654,0.9292432069778442,0.40609118342399597,0.22856305539608002,0.12902691960334778,0.4373016357421875,0.9711999893188477,0.3871743083000183
120,0.8309522768833626,0.22593073546886444,0.12735167145729065,0.44148850440979004,0.9504527449607849,0.39374738931655884,0.8309522768833626,0.23535344004631042,0.13337142765522003,0.45328590273857117,0.9295417070388794,0.405887246131897,0.22856305539608002,0.12902691960334778,0.4373016357421875,0.9711999893188477,0.3871743083000183
121,0.8310981223822609,0.22593317925930023,0.1273532509803772,0.4413520395755768,0.9506999850273132,0.3935750424861908,0.8310981223822609,0.2353578507900238,0.13337425887584686,0.45311930775642395,0.9298477172851562,0.405673623085022,0.22856305539608002,0.12902691960334778,0.4373016357421875,0.9711999893188477,0.3871743083000183
122,0.8308300331619459,0.22593896090984344,0.12735693156719208,0.4412150979042053,0.9509535431861877,0.3934008479118347,0.8308300331619459,0.23536145687103271,0.1333765834569931,0.45294758677482605,0.9301583170890808,0.4054539203643799,0.22856305539608002,0.12902691960334778,0.4373016357421875,0.9711999893188477,0.3871743083000183
123,0.8311776230217005,0.22594037652015686,0.1273578256368637,0.4410727322101593,0.9512110352516174,0.3932214081287384,0.8311776230217005,0.2353641539812088,0.1333783119916916,0.45277243852615356,0.9304700493812561,0.405230313539505,0.22856305539608002,0.12902691960334778,0.4373016357421875,0.9711999893188477,0.3871743083000183
124,0.8310536358203102,0.22594282031059265,0.12735937535762787,0.44093072414398193,0.9514667391777039,0.3930421471595764,0.8310536358203102,0.2353651225566864,0.13337893784046173,0.45259302854537964,0.9307801723480225,0.4050021469593048,0.22856305539608002,0.12902691960334778,0.4373016357421875,0.9711999893188477,0.3871743083000183
125,0.831108869994551,0.22594384849071503,0.1273600459098816,0.44078323245048523,0.951726496219635,0.3928566575050354,0.831108869994551,0.23536594212055206,0.13337945938110352,0.4524112939834595,0.9310933947563171,0.4047711491584778,0.22856305539608002,0.12902691960334778,0.4373016357421875,0.9711999893188477,0.3871743083000183
126,0.8311389241369017,0.22594404220581055,0.12736016511917114,0.44063520431518555,0.9519844651222229,0.39267072081565857,0.8311389241369017,0.23536647856235504,0.13337980210781097,0.45222964882850647,0.9314050078392029,0.40454044938087463,0.22856305539608002,0.12902691960334778,0.4373016357421875,0.9711999893188477,0.3871743083000183
127,0.8309421444600739,0.22594651579856873,0.1273617148399353,0.44048792123794556,0.952243983745575,0.3924851417541504,0.8309421444600739,0.23536689579486847,0.13338007032871246,0.4520493745803833,0.9317137002944946,0.40431147813796997,0.22856305539608002,0.12902691960334778,0.4373016357421875,0.9711999893188477,0.3871743083000183
128,0.8308042315522066,0.2259504646062851,0.12736424803733826,0.44034382700920105,0.9524996876716614,0.39230287075042725,0.8308042315522066,0.23536770045757294,0.13338059186935425,0.45187193155288696,0.9320195913314819,0.4040859639644623,0.22856305539608002,0.12902691960334778,0.4373016357421875,0.9711999893188477,0.3871743083000183
129,0.8307962725546695,0.22595463693141937,0.12736688554286957,0.4402034878730774,0.9527499079704285,0.3921252489089966,0.8307962725546695,0.23536892235279083,0.13338138163089752,0.45169776678085327,0.932322084903717,0.4038643538951874,0.22856305539608002,0.12902691960334778,0.4373016357421875,0.9711999893188477,0.3871743083000183
130,0.8309791979783594,0.22595636546611786,0.12736797332763672,0.4400619864463806,0.9529973864555359,0.3919471502304077,0.8309791979783594,0.235370472073555,0.13338236510753632,0.45152807235717773,0.9326186776161194,0.4036482274532318,0.22856305539608002,0.12902691960334778,0.4373016357421875,0.9711999893188477,0.3871743083000183
131,0.8310010380424948,0.2259586602449417,0.1273694485425949,0.4399263560771942,0.9532400965690613,0.3917759954929352,0.8310010380424948,0.23537231981754303,0.13338355720043182,0.45136383175849915,0.9329075217247009,0.40343889594078064,0.22856305539608002,0.12902691960334778,0.4373016357421875,0.9711999893188477,0.3871743083000183
132,0.8310632688378267,0.22596094012260437,0.1273708939552307,0.4397939443588257,0.9534815549850464,0.39160871505737305,0.8310632688378267,0.23537427186965942,0.1333848088979721,0.4512050449848175,0.9331876635551453,0.40323641896247864,0.22856305539608002,0.12902691960334778,0.4373016357421875,0.9711999893188477,0.3871743083000183
133,0.8307260394029955,0.22596707940101624,0.1273747831583023,0.43967095017433167,0.9537113904953003,0.3914519250392914,0.8307260394029955,0.23537591099739075,0.13338586688041687,0.451052188873291,0.9334560632705688,0.40304166078567505,0.22856305539608002,0.12902691960334778,0.4373016357421875,0.9711999893188477,0.3871743083000183
134,0.8307494013752298,0.2259737104177475,0.12737900018692017,0.4395536780357361,0.9539369344711304,0.3913019299507141,0.8307494013752298,0.23537877202033997,0.1333876997232437,0.4509069323539734,0.9337179660797119,0.40285587310791016,0.22856305539608002,0.12902691960334778,0.4373016357421875,0.9711999893188477,0.3871743083000183
135,0.8310225611766209,0.22597770392894745,0.12738154828548431,0.43944090604782104,0.9541527628898621,0.39115843176841736,0.8310225611766209,0.23538225889205933,0.1333899348974228,0.4507690966129303,0.9339703917503357,0.4026791751384735,0.22856305539608002,0.12902691960334778,0.4373016357421875,0.9711999893188477,0.3871743083000183
136,0.8309440546893541,0.22598324716091156,0.12738506495952606,0.43933722376823425,0.9543582797050476,0.39102569222450256,0.8309440546893541,0.23538634181022644,0.1333925724029541,0.45063960552215576,0.9342118501663208,0.402512788772583,0.22856305539608002,0.12902691960334778,0.4373016357421875,0.9711999893188477,0.3871743083000183
137,0.8309743463939413,0.22598896920681,0.12738871574401855,0.4392402470111847,0.9545550346374512,0.3909011483192444,0.8309743463939413,0.2353905588388443,0.1333952695131302,0.4505186676979065,0.9344393610954285,0.40235719084739685,0.22856305539608002,0.12902691960334778,0.4373016357421875,0.9711999893188477,0.3871743083000183
138,0.8310936568653072,0.2259940207004547,0.12739190459251404,0.4391491115093231,0.9547438621520996,0.3907840847969055,0.8310936568653072,0.23539531230926514,0.13339832425117493,0.4504038393497467,0.9346593618392944,0.40220901370048523,0.22856305539608002,0.12902691960334778,0.4373016357421875,0.9711999893188477,0.3871743083000183
139,0.8309371859242206,0.22600074112415314,0.12739619612693787,0.43906235694885254,0.9549270272254944,0.390671968460083,0.8309371859242206,0.23540009558200836,0.13340139389038086,0.45029371976852417,0.9348713755607605,0.4020668566226959,0.22856305539608002,0.12902691960334778,0.4373016357421875,0.9711999893188477,0.3871743083000183
140,0.8308155284747676,0.2260095775127411,0.12740179896354675,0.43898269534111023,0.9551054239273071,0.3905677795410156,0.8308155284747676,0.23540478944778442,0.1334044188261032,0.450187623500824,0.9350762367248535,0.4019297957420349,0.22856305539608002,0.12902691960334778,0.4373016357421875,0.9711999893188477,0.3871743083000183
141,0.831009749782163,0.2260165810585022,0.1274062544107437,0.43890631198883057,0.9552768468856812,0.3904683291912079,0.831009749782163,0.23540975153446198,0.1334076076745987,0.45008334517478943,0.9352794289588928,0.4017949104309082,0.22856305539608002,0.12902691960334778,0.4373016357421875,0.9711999893188477,0.3871743083000183
142,0.8308983987010747,0.22602498531341553,0.1274115890264511,0.4388316869735718,0.9554490447044373,0.3903704881668091,0.8308983987010747,0.23541410267353058,0.13341039419174194,0.4499802589416504,0.9354773759841919,0.40166187286376953,0.22856305539608002,0.12902691960334778,0.4373016357421875,0.9711999893188477,0.3871743083000183
143,0.8311249013095453,0.22603212296962738,0.12741611897945404,0.43876373767852783,0.9556138515472412,0.3902812600135803,0.8311249013095453,0.23541787266731262,0.13341280817985535,0.4498780071735382,0.935670793056488,0.4015302062034607,0.22856305539608002,0.12902691960334778,0.4373016357421875,0.9711999893188477,0.3871743083000183
144,0.8311051000335397,0.22603915631771088,0.1274206042289734,0.43869540095329285,0.9557775855064392,0.3901917040348053,0.8311051000335397,0.2354213297367096,0.13341504335403442,0.4497767388820648,0.9358610510826111,0.4013999402523041,0.22856305539608002,0.12902691960334778,0.4373016357421875,0.9711999893188477,0.3871743083000183
145,0.8310387743545965,0.2260468453168869,0.12742549180984497,0.4386292099952698,0.9559381008148193,0.39010459184646606,0.8310387743545965,0.2354249507188797,0.13341736793518066,0.44967788457870483,0.9360480308532715,0.40127259492874146,0.22856305539608002,0.12902691960334778,0.4373016357421875,0.9711999893188477,0.3871743083000183
146,0.830814367542881,0.22605681419372559,0.12743182480335236,0.4385693073272705,0.9560902714729309,0.3900245130062103,0.830814367542881,0.23542910814285278,0.13342003524303436,0.4495818018913269,0.9362331032752991,0.40114855766296387,0.22856305539608002,0.12902691960334778,0.4373016357421875,0.9711999893188477,0.3871743083000183
147,0.8307747306311637,0.22606760263442993,0.12743869423866272,0.4385090470314026,0.9562476277351379,0.38994354009628296,0.8307747306311637,0.23543283343315125,0.13342241942882538,0.44948819279670715,0.9364116787910461,0.4010278582572937,0.22856305539608002,0.12902691960334778,0.4373016357421875,0.9711999893188477,0.3871743083000183
148,0.8308150269317318,0.226078599691391,0.12744566798210144,0.4384574592113495,0.9563930034637451,0.38987335562705994,0.8308150269317318,0.23543669283390045,0.13342490792274475,0.44939878582954407,0.9365838766098022,0.40091240406036377,0.22856305539608002,0.12902691960334778,0.4373016357421875,0.9711999893188477,0.3871743083000183
149,0.830846301437049,0.22609035670757294,0.12745313346385956,0.43841826915740967,0.9565231204032898,0.3898182809352875,0.830846301437049,0.23544077575206757,0.13342753052711487,0.449312686920166,0.9367515444755554,0.40080106258392334,0.22856305539608002,0.12902691960334778,0.4373016357421875,0.9711999893188477,0.3871743083000183
150,0.831044834680456,0.22610104084014893,0.12745992839336395,0.4383836090564728,0.9566489458084106,0.3897690176963806,0.831044834680456,0.2354447990655899,0.1334301084280014,0.44922906160354614,0.9369147419929504,0.4006928503513336,0.22856305539608002,0.12902691960334778,0.4373016357421875,0.9711999893188477,0.3871743083000183
151,0.8308128742334657,0.22611361742019653,0.12746791541576385,0.43835484981536865,0.9567644000053406,0.3897266089916229,0.8308128742334657,0.23544885218143463,0.13343271613121033,0.44914647936820984,0.9370763301849365,0.40058597922325134,0.22856305539608002,0.12902691960334778,0.4373016357421875,0.9711999893188477,0.3871743083000183
152,0.8307940504247611,0.2261267900466919,0.127476304769516,0.4383275508880615,0.9568806290626526,0.3896857798099518,0.8307940504247611,0.23545287549495697,0.13343529403209686,0.4490659534931183,0.9372341632843018,0.4004817306995392,0.22856305539608002,0.12902691960334778,0.4373016357421875,0.9711999893188477,0.3871743083000183
153,0.8306463884105287,0.22614158689975739,0.1274857074022293,0.4383060336112976,0.9569898247718811,0.38965150713920593,0.8306463884105287,0.23545706272125244,0.13343799114227295,0.4489884674549103,0.9373878240585327,0.40038126707077026,0.22856305539608002,0.12902691960334778,0.4373016357421875,0.9711999893188477,0.3871743083000183
154,0.8307651471356503,0.22615575790405273,0.1274947077035904,0.43828803300857544,0.9570955634117126,0.3896217346191406,0.8307651471356503,0.23546205461025238,0.13344119489192963,0.4489153027534485,0.9375383257865906,0.4002858102321625,0.22856305539608002,0.12902691960334778,0.4373016357421875,0.9711999893188477,0.3871743083000183
155,0.8308437656878089,0.22616834938526154,0.12750272452831268,0.4382656216621399,0.9572024345397949,0.3895872235298157,0.8308437656878089,0.2354671210050583,0.13344444334506989,0.44884535670280457,0.9376837015151978,0.4001944363117218,0.22856305539608002,0.12902691960334778,0.4373016357421875,0.9711999893188477,0.3871743083000183
156,0.8309654586180298,0.2261802852153778,0.12751029431819916,0.43824443221092224,0.957309901714325,0.38955429196357727,0.8309654586180298,0.2354726642370224,0.13344800472259521,0.4487801790237427,0.937823474407196,0.40010887384414673,0.22856305539608002,0.12902691960334778,0.4373016357421875,0.9711999893188477,0.3871743083000183
157,0.830874265040105,0.2261928766965866,0.12751829624176025,0.4382242262363434,0.9574153423309326,0.38952234387397766,0.830874265040105,0.2354787290096283,0.133451908826828,0.4487185776233673,0.9379598498344421,0.4000275731086731,0.22856305539608002,0.12902691960334778,0.4373016357421875,0.9711999893188477,0.3871743083000183
158,0.8307889969228331,0.22620609402656555,0.12752671539783478,0.4382021427154541,0.9575249552726746,0.3894879221916199,0.8307889969228331,0.23548492789268494,0.13345588743686676,0.44866088032722473,0.9380902647972107,0.39995115995407104,0.22856305539608002,0.12902691960334778,0.4373016357421875,0.9711999893188477,0.3871743083000183
159,0.8308956139175934,0.22621791064739227,0.12753421068191528,0.4381736218929291,0.9576423764228821,0.389445960521698,0.8308956139175934,0.2354915291070938,0.133460134267807,0.4486103951931,0.938210666179657,0.3998836576938629,0.22856305539608002,0.12902691960334778,0.4373016357421875,0.9711999893188477,0.3871743083000183
160,0.8309872803458321,0.22622838616371155,0.12754087150096893,0.43814873695373535,0.9577481746673584,0.3894091248512268,0.8309872803458321,0.23549886047840118,0.13346484303474426,0.448569118976593,0.9383190870285034,0.3998274803161621,0.22856305539608002,0.12902691960334778,0.4373016357421875,0.9711999893188477,0.3871743083000183
161,0.8308604931724053,0.22624094784259796,0.12754885852336884,0.4381348788738251,0.9578418731689453,0.38938525319099426,0.8308604931724053,0.23550768196582794,0.13347050547599792,0.4485381245613098,0.9384177923202515,0.39978358149528503,0.22856305539608002,0.12902691960334778,0.4373016357421875,0.9711999893188477,0.3871743083000183
162,0.8305657155745299,0.2262580543756485,0.12755973637104034,0.43813085556030273,0.9579352140426636,0.38937169313430786,0.8305657155745299,0.2355174422264099,0.13347677886486053,0.44851890206336975,0.9385013580322266,0.399754136800766,0.22856305539608002,0.12902691960334778,0.4373016357421875,0.9711999893188477,0.3871743083000183
163,0.8306991562682171,0.22627437114715576,0.12757010757923126,0.4381369650363922,0.9580110907554626,0.3893711566925049,0.8306991562682171,0.2355281263589859,0.1334836333990097,0.44850945472717285,0.9385731220245361,0.39973658323287964,0.22856305539608002,0.12902691960334778,0.4373016357421875,0.9711999893188477,0.3871743083000183
164,0.8308531630356741,0.22629116475582123,0.12758077681064606,0.4381638467311859,0.9580602049827576,0.38939613103866577,0.8308531630356741,0.2355392575263977,0.13349078595638275,0.448501318693161,0.93864506483078,0.3997204899787903,0.22856305539608002,0.12902691960334778,0.4373016357421875,0.9711999893188477,0.3871743083000183
165,0.8307404664270548,0.22630903124809265,0.12759214639663696,0.4381923973560333,0.9581077694892883,0.38942280411720276,0.8307404664270548,0.23554952442646027,0.13349738717079163,0.44848835468292236,0.9387206435203552,0.3996987044811249,0.22856305539608002,0.12902691960334778,0.4373016357421875,0.9711999893188477,0.3871743083000183
166,0.8305354430160578,0.22632768750190735,0.12760399281978607,0.4382144808769226,0.9581632614135742,0.38944122195243835,0.8305354430160578,0.2355586141347885,0.13350322842597961,0.44846874475479126,0.9388014078140259,0.3996691107749939,0.22856305539608002,0.12902691960334778,0.4373016357421875,0.9711999893188477,0.3871743083000183
167,0.830796485617665,0.22634322941303253,0.1276138722896576,0.4382244646549225,0.9582333564758301,0.3894457221031189,0.830796485617665,0.23556764423847198,0.13350902497768402,0.44844889640808105,0.9388822317123413,0.3996392488479614,0.22856305539608002,0.12902691960334778,0.4373016357421875,0.9711999893188477,0.3871743083000183
168,0.8308241478641631,0.22635838389396667,0.1276235282421112,0.4382312595844269,0.9583083391189575,0.3894462585449219,0.8308241478641631,0.23557737469673157,0.13351528346538544,0.4484332799911499,0.9389595985412598,0.3996143639087677,0.22856305539608002,0.12902691960334778,0.4373016357421875,0.9711999893188477,0.3871743083000183
169,0.8306632673017039,0.22637468576431274,0.12763388454914093,0.4382396936416626,0.9583802819252014,0.3894486129283905,0.8306632673017039,0.23558904230594635,0.13352277874946594,0.44843024015426636,0.9390256404876709,0.3996044397354126,0.22856305539608002,0.12902691960334778,0.4373016357421875,0.9711999893188477,0.3871743083000183
170,0.8307704803336237,0.2263902872800827,0.12764379382133484,0.43825119733810425,0.9584475755691528,0.3894549608230591,0.8307704803336237,0.23560497164726257,0.13353300094604492,0.44845399260520935,0.9390681982040405,0.39962631464004517,0.22856305539608002,0.12902691960334778,0.4373016357421875,0.9711999893188477,0.3871743083000183
171,0.8308220637324385,0.22640810906887054,0.12765514850616455,0.4382849335670471,0.9584921598434448,0.3894879221916199,0.8308220637324385,0.2356226146221161,0.13354434072971344,0.4484974145889282,0.9390863180160522,0.3996722996234894,0.22856305539608002,0.12902691960334778,0.4373016357421875,0.9711999893188477,0.3871743083000183
172,0.8310210463432939,0.22642508149147034,0.1276659220457077,0.4383297562599182,0.9585193991661072,0.38953498005867004,0.8310210463432939,0.23563989996910095,0.13355544209480286,0.4485384225845337,0.9391065835952759,0.3997153341770172,0.22856305539608002,0.12902691960334778,0.4373016357421875,0.9711999893188477,0.3871743083000183
173,0.8305074296318982,0.22644703090190887,0.12767988443374634,0.4383842945098877,0.9585395455360413,0.3895924389362335,0.8305074296318982,0.2356545329093933,0.13356484472751617,0.4485677182674408,0.9391329884529114,0.3997449278831482,0.22856305539608002,0.12902691960334778,0.4373016357421875,0.9711999893188477,0.3871743083000183
174,0.8306761023080986,0.2264672964811325,0.12769277393817902,0.4384348392486572,0.9585645198822021,0.38964536786079407,0.8306761023080986,0.2356726974248886,0.13357651233673096,0.4486179053783417,0.9391421675682068,0.3997991979122162,0.22856305539608002,0.12902691960334778,0.4373016357421875,0.9711999893188477,0.3871743083000183
175,0.8305898183810349,0.22648900747299194,0.12770657241344452,0.43849068880081177,0.9585853219032288,0.3897044062614441,0.8305898183810349,0.2357138842344284,0.13360297679901123,0.4487762749195099,0.9390870928764343,0.3999788165092468,0.22856305539608002,0.12902691960334778,0.4373016357421875,0.9711999893188477,0.3871743083000183
176,0.8303059484242779,0.22651666402816772,0.12772417068481445,0.43857842683792114,0.9585773348808289,0.3898005485534668,0.8303059484242779,0.23582832515239716,0.13367651402950287,0.4493800103664398,0.9386545419692993,0.4006856679916382,0.22856305539608002,0.12902691960334778,0.4373016357421875,0.9711999893188477,0.3871743083000183
177,0.8301125695103825,0.22656568884849548,0.1277553290128708,0.4388050436973572,0.9584564566612244,0.3900596499443054,0.8301125695103825,0.23600812256336212,0.13379207253456116,0.45169445872306824,0.935641884803772,0.4035302996635437,0.22856305539608002,0.12902691960334778,0.4373016357421875,0.9711999893188477,0.3871743083000183
178,0.8316048634431457,0.22666867077350616,0.12782081961631775,0.43989941477775574,0.957154393196106,0.39137908816337585,0.8316048634431457,0.2360154092311859,0.13379675149917603,0.4516621232032776,0.9357348680496216,0.4034854769706726,0.22856305539608002,0.12902691960334778,0.4373016357421875,0.9711999893188477,0.3871743083000183
179,0.8306929061809813,0.2266813963651657,0.127828910946846,0.43989098072052,0.957237720489502,0.3913619816303253,0.8306929061809813,0.23601874709129333,0.13379889726638794,0.45156070590019226,0.9359251856803894,0.40335506200790405,0.22856305539608002,0.12902691960334778,0.4373016357421875,0.9711999893188477,0.3871743083000183
180,0.8305133349354412,0.22668880224227905,0.12783361971378326,0.43982797861099243,0.9573748707771301,0.39127957820892334,0.8305133349354412,0.23601576685905457,0.13379697501659393,0.45141324400901794,0.9361613988876343,0.4031693935394287,0.22856305539608002,0.12902691960334778,0.4373016357421875,0.9711999893188477,0.3871743083000183
181,0.830888039200746,0.22668609023094177,0.12783189117908478,0.43971678614616394,0.9575461745262146,0.39114174246788025,0.830888039200746,0.23600387573242188,0.1337893307209015,0.4512268304824829,0.9364176988601685,0.40293893218040466,0.22856305539608002,0.12902691960334778,0.4373016357421875,0.9711999893188477,0.3871743083000183
182,0.8311785676204605,0.2266710102558136,0.12782230973243713,0.43955254554748535,0.9577391147613525,0.39094364643096924,0.8311785676204605,0.2359931766986847,0.13378246128559113,0.4510398507118225,0.9366812705993652,0.4027070999145508,0.22856305539608002,0.12902691960334778,0.4373016357421875,0.9711999893188477,0.3871743083000183
183,0.8311203266088865,0.22665688395500183,0.12781332433223724,0.43938979506492615,0.9579334259033203,0.3907470405101776,0.8311203266088865,0.23598557710647583,0.13377758860588074,0.4508662819862366,0.9369379281997681,0.4024907350540161,0.22856305539608002,0.12902691960334778,0.4373016357421875,0.9711999893188477,0.3871743083000183
184,0.8309528129497837,0.2266480028629303,0.12780767679214478,0.4392450153827667,0.9581252932548523,0.3905702829360962,0.8309528129497837,0.23598091304302216,0.13377457857131958,0.4507073163986206,0.9371849298477173,0.40229132771492004,0.22856305539608002,0.12902691960334778,0.4373016357421875,0.9711999893188477,0.3871743083000183
185,0.8310413488455846,0.2266397327184677,0.12780241668224335,0.43911242485046387,0.9583033323287964,0.39040836691856384,0.8310413488455846,0.23597842454910278,0.13377299904823303,0.4505613148212433,0.9374211430549622,0.4021073281764984,0.22856305539608002,0.12902691960334778,0.4373016357421875,0.9711999893188477,0.3871743083000183
186,0.831221369216921,0.22663237154483795,0.12779773771762848,0.43899208307266235,0.9584740400314331,0.39026105403900146,0.831221369216921,0.2359764277935028,0.13377170264720917,0.45042532682418823,0.9376426339149475,0.40193575620651245,0.22856305539608002,0.12902691960334778,0.4373016357421875,0.9711999893188477,0.3871743083000183
187,0.8310654686436243,0.22662752866744995,0.12779465317726135,0.43888214230537415,0.9586365222930908,0.3901256024837494,0.8310654686436243,0.23597554862499237,0.1337711215019226,0.4502991735935211,0.9378532767295837,0.4017760455608368,0.22856305539608002,0.12902691960334778,0.4373016357421875,0.9711999893188477,0.3871743083000183
188,0.8310604036302651,0.22662390768527985,0.1277923583984375,0.43878230452537537,0.958789050579071,0.39000219106674194,0.8310604036302651,0.23597438633441925,0.13377037644386292,0.4501802623271942,0.9380500912666321,0.40162572264671326,0.22856305539608002,0.12902691960334778,0.4373016357421875,0.9711999893188477,0.3871743083000183
189,0.8310299837425013,0.2266215980052948,0.1277908980846405,0.4386911988258362,0.9589335322380066,0.38988906145095825,0.8310299837425013,0.23597285151481628,0.13376940786838531,0.45006850361824036,0.9382328391075134,0.4014846682548523,0.22856305539608002,0.12902691960334778,0.4373016357421875,0.9711999893188477,0.3871743083000183
190,0.831000588694673,0.2266203612089157,0.12779009342193604,0.4386080205440521,0.9590694904327393,0.38978537917137146,0.831000588694673,0.2359715849161148,0.13376857340335846,0.44996583461761475,0.9384013414382935,0.40135499835014343,0.22856305539608002,0.12902691960334778,0.4373016357421875,0.9711999893188477,0.3871743083000183
191,0.8309774509394018,0.22662019729614258,0.12779000401496887,0.43853309750556946,0.9591970443725586,0.3896915018558502,0.8309774509394018,0.23597170412540436,0.13376866281032562,0.44987544417381287,0.9385562539100647,0.40124019980430603,0.22856305539608002,0.12902691960334778,0.4373016357421875,0.9711999893188477,0.3871743083000183
192,0.8311077024441468,0.22661955654621124,0.12778958678245544,0.4384646713733673,0.9593148231506348,0.3896057903766632,0.8311077024441468,0.2359728366136551,0.13376939296722412,0.4497980773448944,0.9386942386627197,0.4011414051055908,0.22856305539608002,0.12902691960334778,0.4373016357421875,0.9711999893188477,0.3871743083000183
193,0.8309162012495858,0.22662100195884705,0.12779051065444946,0.4384043514728546,0.9594239592552185,0.3895295262336731,0.8309162012495858,0.23597465455532074,0.13377055525779724,0.44973117113113403,0.9388177990913391,0.40105554461479187,0.22856305539608002,0.12902691960334778,0.4373016357421875,0.9711999893188477,0.3871743083000183
194,0.8310479610013918,0.22662201523780823,0.1277911514043808,0.43835246562957764,0.9595203995704651,0.3894638121128082,0.8310479610013918,0.2359772026538849,0.13377219438552856,0.4496746361255646,0.9389275312423706,0.40098246932029724,0.22856305539608002,0.12902691960334778,0.4373016357421875,0.9711999893188477,0.3871743083000183
195,0.8311070933957324,0.22662293910980225,0.12779173254966736,0.4383081793785095,0.959604024887085,0.3894076943397522,0.8311070933957324,0.2359817922115326,0.13377514481544495,0.44962823390960693,0.9390305280685425,0.40092119574546814,0.22856305539608002,0.12902691960334778,0.4373016357421875,0.9711999893188477,0.3871743083000183
196,0.831019089096356,0.2266250103712082,0.1277930587530136,0.4382718503475189,0.9596773386001587,0.38936108350753784,0.831019089096356,0.2359873354434967,0.13377870619297028,0.44959092140197754,0.9391230940818787,0.4008709490299225,0.22856305539608002,0.12902691960334778,0.4373016357421875,0.9711999893188477,0.3871743083000183
197,0.8312578884252054,0.22662582993507385,0.1277935653924942,0.43824321031570435,0.9597375988960266,0.38932448625564575,0.8312578884252054,0.23599326610565186,0.1337825208902359,0.44956129789352417,0.9392045140266418,0.40083029866218567,0.22856305539608002,0.12902691960334778,0.4373016357421875,0.9711999893188477,0.3871743083000183
198,0.8309038526723277,0.22662951052188873,0.12779591977596283,0.4382191598415375,0.9597945213317871,0.3892925977706909,0.8309038526723277,0.23599925637245178,0.1337863802909851,0.4495351314544678,0.9392804503440857,0.4007939398288727,0.22856305539608002,0.12902691960334778,0.4373016357421875,0.9711999893188477,0.3871743083000183
199,0.8307861362060216,0.22663378715515137,0.1277986317873001,0.4381960332393646,0.9598489999771118,0.38926172256469727,0.8307861362060216,0.23600508272647858,0.13379010558128357,0.44950732588768005,0.939358115196228,0.4007556438446045,0.22856305539608002,0.12902691960334778,0.4373016357421875,0.9711999893188477,0.3871743083000183
