,train_loss,train_dice,train_iou,train_acc,train_sens,train_spec,val_loss,val_dice,val_iou,val_acc,val_sens,val_spec,test_dice,test_iou,test_acc,test_sens,test_spec
0,0.272376469236367,0.10335591435432434,0.054494887590408325,0.8751726150512695,0.08389586210250854,0.9493936896324158,0.272376469236367,0.0,0.0,0.90948486328125,0.0,1.0,0.0,0.0,0.9141693115234375,0.0,1.0
1,0.2573192408480905,0.06395876407623291,0.033036135137081146,0.8947086334228516,0.04194793105125427,0.9746968150138855,0.2573192408480905,0.0,0.0,0.90948486328125,0.0,1.0,0.0,0.0,0.9141693115234375,0.0,1.0
2,0.23564570114567004,0.04630735144019127,0.023702623322606087,0.9012206196784973,0.02796528860926628,0.9831312298774719,0.23564570114567004,0.0,0.0,0.90948486328125,0.0,1.0,0.0,0.0,0.9141693115234375,0.0,1.0
3,0.20489174522297882,0.036291565746068954,0.01848122663795948,0.9044766426086426,0.020973965525627136,0.9873484373092651,0.20489174522297882,0.0,0.0,0.90948486328125,0.0,1.0,0.0,0.0,0.9141693115234375,0.0,1.0
4,0.17294841775387876,0.02983793616294861,0.01514497585594654,0.9064302444458008,0.01677917316555977,0.9898787140846252,0.17294841775387876,0.0,0.0,0.90948486328125,0.0,1.0,0.0,0.0,0.9141693115234375,0.0,1.0
5,0.1514552749175289,0.025333033874630928,0.012829058803617954,0.9077326655387878,0.01398264430463314,0.9915655851364136,0.1514552749175289,0.0,0.0,0.90948486328125,0.0,1.0,0.0,0.0,0.9141693115234375,0.0,1.0
6,0.14222281109806809,0.022009987384080887,0.011127484031021595,0.9086629152297974,0.01198512315750122,0.9927705526351929,0.14222281109806809,0.0,0.0,0.90948486328125,0.0,1.0,0.0,0.0,0.9141693115234375,0.0,1.0
7,0.13945796184515985,0.01945764198899269,0.009824425913393497,0.9093606472015381,0.010486982762813568,0.9936742186546326,0.13945796184515985,0.0,0.0,0.90948486328125,0.0,1.0,0.0,0.0,0.9141693115234375,0.0,1.0
8,0.13879901585793472,0.017435740679502487,0.008794560097157955,0.9099032878875732,0.00932176224887371,0.994377076625824,0.13879901585793472,0.0,0.0,0.90948486328125,0.0,1.0,0.0,0.0,0.9141693115234375,0.0,1.0
9,0.1386627956156751,0.015794487670063972,0.007960123009979725,0.9103374481201172,0.008389586582779884,0.994939386844635,0.1386627956156751,0.0,0.0,0.90948486328125,0.0,1.0,0.0,0.0,0.9141693115234375,0.0,1.0
10,0.13863612885551513,0.014435638673603535,0.007270309142768383,0.9106926321983337,0.007626896724104881,0.9953994154930115,0.13863612885551513,0.0,0.0,0.90948486328125,0.0,1.0,0.0,0.0,0.9141693115234375,0.0,1.0
11,0.13863085670778746,0.013292080722749233,0.006690517533570528,0.9109886288642883,0.00699132215231657,0.9957827925682068,0.13863085670778746,0.0,0.0,0.90948486328125,0.0,1.0,0.0,0.0,0.9141693115234375,0.0,1.0
12,0.13862976181033285,0.012316402979195118,0.006196369882673025,0.9112390875816345,0.006453528068959713,0.9961072206497192,0.13862976181033285,0.0,0.0,0.90948486328125,0.0,1.0,0.0,0.0,0.9141693115234375,0.0,1.0
13,0.13862951731046194,0.011474166065454483,0.0057701957412064075,0.9114537835121155,0.00599256157875061,0.9963852763175964,0.13862951731046194,0.0,0.0,0.90948486328125,0.0,1.0,0.0,0.0,0.9141693115234375,0.0,1.0
14,0.13862945808932292,0.010739745572209358,0.005398871842771769,0.9116398692131042,0.005593057721853256,0.9966262578964233,0.13862945808932292,0.0,0.0,0.90948486328125,0.0,1.0,0.0,0.0,0.9141693115234375,0.0,1.0
15,0.1386294426307844,0.010093685239553452,0.005072449333965778,0.9118026494979858,0.005243491381406784,0.9968370795249939,0.1386294426307844,0.0,0.0,0.90948486328125,0.0,1.0,0.0,0.0,0.9141693115234375,0.0,1.0
16,0.1386294381882387,0.009520943276584148,0.00478324806317687,0.9119462966918945,0.0049350508488714695,0.9970231652259827,0.1386294381882387,0.0,0.0,0.90948486328125,0.0,1.0,0.0,0.0,0.9141693115234375,0.0,1.0
17,0.13862943682054688,0.009009708650410175,0.004525245167315006,0.9120739698410034,0.004660881124436855,0.9971885085105896,0.13862943682054688,0.0,0.0,0.90948486328125,0.0,1.0,0.0,0.0,0.9141693115234375,0.0,1.0
18,0.13862943637058334,0.008550578728318214,0.004293650854378939,0.9121882915496826,0.004415571689605713,0.9973366260528564,0.13862943637058334,0.0,0.0,0.90948486328125,0.0,1.0,0.0,0.0,0.9141693115234375,0.0,1.0
19,0.13862943621258353,0.00813597347587347,0.004084607120603323,0.9122910499572754,0.004194793291389942,0.9974696636199951,0.13862943621258353,0.0,0.0,0.90948486328125,0.0,1.0,0.0,0.0,0.9141693115234375,0.0,1.0
20,0.1386294361544189,0.007759716361761093,0.003894974011927843,0.912384033203125,0.003995041362941265,0.9975900650024414,0.1386294361544189,0.0,0.0,0.90948486328125,0.0,1.0,0.0,0.0,0.9141693115234375,0.0,1.0
21,0.13862943613141346,0.007416721433401108,0.0037221675738692284,0.912468671798706,0.0038134483620524406,0.9976997375488281,0.13862943613141346,0.0,0.0,0.90948486328125,0.0,1.0,0.0,0.0,0.9141693115234375,0.0,1.0
22,0.13862943611974798,0.00710276560857892,0.0035640434361994267,0.912545919418335,0.0036476461682468653,0.997799813747406,0.13862943611974798,0.0,0.0,0.90948486328125,0.0,1.0,0.0,0.0,0.9141693115234375,0.0,1.0
23,0.1386294361156244,0.006814309861510992,0.0034188064746558666,0.9126166701316833,0.003495661076158285,0.9978914260864258,0.1386294361156244,0.0,0.0,0.90948486328125,0.0,1.0,0.0,0.0,0.9141693115234375,0.0,1.0
24,0.13862943611459347,0.00654836930334568,0.0032849430572241545,0.9126817584037781,0.0033558346331119537,0.9979756474494934,0.13862943611459347,0.0,0.0,0.90948486328125,0.0,1.0,0.0,0.0,0.9141693115234375,0.0,1.0
25,0.13862943611372536,0.006302407011389732,0.0031611674930900335,0.9127418994903564,0.0032267640344798565,0.9980536103248596,0.13862943611372536,0.0,0.0,0.90948486328125,0.0,1.0,0.0,0.0,0.9141693115234375,0.0,1.0
26,0.13862943611198905,0.006074252538383007,0.003046381054446101,0.9127975702285767,0.003107254160568118,0.9981257915496826,0.13862943611198905,0.0,0.0,0.90948486328125,0.0,1.0,0.0,0.0,0.9141693115234375,0.0,1.0
27,0.13862943611198905,0.005862039979547262,0.0029396384488791227,0.9128492474555969,0.002996280789375305,0.9981926083564758,0.13862943611198905,0.0,0.0,0.90948486328125,0.0,1.0,0.0,0.0,0.9141693115234375,0.0,1.0
28,0.13862943611198905,0.005664154887199402,0.0028401229064911604,0.9128972887992859,0.0028929607942700386,0.9982548952102661,0.13862943611198905,0.0,0.0,0.90948486328125,0.0,1.0,0.0,0.0,0.9141693115234375,0.0,1.0
29,0.13862943611198905,0.005479193292558193,0.002747124759480357,0.9129422307014465,0.002796528860926628,0.9983131289482117,0.13862943611198905,0.0,0.0,0.90948486328125,0.0,1.0,0.0,0.0,0.9141693115234375,0.0,1.0
30,0.13862943611198905,0.005305929575115442,0.002660023747012019,0.912984311580658,0.002706318162381649,0.9983676075935364,0.13862943611198905,0.0,0.0,0.90948486328125,0.0,1.0,0.0,0.0,0.9141693115234375,0.0,1.0
31,0.13862943611198905,0.005143288057297468,0.0025782762095332146,0.9130236506462097,0.002621745690703392,0.9984185695648193,0.13862943611198905,0.0,0.0,0.90948486328125,0.0,1.0,0.0,0.0,0.9141693115234375,0.0,1.0
32,0.13862943611198905,0.004990320652723312,0.002501403447240591,0.9130606055259705,0.002542298985645175,0.998466432094574,0.13862943611198905,0.0,0.0,0.90948486328125,0.0,1.0,0.0,0.0,0.9141693115234375,0.0,1.0
33,0.13862943611198905,0.004846189171075821,0.002428981941193342,0.9130954742431641,0.0024675254244357347,0.998511552810669,0.13862943611198905,0.0,0.0,0.90948486328125,0.0,1.0,0.0,0.0,0.9141693115234375,0.0,1.0
34,0.13862943611198905,0.004710149951279163,0.0023606359027326107,0.9131283164024353,0.0023970247711986303,0.9985541701316833,0.13862943611198905,0.0,0.0,0.90948486328125,0.0,1.0,0.0,0.0,0.9141693115234375,0.0,1.0
35,0.13862943611198905,0.0045815398916602135,0.0022960309870541096,0.9131592512130737,0.0023304405622184277,0.9985942244529724,0.13862943611198905,0.0,0.0,0.90948486328125,0.0,1.0,0.0,0.0,0.9141693115234375,0.0,1.0
36,0.13862943611198905,0.0044597662054002285,0.0022348680067807436,0.913188636302948,0.00226745568215847,0.9986321926116943,0.13862943611198905,0.0,0.0,0.90948486328125,0.0,1.0,0.0,0.0,0.9141693115234375,0.0,1.0
37,0.13862943611198905,0.004344298504292965,0.002176878973841667,0.9132164120674133,0.0022077858448028564,0.9986683130264282,0.13862943611198905,0.0,0.0,0.90948486328125,0.0,1.0,0.0,0.0,0.9141693115234375,0.0,1.0
38,0.13862943611198905,0.004234658554196358,0.002121823141351342,0.9132428169250488,0.0021511761005967855,0.9987024664878845,0.13862943611198905,0.0,0.0,0.90948486328125,0.0,1.0,0.0,0.0,0.9141693115234375,0.0,1.0
39,0.13862943611198905,0.004130417015403509,0.0020694835111498833,0.9132679104804993,0.002097396645694971,0.9987348914146423,0.13862943611198905,0.0,0.0,0.90948486328125,0.0,1.0,0.0,0.0,0.9141693115234375,0.0,1.0
40,0.13862943611198905,0.004031184129416943,0.00201966380700469,0.9132916331291199,0.0020462404936552048,0.9987656474113464,0.13862943611198905,0.0,0.0,0.90948486328125,0.0,1.0,0.0,0.0,0.9141693115234375,0.0,1.0
41,0.13862943611198905,0.003936607390642166,0.0019721866119652987,0.9133143424987793,0.0019975206814706326,0.9987950325012207,0.13862943611198905,0.0,0.0,0.90948486328125,0.0,1.0,0.0,0.0,0.9141693115234375,0.0,1.0
42,0.13862943611198905,0.0038463666569441557,0.0019268901087343693,0.9133360385894775,0.001951066660694778,0.9988231658935547,0.13862943611198905,0.0,0.0,0.90948486328125,0.0,1.0,0.0,0.0,0.9141693115234375,0.0,1.0
43,0.13862943611198905,0.0037601704243570566,0.0018836276140064,0.913356602191925,0.0019067241810262203,0.9988498091697693,0.13862943611198905,0.0,0.0,0.90948486328125,0.0,1.0,0.0,0.0,0.9141693115234375,0.0,1.0
44,0.13862943611198905,0.00367775303311646,0.0018422651337459683,0.9133763909339905,0.0018643524963408709,0.9988753795623779,0.13862943611198905,0.0,0.0,0.90948486328125,0.0,1.0,0.0,0.0,0.9141693115234375,0.0,1.0
45,0.13862943611198905,0.0035988709423691034,0.0018026800826191902,0.9133952856063843,0.0018238230841234326,0.9988999366760254,0.13862943611198905,0.0,0.0,0.90948486328125,0.0,1.0,0.0,0.0,0.9141693115234375,0.0,1.0
46,0.13862943611198905,0.0035233015660196543,0.0017647604690864682,0.9134133458137512,0.0017850183648988605,0.9989233016967773,0.13862943611198905,0.0,0.0,0.90948486328125,0.0,1.0,0.0,0.0,0.9141693115234375,0.0,1.0
47,0.13862943611198905,0.003450840711593628,0.0017284032655879855,0.9134306907653809,0.0017478305380791426,0.9989457726478577,0.13862943611198905,0.0,0.0,0.90948486328125,0.0,1.0,0.0,0.0,0.9141693115234375,0.0,1.0
48,0.13862943611198905,0.0033813000191003084,0.0016935139428824186,0.9134472608566284,0.0017121605342254043,0.998967170715332,0.13862943611198905,0.0,0.0,0.90948486328125,0.0,1.0,0.0,0.0,0.9141693115234375,0.0,1.0
49,0.13862943611198905,0.0033145069610327482,0.0016600051894783974,0.9134632349014282,0.0016779173165559769,0.9989878535270691,0.13862943611198905,0.0,0.0,0.90948486328125,0.0,1.0,0.0,0.0,0.9141693115234375,0.0,1.0
50,0.13862943611198905,0.0032503013499081135,0.001627796795219183,0.9134785532951355,0.0016450169496238232,0.9990077614784241,0.13862943611198905,0.0,0.0,0.90948486328125,0.0,1.0,0.0,0.0,0.9141693115234375,0.0,1.0
51,0.13862943611198905,0.003188536036759615,0.0015968144871294498,0.9134932160377502,0.0016133820172399282,0.9990267753601074,0.13862943611198905,0.0,0.0,0.90948486328125,0.0,1.0,0.0,0.0,0.9141693115234375,0.0,1.0
52,0.13862943611198905,0.0031290745828300714,0.00156698958016932,0.9135074019432068,0.0015829408075660467,0.9990451335906982,0.13862943611198905,0.0,0.0,0.90948486328125,0.0,1.0,0.0,0.0,0.9141693115234375,0.0,1.0
53,0.13862943611198905,0.0030717900954186916,0.0015382582787424326,0.9135211110115051,0.001553627080284059,0.9990628957748413,0.13862943611198905,0.0,0.0,0.90948486328125,0.0,1.0,0.0,0.0,0.9141693115234375,0.0,1.0
54,0.13862943611198905,0.003016565227881074,0.001510561560280621,0.9135342836380005,0.0015253793681040406,0.9990799427032471,0.13862943611198905,0.0,0.0,0.90948486328125,0.0,1.0,0.0,0.0,0.9141693115234375,0.0,1.0
55,0.13862943611198905,0.002963291248306632,0.0014838447095826268,0.9135469794273376,0.0014981403946876526,0.9990963339805603,0.13862943611198905,0.0,0.0,0.90948486328125,0.0,1.0,0.0,0.0,0.9141693115234375,0.0,1.0
56,0.13862943611198905,0.0029118661768734455,0.0014580563874915242,0.9135591387748718,0.0014718573074787855,0.9991121292114258,0.13862943611198905,0.0,0.0,0.90948486328125,0.0,1.0,0.0,0.0,0.9141693115234375,0.0,1.0
57,0.13862943611198905,0.002862195484340191,0.0014331492129713297,0.9135710000991821,0.0014464803971350193,0.9991274476051331,0.13862943611198905,0.0,0.0,0.90948486328125,0.0,1.0,0.0,0.0,0.9141693115234375,0.0,1.0
58,0.13862943611198905,0.0028141909278929234,0.0014090787153691053,0.913582444190979,0.0014219637960195541,0.9991422891616821,0.13862943611198905,0.0,0.0,0.90948486328125,0.0,1.0,0.0,0.0,0.9141693115234375,0.0,1.0
59,0.13862943611198905,0.0027677700854837894,0.001385803334414959,0.9135934114456177,0.001398264430463314,0.9991565346717834,0.13862943611198905,0.0,0.0,0.90948486328125,0.0,1.0,0.0,0.0,0.9141693115234375,0.0,1.0
60,0.13862943611198905,0.002722855657339096,0.001363284420222044,0.9136041402816772,0.001375342020764947,0.9991703629493713,0.13862943611198905,0.0,0.0,0.90948486328125,0.0,1.0,0.0,0.0,0.9141693115234375,0.0,1.0
61,0.13862943611198905,0.002679375931620598,0.0013414856512099504,0.9136144518852234,0.0013531590811908245,0.9991837739944458,0.13862943611198905,0.0,0.0,0.90948486328125,0.0,1.0,0.0,0.0,0.9141693115234375,0.0,1.0
62,0.13862943611198905,0.002637262921780348,0.0013203730341047049,0.9136244654655457,0.0013316803378984332,0.9991967678070068,0.13862943611198905,0.0,0.0,0.90948486328125,0.0,1.0,0.0,0.0,0.9141693115234375,0.0,1.0
63,0.13862943611198905,0.002596453297883272,0.0012999146711081266,0.913634181022644,0.001310872845351696,0.9992092847824097,0.13862943611198905,0.0,0.0,0.90948486328125,0.0,1.0,0.0,0.0,0.9141693115234375,0.0,1.0
64,0.13862943611198905,0.002556887222453952,0.0012800805270671844,0.9136435389518738,0.001290705637075007,0.9992213845252991,0.13862943611198905,0.0,0.0,0.90948486328125,0.0,1.0,0.0,0.0,0.9141693115234375,0.0,1.0
65,0.13862943611198905,0.0025185090489685535,0.0012608426623046398,0.9136526584625244,0.0012711494928225875,0.9992331862449646,0.13862943611198905,0.0,0.0,0.90948486328125,0.0,1.0,0.0,0.0,0.9141693115234375,0.0,1.0
66,0.13862943611198905,0.002481265924870968,0.0012421744177117944,0.9136614799499512,0.0012521770549938083,0.9992446899414062,0.13862943611198905,0.0,0.0,0.90948486328125,0.0,1.0,0.0,0.0,0.9141693115234375,0.0,1.0
67,0.13862943611198905,0.0024451082572340965,0.001224050996825099,0.9136700630187988,0.0012337627122178674,0.9992557764053345,0.13862943611198905,0.0,0.0,0.90948486328125,0.0,1.0,0.0,0.0,0.9141693115234375,0.0,1.0
68,0.13862943611198905,0.002409989247098565,0.0012064487673342228,0.9136783480644226,0.001215882133692503,0.9992665648460388,0.13862943611198905,0.0,0.0,0.90948486328125,0.0,1.0,0.0,0.0,0.9141693115234375,0.0,1.0
69,0.13862943611198905,0.0023758646566420794,0.0011893456103280187,0.9136864542961121,0.0011985123855993152,0.9992770552635193,0.13862943611198905,0.0,0.0,0.90948486328125,0.0,1.0,0.0,0.0,0.9141693115234375,0.0,1.0
70,0.13862943611198905,0.002342693042010069,0.0011727205710485578,0.9136943817138672,0.001181631931103766,0.9992872476577759,0.13862943611198905,0.0,0.0,0.90948486328125,0.0,1.0,0.0,0.0,0.9141693115234375,0.0,1.0
71,0.13862943611198905,0.0023104350548237562,0.0011565539753064513,0.9137020111083984,0.0011652202811092138,0.9992971420288086,0.13862943611198905,0.0,0.0,0.90948486328125,0.0,1.0,0.0,0.0,0.9141693115234375,0.0,1.0
72,0.13862943611198905,0.002279053209349513,0.0011408269638195634,0.9137094616889954,0.001149258459918201,0.9993067979812622,0.13862943611198905,0.0,0.0,0.90948486328125,0.0,1.0,0.0,0.0,0.9141693115234375,0.0,1.0
73,0.13862943611198905,0.0022485125809907913,0.001125521957874298,0.9137166738510132,0.001133727841079235,0.9993160367012024,0.13862943611198905,0.0,0.0,0.90948486328125,0.0,1.0,0.0,0.0,0.9141693115234375,0.0,1.0
74,0.13862943611198905,0.002218779409304261,0.0011106221936643124,0.9137236475944519,0.0011186115443706512,0.999325156211853,0.13862943611198905,0.0,0.0,0.90948486328125,0.0,1.0,0.0,0.0,0.9141693115234375,0.0,1.0
75,0.13862943611198905,0.002189822494983673,0.001096111722290516,0.9137305021286011,0.0011038929224014282,0.9993341565132141,0.13862943611198905,0.0,0.0,0.90948486328125,0.0,1.0,0.0,0.0,0.9141693115234375,0.0,1.0
76,0.13862943611198905,0.0021616118028759956,0.001081975526176393,0.9137372374534607,0.0010895567247644067,0.9993427991867065,0.13862943611198905,0.0,0.0,0.90948486328125,0.0,1.0,0.0,0.0,0.9141693115234375,0.0,1.0
77,0.13862943611198905,0.0021341184619814157,0.0010681994026526809,0.9137437343597412,0.0010755880502983928,0.9993512034416199,0.13862943611198905,0.0,0.0,0.90948486328125,0.0,1.0,0.0,0.0,0.9141693115234375,0.0,1.0
78,0.13862943611198905,0.002107315929606557,0.0010547696147114038,0.9137500524520874,0.0010619729291647673,0.9993594288825989,0.13862943611198905,0.0,0.0,0.90948486328125,0.0,1.0,0.0,0.0,0.9141693115234375,0.0,1.0
79,0.13862943611198905,0.00208117812871933,0.0010416732402518392,0.913756251335144,0.0010486983228474855,0.9993674755096436,0.13862943611198905,0.0,0.0,0.90948486328125,0.0,1.0,0.0,0.0,0.9141693115234375,0.0,1.0
80,0.13862943611198905,0.0020556808449327946,0.0010288981720805168,0.9137623310089111,0.0010357514256611466,0.9993752837181091,0.13862943611198905,0.0,0.0,0.90948486328125,0.0,1.0,0.0,0.0,0.9141693115234375,0.0,1.0
81,0.13862943611198905,0.002030800562351942,0.0010164326522499323,0.9137681126594543,0.0010231202468276024,0.9993828535079956,0.13862943611198905,0.0,0.0,0.90948486328125,0.0,1.0,0.0,0.0,0.9141693115234375,0.0,1.0
82,0.13862943611198905,0.0020065156277269125,0.001004265621304512,0.9137738943099976,0.0010107934940606356,0.999390184879303,0.13862943611198905,0.0,0.0,0.90948486328125,0.0,1.0,0.0,0.0,0.9141693115234375,0.0,1.0
83,0.13862943611198905,0.001982804387807846,0.000992386369034648,0.9137794971466064,0.0009987603407353163,0.9993974566459656,0.13862943611198905,0.0,0.0,0.90948486328125,0.0,1.0,0.0,0.0,0.9141693115234375,0.0,1.0
84,0.13862943611198905,0.001959647284820676,0.000980784883722663,0.9137849807739258,0.0009870101930573583,0.9994046688079834,0.13862943611198905,0.0,0.0,0.90948486328125,0.0,1.0,0.0,0.0,0.9141693115234375,0.0,1.0
85,0.13862943611198905,0.001937024644576013,0.0009694515028968453,0.9137903451919556,0.000975533330347389,0.9994115829467773,0.13862943611198905,0.0,0.0,0.90948486328125,0.0,1.0,0.0,0.0,0.9141693115234375,0.0,1.0
86,0.13862943611198905,0.0019149184226989746,0.0009583770297467709,0.913795530796051,0.0009643202647566795,0.999418318271637,0.13862943611198905,0.0,0.0,0.90948486328125,0.0,1.0,0.0,0.0,0.9141693115234375,0.0,1.0
87,0.13862943611198905,0.0018933110404759645,0.0009475527331233025,0.9138006567955017,0.0009533620905131102,0.999424934387207,0.13862943611198905,0.0,0.0,0.90948486328125,0.0,1.0,0.0,0.0,0.9141693115234375,0.0,1.0
88,0.13862943611198905,0.0018721858505159616,0.0009369702311232686,0.9138056635856628,0.0009426501346752048,0.9994314312934875,0.13862943611198905,0.0,0.0,0.90948486328125,0.0,1.0,0.0,0.0,0.9141693115234375,0.0,1.0
89,0.13862943611198905,0.0018515269039198756,0.0009266214910894632,0.9138105511665344,0.0009321762481704354,0.9994376301765442,0.13862943611198905,0.0,0.0,0.90948486328125,0.0,1.0,0.0,0.0,0.9141693115234375,0.0,1.0
90,0.13862943611198905,0.0018313188338652253,0.0009164988878183067,0.9138152599334717,0.0009219325729645789,0.9994438290596008,0.13862943611198905,0.0,0.0,0.90948486328125,0.0,1.0,0.0,0.0,0.9141693115234375,0.0,1.0
91,0.13862943611198905,0.0018115472048521042,0.000906594970729202,0.9138199090957642,0.0009119115420617163,0.9994499683380127,0.13862943611198905,0.0,0.0,0.90948486328125,0.0,1.0,0.0,0.0,0.9141693115234375,0.0,1.0
92,0.13862943611198905,0.0017921979306265712,0.0008969028713181615,0.9138244986534119,0.0009021060541272163,0.9994558691978455,0.13862943611198905,0.0,0.0,0.90948486328125,0.0,1.0,0.0,0.0,0.9141693115234375,0.0,1.0
93,0.13862943611198905,0.0017732576234266162,0.0008874158374965191,0.91382896900177,0.0008925091824494302,0.9994616508483887,0.13862943611198905,0.0,0.0,0.90948486328125,0.0,1.0,0.0,0.0,0.9141693115234375,0.0,1.0
94,0.13862943611198905,0.0017547134775668383,0.0008781273500062525,0.9138333797454834,0.0008831143495626748,0.9994673132896423,0.13862943611198905,0.0,0.0,0.90948486328125,0.0,1.0,0.0,0.0,0.9141693115234375,0.0,1.0
95,0.13862943611198905,0.0017365531530231237,0.0008690312970429659,0.9138376712799072,0.0008739152690395713,0.9994728565216064,0.13862943611198905,0.0,0.0,0.90948486328125,0.0,1.0,0.0,0.0,0.9141693115234375,0.0,1.0
96,0.13862943611198905,0.0017187647754326463,0.0008601217996329069,0.9138419032096863,0.0008649058290757239,0.999478280544281,0.13862943611198905,0.0,0.0,0.90948486328125,0.0,1.0,0.0,0.0,0.9141693115234375,0.0,1.0
97,0.13862943611198905,0.0017013372853398323,0.0008513930952176452,0.9138458967208862,0.0008560802671127021,0.9994836449623108,0.13862943611198905,0.0,0.0,0.90948486328125,0.0,1.0,0.0,0.0,0.9141693115234375,0.0,1.0
98,0.13862943611198905,0.0016842596232891083,0.0008428397704847157,0.913849949836731,0.0008474329952150583,0.9994887709617615,0.13862943611198905,0.0,0.0,0.90948486328125,0.0,1.0,0.0,0.0,0.9141693115234375,0.0,1.0
99,0.13862943611198905,0.0016675213119015098,0.0008344565867446363,0.9138538837432861,0.0008389586582779884,0.9994938969612122,0.13862943611198905,0.0,0.0,0.90948486328125,0.0,1.0,0.0,0.0,0.9141693115234375,0.0,1.0
100,0.13862943611198905,0.0016511125722900033,0.0008262385381385684,0.9138578176498413,0.0008306521340273321,0.9994989633560181,0.13862943611198905,0.0,0.0,0.90948486328125,0.0,1.0,0.0,0.0,0.9141693115234375,0.0,1.0
101,0.13862943611198905,0.0016350235091522336,0.0008181807934306562,0.9138615727424622,0.0008225084748119116,0.9995038509368896,0.13862943611198905,0.0,0.0,0.90948486328125,0.0,1.0,0.0,0.0,0.9141693115234375,0.0,1.0
102,0.13862943611198905,0.0016192449256777763,0.0008102786960080266,0.913865327835083,0.000814522965811193,0.9995086789131165,0.13862943611198905,0.0,0.0,0.90948486328125,0.0,1.0,0.0,0.0,0.9141693115234375,0.0,1.0
103,0.13862943611198905,0.0016037680907174945,0.0008025277638807893,0.9138689637184143,0.0008066910086199641,0.9995134472846985,0.13862943611198905,0.0,0.0,0.90948486328125,0.0,1.0,0.0,0.0,0.9141693115234375,0.0,1.0
104,0.13862943611198905,0.001588584273122251,0.0007949236896820366,0.9138725399971008,0.0007990082376636565,0.9995180368423462,0.13862943611198905,0.0,0.0,0.90948486328125,0.0,1.0,0.0,0.0,0.9141693115234375,0.0,1.0
105,0.13862943611198905,0.0015736852074041963,0.0007874623988755047,0.9138760566711426,0.0007914704037830234,0.9995225071907043,0.13862943611198905,0.0,0.0,0.90948486328125,0.0,1.0,0.0,0.0,0.9141693115234375,0.0,1.0
106,0.13862943611198905,0.0015590630937367678,0.0007801398751325905,0.9138794541358948,0.0007840734906494617,0.9995269775390625,0.13862943611198905,0.0,0.0,0.90948486328125,0.0,1.0,0.0,0.0,0.9141693115234375,0.0,1.0
107,0.13862943611198905,0.0015447101322934031,0.0007729522185400128,0.913882851600647,0.0007768135401420295,0.9995314478874207,0.13862943611198905,0.0,0.0,0.90948486328125,0.0,1.0,0.0,0.0,0.9141693115234375,0.0,1.0
108,0.13862943611198905,0.0015306191053241491,0.0007658958784304559,0.9138861894607544,0.0007696868269704282,0.9995357394218445,0.13862943611198905,0.0,0.0,0.90948486328125,0.0,1.0,0.0,0.0,0.9141693115234375,0.0,1.0
109,0.13862943611198905,0.0015167827950790524,0.0007589671877212822,0.913889467716217,0.0007626896840520203,0.9995399713516235,0.13862943611198905,0.0,0.0,0.90948486328125,0.0,1.0,0.0,0.0,0.9141693115234375,0.0,1.0
110,0.13862943611198905,0.0015031944494694471,0.0007521627121604979,0.9138926863670349,0.000755818618927151,0.999544084072113,0.13862943611198905,0.0,0.0,0.90948486328125,0.0,1.0,0.0,0.0,0.9141693115234375,0.0,1.0
111,0.13862943611198905,0.0014898473164066672,0.0007454791339114308,0.9138957858085632,0.0007490701973438263,0.9995481967926025,0.13862943611198905,0.0,0.0,0.90948486328125,0.0,1.0,0.0,0.0,0.9141693115234375,0.0,1.0
112,0.13862943611198905,0.001476735225878656,0.0007389133097603917,0.9138988852500916,0.000742441276088357,0.9995521903038025,0.13862943611198905,0.0,0.0,0.90948486328125,0.0,1.0,0.0,0.0,0.9141693115234375,0.0,1.0
113,0.13862943611198905,0.0014638518914580345,0.0007324621547013521,0.9139018654823303,0.0007359286537393928,0.9995561242103577,0.13862943611198905,0.0,0.0,0.90948486328125,0.0,1.0,0.0,0.0,0.9141693115234375,0.0,1.0
114,0.13862943611198905,0.0014511913759633899,0.0007261227001436055,0.9139048457145691,0.0007295292452909052,0.9995598793029785,0.13862943611198905,0.0,0.0,0.90948486328125,0.0,1.0,0.0,0.0,0.9141693115234375,0.0,1.0
115,0.13862943611198905,0.0014387479750439525,0.0007198919774964452,0.9139078259468079,0.0007232401985675097,0.9995636940002441,0.13862943611198905,0.0,0.0,0.90948486328125,0.0,1.0,0.0,0.0,0.9141693115234375,0.0,1.0
116,0.13862943611198905,0.0014265161007642746,0.0007137673092074692,0.9139106869697571,0.0007170586613938212,0.9995675086975098,0.13862943611198905,0.0,0.0,0.90948486328125,0.0,1.0,0.0,0.0,0.9141693115234375,0.0,1.0
117,0.13862943611198905,0.001414490514434874,0.0007077459595166147,0.9139135479927063,0.0007109818980097771,0.9995711445808411,0.13862943611198905,0.0,0.0,0.90948486328125,0.0,1.0,0.0,0.0,0.9141693115234375,0.0,1.0
118,0.13862943611198905,0.0014026659773662686,0.0007018253672868013,0.9139163494110107,0.000705007289070636,0.9995747804641724,0.13862943611198905,0.0,0.0,0.90948486328125,0.0,1.0,0.0,0.0,0.9141693115234375,0.0,1.0
119,0.13862943611198905,0.0013910376001149416,0.000696002971380949,0.9139190912246704,0.000699132215231657,0.9995782971382141,0.13862943611198905,0.0,0.0,0.90948486328125,0.0,1.0,0.0,0.0,0.9141693115234375,0.0,1.0
120,0.13862943611198905,0.0013796002604067326,0.0006902764434926212,0.9139217734336853,0.0006933542317710817,0.9995817542076111,0.13862943611198905,0.0,0.0,0.90948486328125,0.0,1.0,0.0,0.0,0.9141693115234375,0.0,1.0
121,0.13862943611198905,0.001368349534459412,0.0006846433389000595,0.9139243960380554,0.0006876710103824735,0.9995851516723633,0.13862943611198905,0.0,0.0,0.90948486328125,0.0,1.0,0.0,0.0,0.9141693115234375,0.0,1.0
122,0.13862943611198905,0.001357280882075429,0.0006791014457121491,0.9139269590377808,0.0006820802227593958,0.9995884895324707,0.13862943611198905,0.0,0.0,0.90948486328125,0.0,1.0,0.0,0.0,0.9141693115234375,0.0,1.0
123,0.13862943611198905,0.0013463898794725537,0.0006736485520377755,0.9139295220375061,0.0006765795405954123,0.9995918869972229,0.13862943611198905,0.0,0.0,0.90948486328125,0.0,1.0,0.0,0.0,0.9141693115234375,0.0,1.0
124,0.13862943611198905,0.0013356722192838788,0.0006682825041934848,0.9139320850372314,0.0006711669266223907,0.9995951652526855,0.13862943611198905,0.0,0.0,0.90948486328125,0.0,1.0,0.0,0.0,0.9141693115234375,0.0,1.0
125,0.13862943611198905,0.0013251238269731402,0.000663001264911145,0.9139345288276672,0.0006658401689492166,0.9995983839035034,0.13862943611198905,0.0,0.0,0.90948486328125,0.0,1.0,0.0,0.0,0.9141693115234375,0.0,1.0
126,0.13862943611198905,0.001314740744419396,0.0006578029133379459,0.9139370322227478,0.0006605973467230797,0.9996015429496765,0.13862943611198905,0.0,0.0,0.90948486328125,0.0,1.0,0.0,0.0,0.9141693115234375,0.0,1.0
127,0.13862943611198905,0.0013045191299170256,0.0006526853539980948,0.9139394164085388,0.000655436422675848,0.9996046423912048,0.13862943611198905,0.0,0.0,0.90948486328125,0.0,1.0,0.0,0.0,0.9141693115234375,0.0,1.0
128,0.13862943611198905,0.0012944551417604089,0.0006476468988694251,0.9139418005943298,0.0006503555341623724,0.9996077418327332,0.13862943611198905,0.0,0.0,0.90948486328125,0.0,1.0,0.0,0.0,0.9141693115234375,0.0,1.0
129,0.13862943611198905,0.0012845454039052129,0.0006426855688914657,0.9139440655708313,0.0006453528185375035,0.9996107220649719,0.13862943611198905,0.0,0.0,0.90948486328125,0.0,1.0,0.0,0.0,0.9141693115234375,0.0,1.0
130,0.13862943611198905,0.0012747860746458173,0.0006377996760420501,0.9139463901519775,0.0006404264713637531,0.9996136426925659,0.13862943611198905,0.0,0.0,0.90948486328125,0.0,1.0,0.0,0.0,0.9141693115234375,0.0,1.0
131,0.13862943611198905,0.0012651740107685328,0.0006329875322990119,0.913948655128479,0.0006355747464112937,0.9996165633201599,0.13862943611198905,0.0,0.0,0.90948486328125,0.0,1.0,0.0,0.0,0.9141693115234375,0.0,1.0
132,0.13862943611198905,0.0012557058362290263,0.0006282474496401846,0.9139508605003357,0.000630795955657959,0.9996195435523987,0.13862943611198905,0.0,0.0,0.90948486328125,0.0,1.0,0.0,0.0,0.9141693115234375,0.0,1.0
133,0.13862943611198905,0.0012463782913982868,0.0006235778564587235,0.9139530658721924,0.0006260885274969041,0.9996223449707031,0.13862943611198905,0.0,0.0,0.90948486328125,0.0,1.0,0.0,0.0,0.9141693115234375,0.0,1.0
134,0.13862943611198905,0.0012371883494779468,0.0006189771229401231,0.9139552116394043,0.0006214508321136236,0.9996251463890076,0.13862943611198905,0.0,0.0,0.90948486328125,0.0,1.0,0.0,0.0,0.9141693115234375,0.0,1.0
135,0.13862943611198905,0.0012281328672543168,0.0006144438521005213,0.9139573574066162,0.0006168813561089337,0.9996278882026672,0.13862943611198905,0.0,0.0,0.90948486328125,0.0,1.0,0.0,0.0,0.9141693115234375,0.0,1.0
136,0.13862943611198905,0.0012192089343443513,0.0006099764141254127,0.9139595031738281,0.0006123785860836506,0.9996306300163269,0.13862943611198905,0.0,0.0,0.90948486328125,0.0,1.0,0.0,0.0,0.9141693115234375,0.0,1.0
137,0.13862943611198905,0.0012104138731956482,0.0006055735284462571,0.9139615297317505,0.0006079410668462515,0.999633252620697,0.13862943611198905,0.0,0.0,0.90948486328125,0.0,1.0,0.0,0.0,0.9141693115234375,0.0,1.0
138,0.13862943611198905,0.0012017447734251618,0.0006012337398715317,0.9139635562896729,0.0006035673432052135,0.9996358752250671,0.13862943611198905,0.0,0.0,0.90948486328125,0.0,1.0,0.0,0.0,0.9141693115234375,0.0,1.0
139,0.13862943611198905,0.0011931988410651684,0.0005969557096250355,0.9139655232429504,0.0005992561927996576,0.999638557434082,0.13862943611198905,0.0,0.0,0.90948486328125,0.0,1.0,0.0,0.0,0.9141693115234375,0.0,1.0
140,0.13862943611198905,0.0011847737478092313,0.0005927380989305675,0.9139676094055176,0.0005950061022303998,0.9996411204338074,0.13862943611198905,0.0,0.0,0.90948486328125,0.0,1.0,0.0,0.0,0.9141693115234375,0.0,1.0
141,0.13862943611198905,0.0011764666996896267,0.0005885796854272485,0.9139694571495056,0.000590815965551883,0.9996436238288879,0.13862943611198905,0.0,0.0,0.90948486328125,0.0,1.0,0.0,0.0,0.9141693115234375,0.0,1.0
142,0.13862943611198905,0.001168275368399918,0.0005844791885465384,0.9139713644981384,0.0005866843857802451,0.9996461272239685,0.13862943611198905,0.0,0.0,0.90948486328125,0.0,1.0,0.0,0.0,0.9141693115234375,0.0,1.0
143,0.13862943611198905,0.001160197309218347,0.0005804355023428798,0.9139732718467712,0.0005826101405546069,0.9996485710144043,0.13862943611198905,0.0,0.0,0.90948486328125,0.0,1.0,0.0,0.0,0.9141693115234375,0.0,1.0
144,0.13862943611198905,0.0011522301938384771,0.0005764472880400717,0.913975179195404,0.0005785921821370721,0.9996510148048401,0.13862943611198905,0.0,0.0,0.90948486328125,0.0,1.0,0.0,0.0,0.9141693115234375,0.0,1.0
145,0.13862943611198905,0.0011443718103691936,0.0005725135561078787,0.9139770269393921,0.0005746292299591005,0.9996533989906311,0.13862943611198905,0.0,0.0,0.90948486328125,0.0,1.0,0.0,0.0,0.9141693115234375,0.0,1.0
146,0.13862943611198905,0.0011366198305040598,0.0005686332006007433,0.9139788150787354,0.0005707201780751348,0.9996557831764221,0.13862943611198905,0.0,0.0,0.90948486328125,0.0,1.0,0.0,0.0,0.9141693115234375,0.0,1.0
147,0.13862943611198905,0.001128972158767283,0.0005648049991577864,0.9139806628227234,0.0005668639205396175,0.9996581077575684,0.13862943611198905,0.0,0.0,0.90948486328125,0.0,1.0,0.0,0.0,0.9141693115234375,0.0,1.0
148,0.13862943611198905,0.001121426816098392,0.0005610280786640942,0.9139823913574219,0.0005630594678223133,0.9996603727340698,0.13862943611198905,0.0,0.0,0.90948486328125,0.0,1.0,0.0,0.0,0.9141693115234375,0.0,1.0
149,0.13862943611198905,0.0011139815906062722,0.0005573012749664485,0.9139841794967651,0.0005593057721853256,0.9996625185012817,0.13862943611198905,0.0,0.0,0.90948486328125,0.0,1.0,0.0,0.0,0.9141693115234375,0.0,1.0
150,0.13862943611198905,0.0011066345032304525,0.0005536236567422748,0.9139859080314636,0.0005556017276830971,0.9996647834777832,0.13862943611198905,0.0,0.0,0.90948486328125,0.0,1.0,0.0,0.0,0.9141693115234375,0.0,1.0
151,0.13862943611198905,0.0010993838077411056,0.0005499942926689982,0.9139876365661621,0.0005519464612007141,0.9996670484542847,0.13862943611198905,0.0,0.0,0.90948486328125,0.0,1.0,0.0,0.0,0.9141693115234375,0.0,1.0
152,0.13862943611198905,0.0010922274086624384,0.0005464121932163835,0.9139893054962158,0.0005483389832079411,0.9996692538261414,0.13862943611198905,0.0,0.0,0.90948486328125,0.0,1.0,0.0,0.0,0.9141693115234375,0.0,1.0
153,0.13862943611198905,0.0010851636761799455,0.0005428764270618558,0.9139909744262695,0.0005447783623822033,0.9996713995933533,0.13862943611198905,0.0,0.0,0.90948486328125,0.0,1.0,0.0,0.0,0.9141693115234375,0.0,1.0
154,0.13862943611198905,0.0010781906312331557,0.0005393861792981625,0.9139925837516785,0.0005412636674009264,0.9996735453605652,0.13862943611198905,0.0,0.0,0.90948486328125,0.0,1.0,0.0,0.0,0.9141693115234375,0.0,1.0
155,0.13862943611198905,0.0010713066440075636,0.0005359404603950679,0.9139942526817322,0.0005377940251491964,0.9996756315231323,0.13862943611198905,0.0,0.0,0.90948486328125,0.0,1.0,0.0,0.0,0.9141693115234375,0.0,1.0
156,0.13862943611198905,0.0010645100846886635,0.0005325385136529803,0.9139958024024963,0.0005343685625120997,0.9996776580810547,0.13862943611198905,0.0,0.0,0.90948486328125,0.0,1.0,0.0,0.0,0.9141693115234375,0.0,1.0
157,0.13862943611198905,0.0010577990906313062,0.0005291795241646469,0.9139974117279053,0.0005309864645823836,0.9996797442436218,0.13862943611198905,0.0,0.0,0.90948486328125,0.0,1.0,0.0,0.0,0.9141693115234375,0.0,1.0
158,0.13862943611198905,0.0010511722648516297,0.0005258626188151538,0.9139989018440247,0.0005276469164527953,0.9996817111968994,0.13862943611198905,0.0,0.0,0.90948486328125,0.0,1.0,0.0,0.0,0.9141693115234375,0.0,1.0
159,0.13862943611198905,0.0010446279775351286,0.0005225869826972485,0.914000391960144,0.0005243491614237428,0.9996837377548218,0.13862943611198905,0.0,0.0,0.90948486328125,0.0,1.0,0.0,0.0,0.9141693115234375,0.0,1.0
160,0.13862943611198905,0.0010381645988672972,0.0005193519755266607,0.9140019416809082,0.0005210923263803124,0.9996857047080994,0.13862943611198905,0.0,0.0,0.90948486328125,0.0,1.0,0.0,0.0,0.9141693115234375,0.0,1.0
161,0.13862943611198905,0.0010317807318642735,0.0005161567241884768,0.9140034317970276,0.0005178757128305733,0.9996876120567322,0.13862943611198905,0.0,0.0,0.90948486328125,0.0,1.0,0.0,0.0,0.9141693115234375,0.0,1.0
162,0.13862943611198905,0.001025474863126874,0.0005130005301907659,0.914004921913147,0.0005146985640749335,0.999689519405365,0.13862943611198905,0.0,0.0,0.90948486328125,0.0,1.0,0.0,0.0,0.9141693115234375,0.0,1.0
163,0.13862943611198905,0.0010192457120865583,0.0005098827532492578,0.9140064120292664,0.0005115601234138012,0.9996914267539978,0.13862943611198905,0.0,0.0,0.90948486328125,0.0,1.0,0.0,0.0,0.9141693115234375,0.0,1.0
164,0.13862943611198905,0.001013091648928821,0.0005068026366643608,0.914007842540741,0.0005084598087705672,0.9996933341026306,0.13862943611198905,0.0,0.0,0.90948486328125,0.0,1.0,0.0,0.0,0.9141693115234375,0.0,1.0
165,0.13862943611198905,0.0010070116259157658,0.0005037594819441438,0.9140092730522156,0.0005053967470303178,0.9996951818466187,0.13862943611198905,0.0,0.0,0.90948486328125,0.0,1.0,0.0,0.0,0.9141693115234375,0.0,1.0
166,0.13862943611198905,0.0010010040132328868,0.0005007527070119977,0.9140107035636902,0.0005023704725317657,0.9996969103813171,0.13862943611198905,0.0,0.0,0.90948486328125,0.0,1.0,0.0,0.0,0.9141693115234375,0.0,1.0
167,0.13862943611198905,0.000995067646726966,0.0004977815551683307,0.91401207447052,0.0004993801703676581,0.9996986985206604,0.13862943611198905,0.0,0.0,0.90948486328125,0.0,1.0,0.0,0.0,0.9141693115234375,0.0,1.0
168,0.13862943611198905,0.0009892013622447848,0.0004948455025441945,0.9140134453773499,0.000496425258461386,0.9997005462646484,0.13862943611198905,0.0,0.0,0.90948486328125,0.0,1.0,0.0,0.0,0.9141693115234375,0.0,1.0
169,0.13862943611198905,0.0009834037628024817,0.0004919438506476581,0.9140148162841797,0.0004935050965286791,0.9997023344039917,0.13862943611198905,0.0,0.0,0.90948486328125,0.0,1.0,0.0,0.0,0.9141693115234375,0.0,1.0
170,0.13862943611198905,0.00097767380066216,0.0004890760174021125,0.9140161871910095,0.0004906191024929285,0.9997040629386902,0.13862943611198905,0.0,0.0,0.90948486328125,0.0,1.0,0.0,0.0,0.9141693115234375,0.0,1.0
171,0.13862943611198905,0.0009720101370476186,0.0004862414498347789,0.9140174984931946,0.0004877666651736945,0.9997057914733887,0.13862943611198905,0.0,0.0,0.90948486328125,0.0,1.0,0.0,0.0,0.9141693115234375,0.0,1.0
172,0.13862943611198905,0.0009664117242209613,0.0004834395367652178,0.9140188694000244,0.00048494720249436796,0.9997074604034424,0.13862943611198905,0.0,0.0,0.90948486328125,0.0,1.0,0.0,0.0,0.9141693115234375,0.0,1.0
173,0.13862943611198905,0.0009608775144442916,0.00048066972522065043,0.9140200614929199,0.00048216013237833977,0.9997091889381409,0.13862943611198905,0.0,0.0,0.90948486328125,0.0,1.0,0.0,0.0,0.9141693115234375,0.0,1.0
174,0.13862943611198905,0.0009554062271490693,0.00047793149133212864,0.914021372795105,0.0004794049309566617,0.9997108578681946,0.13862943611198905,0.0,0.0,0.90948486328125,0.0,1.0,0.0,0.0,0.9141693115234375,0.0,1.0
175,0.13862943611198905,0.0009499969892203808,0.00047522428212687373,0.9140226244926453,0.0004766810452565551,0.9997124671936035,0.13862943611198905,0.0,0.0,0.90948486328125,0.0,1.0,0.0,0.0,0.9141693115234375,0.0,1.0
176,0.13862943611198905,0.0009446485782973468,0.000472547544632107,0.9140238761901855,0.00047398792230524123,0.9997140765190125,0.13862943611198905,0.0,0.0,0.90948486328125,0.0,1.0,0.0,0.0,0.9141693115234375,0.0,1.0
177,0.13862943611198905,0.0009393601212650537,0.0004699008131865412,0.9140251278877258,0.0004713250673376024,0.9997156858444214,0.13862943611198905,0.0,0.0,0.90948486328125,0.0,1.0,0.0,0.0,0.9141693115234375,0.0,1.0
178,0.13862943611198905,0.0009341305121779442,0.00046728356392122805,0.9140263795852661,0.00046869198558852077,0.9997172951698303,0.13862943611198905,0.0,0.0,0.90948486328125,0.0,1.0,0.0,0.0,0.9141693115234375,0.0,1.0
179,0.13862943611198905,0.0009289587615057826,0.0004646953020710498,0.9140275716781616,0.0004660881240852177,0.9997188448905945,0.13862943611198905,0.0,0.0,0.90948486328125,0.0,1.0,0.0,0.0,0.9141693115234375,0.0,1.0
180,0.13862943611198905,0.0009238440543413162,0.0004621355328708887,0.9140287637710571,0.00046351307537406683,0.9997203946113586,0.13862943611198905,0.0,0.0,0.90948486328125,0.0,1.0,0.0,0.0,0.9141693115234375,0.0,1.0
181,0.13862943611198905,0.0009187852847389877,0.00045960384886711836,0.9140299558639526,0.00046096628648228943,0.999721884727478,0.13862943611198905,0.0,0.0,0.90948486328125,0.0,1.0,0.0,0.0,0.9141693115234375,0.0,1.0
182,0.13862943611198905,0.0009137816377915442,0.00045709972619079053,0.9140311479568481,0.00045844734995625913,0.9997233748435974,0.13862943611198905,0.0,0.0,0.90948486328125,0.0,1.0,0.0,0.0,0.9141693115234375,0.0,1.0
183,0.13862943611198905,0.0009088322403840721,0.00045462275738827884,0.9140323400497437,0.00045595577103085816,0.9997249841690063,0.13862943611198905,0.0,0.0,0.90948486328125,0.0,1.0,0.0,0.0,0.9141693115234375,0.0,1.0
184,0.13862943611198905,0.0009039361029863358,0.000452172476798296,0.9140334725379944,0.0004534911713562906,0.9997264742851257,0.13862943611198905,0.0,0.0,0.90948486328125,0.0,1.0,0.0,0.0,0.9141693115234375,0.0,1.0
185,0.13862943611198905,0.0008990924688987434,0.00044974847696721554,0.9140346050262451,0.00045105302706360817,0.9997279047966003,0.13862943611198905,0.0,0.0,0.90948486328125,0.0,1.0,0.0,0.0,0.9141693115234375,0.0,1.0
186,0.13862943611198905,0.0008943004067987204,0.0004473502922337502,0.9140357375144958,0.000448640959803015,0.9997293949127197,0.13862943611198905,0.0,0.0,0.90948486328125,0.0,1.0,0.0,0.0,0.9141693115234375,0.0,1.0
187,0.13862943611198905,0.0008895592764019966,0.000444977602455765,0.9140368700027466,0.0004462545912247151,0.9997308254241943,0.13862943611198905,0.0,0.0,0.90948486328125,0.0,1.0,0.0,0.0,0.9141693115234375,0.0,1.0
188,0.13862943611198905,0.0008848681463859975,0.00044262997107580304,0.9140379428863525,0.0004438934847712517,0.999732255935669,0.13862943611198905,0.0,0.0,0.90948486328125,0.0,1.0,0.0,0.0,0.9141693115234375,0.0,1.0
189,0.13862943611198905,0.0008802261436358094,0.00044030690332874656,0.9140390753746033,0.0004415571747813374,0.9997336864471436,0.13862943611198905,0.0,0.0,0.90948486328125,0.0,1.0,0.0,0.0,0.9141693115234375,0.0,1.0
190,0.13862943611198905,0.0008756325696595013,0.000438008108176291,0.9140400290489197,0.0004392453411128372,0.9997350573539734,0.13862943611198905,0.0,0.0,0.90948486328125,0.0,1.0,0.0,0.0,0.9141693115234375,0.0,1.0
191,0.13862943611198905,0.0008710867841728032,0.0004357332072686404,0.9140411019325256,0.00043695763451978564,0.9997364282608032,0.13862943611198905,0.0,0.0,0.90948486328125,0.0,1.0,0.0,0.0,0.9141693115234375,0.0,1.0
192,0.13862943611198905,0.0008665879722684622,0.0004334818513598293,0.9140421748161316,0.00043469361844472587,0.9997377991676331,0.13862943611198905,0.0,0.0,0.90948486328125,0.0,1.0,0.0,0.0,0.9141693115234375,0.0,1.0
193,0.13862943611198905,0.0008621352608315647,0.0004312535747885704,0.9140432476997375,0.00043245291453786194,0.9997391700744629,0.13862943611198905,0.0,0.0,0.90948486328125,0.0,1.0,0.0,0.0,0.9141693115234375,0.0,1.0
194,0.13862943611198905,0.0008577281259931624,0.0004290481156203896,0.9140442609786987,0.0004302351735532284,0.999740481376648,0.13862943611198905,0.0,0.0,0.90948486328125,0.0,1.0,0.0,0.0,0.9141693115234375,0.0,1.0
195,0.13862943611198905,0.0008533658692613244,0.00042686512460932136,0.9140452742576599,0.00042804013355635107,0.999741792678833,0.13862943611198905,0.0,0.0,0.90948486328125,0.0,1.0,0.0,0.0,0.9141693115234375,0.0,1.0
196,0.13862943611198905,0.0008490477921441197,0.0004247042234055698,0.9140462875366211,0.00042586735798977315,0.9997431039810181,0.13862943611198905,0.0,0.0,0.90948486328125,0.0,1.0,0.0,0.0,0.9141693115234375,0.0,1.0
197,0.13862943611198905,0.0008447730797342956,0.0004225650627631694,0.9140473008155823,0.00042371649760752916,0.9997444152832031,0.13862943611198905,0.0,0.0,0.90948486328125,0.0,1.0,0.0,0.0,0.9141693115234375,0.0,1.0
198,0.13862943611198905,0.0008405412081629038,0.00042044735164381564,0.9140483140945435,0.00042158723226748407,0.9997456073760986,0.13862943611198905,0.0,0.0,0.90948486328125,0.0,1.0,0.0,0.0,0.9141693115234375,0.0,1.0
199,0.13862943611198905,0.0008363515953533351,0.00041835076990537345,0.9140493273735046,0.0004194793291389942,0.9997469186782837,0.13862943611198905,0.0,0.0,0.90948486328125,0.0,1.0,0.0,0.0,0.9141693115234375,0.0,1.0
