,train_loss,train_dice,train_iou,train_acc,train_sens,train_spec,val_loss,val_dice,val_iou,val_acc,val_sens,val_spec,test_dice,test_iou,test_acc,test_sens,test_spec
0,0.9325495322173083,0.07734447717666626,0.04022814333438873,0.4473075866699219,0.26974713802337646,0.46398892998695374,0.9325495322173083,0.0,0.0,0.90948486328125,0.0,1.0,0.0,0.0,0.9141693115234375,0.0,1.0
1,0.8923936508552117,0.06765588372945786,0.035012491047382355,0.6807622909545898,0.13494925200939178,0.7320085763931274,0.8923936508552117,0.0,0.0,0.90948486328125,0.0,1.0,0.0,0.0,0.9141693115234375,0.0,1.0
2,0.8498888826136977,0.06011931970715523,0.030991364270448685,0.7585589289665222,0.08996033668518066,0.8213379979133606,0.8498888826136977,0.0,0.0,0.90948486328125,0.0,1.0,0.0,0.0,0.9141693115234375,0.0,1.0
3,0.7931803199347272,0.054099079221487045,0.027801653370261192,0.7974791526794434,0.06748531013727188,0.8660063147544861,0.7931803199347272,0.0,0.0,0.90948486328125,0.0,1.0,0.0,0.0,0.9141693115234375,0.0,1.0
4,0.7395853347189796,0.04917002469301224,0.025204747915267944,0.820813000202179,0.053983960300683975,0.8928042054176331,0.7395853347189796,0.0,0.0,0.90948486328125,0.0,1.0,0.0,0.0,0.9141693115234375,0.0,1.0
5,0.7082639390865866,0.04506837949156761,0.02305375039577484,0.8363849520683289,0.04499266669154167,0.9106712937355042,0.7082639390865866,0.0,0.0,0.90948486328125,0.0,1.0,0.0,0.0,0.9141693115234375,0.0,1.0
6,0.6967090870717193,0.0415988452732563,0.021241283044219017,0.8475096821784973,0.03856969252228737,0.9234334230422974,0.6967090870717193,0.0,0.0,0.90948486328125,0.0,1.0,0.0,0.0,0.9141693115234375,0.0,1.0
7,0.6938303051407427,0.038620468229055405,0.019690509885549545,0.8558343648910522,0.03374405950307846,0.9330034255981445,0.6938303051407427,0.0,0.0,0.90948486328125,0.0,1.0,0.0,0.0,0.9141693115234375,0.0,1.0
8,0.6932683008835806,0.03603872284293175,0.018350059166550636,0.8623037338256836,0.029989777132868767,0.9404465556144714,0.6932683008835806,0.0,0.0,0.90948486328125,0.0,1.0,0.0,0.0,0.9141693115234375,0.0,1.0
9,0.6931671683744972,0.03378329426050186,0.017181914299726486,0.8674904704093933,0.026990780606865883,0.9464018940925598,0.6931671683744972,0.0,0.0,0.90948486328125,0.0,1.0,0.0,0.0,0.9141693115234375,0.0,1.0
10,0.6931509022867661,0.031796395778656006,0.016155065968632698,0.8717460632324219,0.024540454149246216,0.9512750506401062,0.6931509022867661,0.0,0.0,0.90948486328125,0.0,1.0,0.0,0.0,0.9141693115234375,0.0,1.0
11,0.6931478629598729,0.030029242858290672,0.015243525616824627,0.875288188457489,0.022496895864605904,0.9553357362747192,0.6931478629598729,0.0,0.0,0.90948486328125,0.0,1.0,0.0,0.0,0.9141693115234375,0.0,1.0
12,0.693147324447737,0.028447357937693596,0.014428936876356602,0.8782817125320435,0.020766649395227432,0.9587715268135071,0.693147324447737,0.0,0.0,0.90948486328125,0.0,1.0,0.0,0.0,0.9141693115234375,0.0,1.0
13,0.6931472207458429,0.02702532894909382,0.013697780668735504,0.880854606628418,0.019285107031464577,0.9617167711257935,0.6931472207458429,0.0,0.0,0.90948486328125,0.0,1.0,0.0,0.0,0.9141693115234375,0.0,1.0
14,0.6931471905664573,0.025738153606653214,0.013036869466304779,0.88308185338974,0.018000347539782524,0.9642691612243652,0.6931471905664573,0.0,0.0,0.90948486328125,0.0,1.0,0.0,0.0,0.9141693115234375,0.0,1.0
15,0.6931471851834268,0.02456662617623806,0.012436088174581528,0.8850240707397461,0.016874762251973152,0.9665021896362305,0.6931471851834268,0.0,0.0,0.90948486328125,0.0,1.0,0.0,0.0,0.9141693115234375,0.0,1.0
16,0.6931471830407537,0.02349943295121193,0.01188943162560463,0.886749267578125,0.0158837903290987,0.968472957611084,0.6931471830407537,0.0,0.0,0.90948486328125,0.0,1.0,0.0,0.0,0.9141693115234375,0.0,1.0
17,0.693147182700022,0.02252104878425598,0.01138878334313631,0.8882825374603271,0.015002705156803131,0.9702247381210327,0.693147182700022,0.0,0.0,0.90948486328125,0.0,1.0,0.0,0.0,0.9141693115234375,0.0,1.0
18,0.6931471825570473,0.021619422361254692,0.010927853174507618,0.8896468281745911,0.014212976209819317,0.9717918038368225,0.6931471825570473,0.0,0.0,0.90948486328125,0.0,1.0,0.0,0.0,0.9141693115234375,0.0,1.0
19,0.6931471825042819,0.02078746072947979,0.010502908378839493,0.8908759951591492,0.013502441346645355,0.9732022881507874,0.6931471825042819,0.0,0.0,0.90948486328125,0.0,1.0,0.0,0.0,0.9141693115234375,0.0,1.0
20,0.6931471824812647,0.02001725509762764,0.010109825991094112,0.8919886350631714,0.0128596480935812,0.9744783639907837,0.6931471824812647,0.0,0.0,0.90948486328125,0.0,1.0,0.0,0.0,0.9141693115234375,0.0,1.0
21,0.6931471824729019,0.01930072158575058,0.00974440947175026,0.892992377281189,0.01227417029440403,0.9756382703781128,0.6931471824729019,0.0,0.0,0.90948486328125,0.0,1.0,0.0,0.0,0.9141693115234375,0.0,1.0
22,0.6931471824679905,0.018635205924510956,0.009405247867107391,0.8939175605773926,0.011740868911147118,0.976697564125061,0.6931471824679905,0.0,0.0,0.90948486328125,0.0,1.0,0.0,0.0,0.9141693115234375,0.0,1.0
23,0.6931471824659294,0.01801404356956482,0.009088895283639431,0.8947655558586121,0.011251970194280148,0.9776685237884521,0.6931471824659294,0.0,0.0,0.90948486328125,0.0,1.0,0.0,0.0,0.9141693115234375,0.0,1.0
24,0.6931471824651825,0.01743176579475403,0.00879252701997757,0.8955385088920593,0.01080124732106924,0.9785616993904114,0.6931471824651825,0.0,0.0,0.90948486328125,0.0,1.0,0.0,0.0,0.9141693115234375,0.0,1.0
25,0.6931471824648145,0.016887309029698372,0.008515565656125546,0.8962603807449341,0.010386268608272076,0.9793863296508789,0.6931471824648145,0.0,0.0,0.90948486328125,0.0,1.0,0.0,0.0,0.9141693115234375,0.0,1.0
26,0.6931471824647418,0.016375770792365074,0.0082554891705513,0.8969284296035767,0.010001951828598976,0.9801498651504517,0.6931471824647418,0.0,0.0,0.90948486328125,0.0,1.0,0.0,0.0,0.9141693115234375,0.0,1.0
27,0.6931471824646976,0.01589447446167469,0.008010908961296082,0.8975499272346497,0.009645179845392704,0.9808588624000549,0.6931471824646976,0.0,0.0,0.90948486328125,0.0,1.0,0.0,0.0,0.9141693115234375,0.0,1.0
28,0.6931471824646547,0.015440111048519611,0.007780125830322504,0.8981246948242188,0.009312584064900875,0.9815189242362976,0.6931471824646547,0.0,0.0,0.90948486328125,0.0,1.0,0.0,0.0,0.9141693115234375,0.0,1.0
29,0.6931471824646193,0.01501135528087616,0.007562445942312479,0.8986636996269226,0.009002414532005787,0.982134997844696,0.6931471824646193,0.0,0.0,0.90948486328125,0.0,1.0,0.0,0.0,0.9141693115234375,0.0,1.0
30,0.6931471824646179,0.014605557546019554,0.007356508634984493,0.8991663455963135,0.008712091483175755,0.9827113151550293,0.6931471824646179,0.0,0.0,0.90948486328125,0.0,1.0,0.0,0.0,0.9141693115234375,0.0,1.0
31,0.6931471824646112,0.014221739023923874,0.0071618021465837955,0.8996421098709106,0.008440341800451279,0.9832516312599182,0.6931471824646112,0.0,0.0,0.90948486328125,0.0,1.0,0.0,0.0,0.9141693115234375,0.0,1.0
32,0.6931471824646094,0.01385731901973486,0.006977006793022156,0.9000870585441589,0.008184853941202164,0.9837592244148254,0.6931471824646094,0.0,0.0,0.90948486328125,0.0,1.0,0.0,0.0,0.9141693115234375,0.0,1.0
33,0.6931471824646056,0.013510897755622864,0.006801401264965534,0.9005042910575867,0.007944232784211636,0.9842368960380554,0.6931471824646056,0.0,0.0,0.90948486328125,0.0,1.0,0.0,0.0,0.9141693115234375,0.0,1.0
34,0.6931471824646032,0.013180444948375225,0.006633947137743235,0.9008906483650208,0.007716717664152384,0.9846872091293335,0.6931471824646032,0.0,0.0,0.90948486328125,0.0,1.0,0.0,0.0,0.9141693115234375,0.0,1.0
35,0.6931471824646023,0.01286619994789362,0.00647475803270936,0.9012587666511536,0.007502163294702768,0.9851124286651611,0.6931471824646023,0.0,0.0,0.90948486328125,0.0,1.0,0.0,0.0,0.9141693115234375,0.0,1.0
36,0.6931471824646014,0.01256698090583086,0.006323227193206549,0.9016101956367493,0.007299480494111776,0.9855148792266846,0.6931471824646014,0.0,0.0,0.90948486328125,0.0,1.0,0.0,0.0,0.9141693115234375,0.0,1.0
37,0.6931471824646013,0.012281384319067001,0.006178637966513634,0.9019432067871094,0.007107475772500038,0.985896110534668,0.6931471824646013,0.0,0.0,0.90948486328125,0.0,1.0,0.0,0.0,0.9141693115234375,0.0,1.0
38,0.6931471824646004,0.012008391320705414,0.006040468346327543,0.9022584557533264,0.006925254128873348,0.9862577319145203,0.6931471824646004,0.0,0.0,0.90948486328125,0.0,1.0,0.0,0.0,0.9141693115234375,0.0,1.0
39,0.6931471824646002,0.011747204698622227,0.005908309947699308,0.9025574922561646,0.00675209891051054,0.9866012930870056,0.6931471824646002,0.0,0.0,0.90948486328125,0.0,1.0,0.0,0.0,0.9141693115234375,0.0,1.0
40,0.6931471824646005,0.011497307568788528,0.005781895946711302,0.902843177318573,0.006587502546608448,0.9869281053543091,0.6931471824646005,0.0,0.0,0.90948486328125,0.0,1.0,0.0,0.0,0.9141693115234375,0.0,1.0
41,0.6931471824645999,0.011257588863372803,0.005660661030560732,0.9031134247779846,0.006430588196963072,0.9872393012046814,0.6931471824645999,0.0,0.0,0.90948486328125,0.0,1.0,0.0,0.0,0.9141693115234375,0.0,1.0
42,0.6931471824646002,0.011027674190700054,0.005544411949813366,0.9033711552619934,0.006280983332544565,0.9875360727310181,0.6931471824646002,0.0,0.0,0.90948486328125,0.0,1.0,0.0,0.0,0.9141693115234375,0.0,1.0
43,0.6931471824646,0.010806938633322716,0.005432829260826111,0.9036169052124023,0.006138165947049856,0.9878193140029907,0.6931471824646,0.0,0.0,0.90948486328125,0.0,1.0,0.0,0.0,0.9141693115234375,0.0,1.0
44,0.6931471824645998,0.010594815947115421,0.0053256237879395485,0.903851330280304,0.006001666188240051,0.9880899786949158,0.6931471824645998,0.0,0.0,0.90948486328125,0.0,1.0,0.0,0.0,0.9141693115234375,0.0,1.0
45,0.6931471824646,0.01039063185453415,0.0052224514074623585,0.9040733575820923,0.005870959255844355,0.9883488416671753,0.6931471824646,0.0,0.0,0.90948486328125,0.0,1.0,0.0,0.0,0.9141693115234375,0.0,1.0
46,0.6931471824645998,0.010194587521255016,0.005123412236571312,0.904289960861206,0.005746090319007635,0.9885967969894409,0.6931471824645998,0.0,0.0,0.90948486328125,0.0,1.0,0.0,0.0,0.9141693115234375,0.0,1.0
47,0.6931471824645999,0.01000596210360527,0.005028140265494585,0.9044990539550781,0.005626522935926914,0.9888343811035156,0.6931471824645999,0.0,0.0,0.90948486328125,0.0,1.0,0.0,0.0,0.9141693115234375,0.0,1.0
48,0.6931471824645998,0.009823990054428577,0.0049362448044121265,0.9046976566314697,0.00551170390099287,0.9890622496604919,0.6931471824645998,0.0,0.0,0.90948486328125,0.0,1.0,0.0,0.0,0.9141693115234375,0.0,1.0
49,0.6931471824645997,0.009648761712014675,0.004847771488130093,0.904890775680542,0.005401629954576492,0.9892809987068176,0.6931471824645997,0.0,0.0,0.90948486328125,0.0,1.0,0.0,0.0,0.9141693115234375,0.0,1.0
50,0.6931471824645997,0.009479519911110401,0.00476233521476388,0.9050745964050293,0.005295769311487675,0.9894912242889404,0.6931471824645997,0.0,0.0,0.90948486328125,0.0,1.0,0.0,0.0,0.9141693115234375,0.0,1.0
51,0.6931471824645997,0.00931592658162117,0.0046797641552984715,0.9052495956420898,0.005193862598389387,0.9896932244300842,0.6931471824645997,0.0,0.0,0.90948486328125,0.0,1.0,0.0,0.0,0.9141693115234375,0.0,1.0
52,0.6931471824645998,0.009158067405223846,0.004600100219249725,0.9054198265075684,0.0050959172658622265,0.9898877739906311,0.6931471824645998,0.0,0.0,0.90948486328125,0.0,1.0,0.0,0.0,0.9141693115234375,0.0,1.0
53,0.6931471824645998,0.009005453437566757,0.004523095674812794,0.9055836796760559,0.005001588724553585,0.9900750517845154,0.6931471824645998,0.0,0.0,0.90948486328125,0.0,1.0,0.0,0.0,0.9141693115234375,0.0,1.0
54,0.6931471824645998,0.008857782930135727,0.004448596388101578,0.9057408571243286,0.004910651594400406,0.9902554154396057,0.6931471824645998,0.0,0.0,0.90948486328125,0.0,1.0,0.0,0.0,0.9141693115234375,0.0,1.0
55,0.6931471824645998,0.008714809082448483,0.004376476630568504,0.9058917164802551,0.0048229205422103405,0.9904295206069946,0.6931471824645998,0.0,0.0,0.90948486328125,0.0,1.0,0.0,0.0,0.9141693115234375,0.0,1.0
56,0.6931471824645998,0.008576218038797379,0.004306578077375889,0.9060354232788086,0.004738171584904194,0.9905973672866821,0.6931471824645998,0.0,0.0,0.90948486328125,0.0,1.0,0.0,0.0,0.9141693115234375,0.0,1.0
57,0.6931471824645998,0.008442145772278309,0.004238968249410391,0.9061763286590576,0.004656459670513868,0.9907594919204712,0.6931471824645998,0.0,0.0,0.90948486328125,0.0,1.0,0.0,0.0,0.9141693115234375,0.0,1.0
58,0.6931471824645997,0.008312133140861988,0.004173413850367069,0.9063116312026978,0.0045774769969284534,0.9909160733222961,0.6931471824645997,0.0,0.0,0.90948486328125,0.0,1.0,0.0,0.0,0.9141693115234375,0.0,1.0
59,0.6931471824645998,0.008186272345483303,0.0041099609807133675,0.906444787979126,0.004501254763454199,0.9910675287246704,0.6931471824645998,0.0,0.0,0.90948486328125,0.0,1.0,0.0,0.0,0.9141693115234375,0.0,1.0
60,0.6931471824645998,0.008064193651080132,0.004048422444611788,0.9065739512443542,0.004427545703947544,0.9912139773368835,0.6931471824645998,0.0,0.0,0.90948486328125,0.0,1.0,0.0,0.0,0.9141693115234375,0.0,1.0
61,0.6931471824645997,0.007945716381072998,0.003988706506788731,0.9066990613937378,0.004356220364570618,0.9913556575775146,0.6931471824645997,0.0,0.0,0.90948486328125,0.0,1.0,0.0,0.0,0.9141693115234375,0.0,1.0
62,0.6931471824645997,0.00783038791269064,0.003930584993213415,0.9068168997764587,0.0042869881726801395,0.9914928674697876,0.6931471824645997,0.0,0.0,0.90948486328125,0.0,1.0,0.0,0.0,0.9141693115234375,0.0,1.0
63,0.6931471824645997,0.007718604523688555,0.003874256042763591,0.9069339036941528,0.004220067523419857,0.9916257858276367,0.6931471824645997,0.0,0.0,0.90948486328125,0.0,1.0,0.0,0.0,0.9141693115234375,0.0,1.0
64,0.6931471824645996,0.007609856314957142,0.0038194628432393074,0.9070460200309753,0.004155138041824102,0.9917546510696411,0.6931471824645996,0.0,0.0,0.90948486328125,0.0,1.0,0.0,0.0,0.9141693115234375,0.0,1.0
65,0.6931471824645998,0.007504061795771122,0.0037661632522940636,0.9071539044380188,0.0040921359322965145,0.9918795824050903,0.6931471824645998,0.0,0.0,0.90948486328125,0.0,1.0,0.0,0.0,0.9141693115234375,0.0,1.0
66,0.6931471824645997,0.007401304319500923,0.0037143996451050043,0.9072602391242981,0.004031096585094929,0.9920007586479187,0.6931471824645997,0.0,0.0,0.90948486328125,0.0,1.0,0.0,0.0,0.9141693115234375,0.0,1.0
67,0.6931471824645996,0.007301372941583395,0.0036640644539147615,0.9073641300201416,0.003971880301833153,0.9921184182167053,0.6931471824645996,0.0,0.0,0.90948486328125,0.0,1.0,0.0,0.0,0.9141693115234375,0.0,1.0
68,0.6931471824645997,0.00720401993021369,0.003615032881498337,0.9074638485908508,0.003914329223334789,0.992232620716095,0.6931471824645997,0.0,0.0,0.90948486328125,0.0,1.0,0.0,0.0,0.9141693115234375,0.0,1.0
69,0.6931471824645996,0.0071092573925852776,0.0035673107486218214,0.907561182975769,0.0038584391586482525,0.9923436045646667,0.6931471824645996,0.0,0.0,0.90948486328125,0.0,1.0,0.0,0.0,0.9141693115234375,0.0,1.0
70,0.6931471824645996,0.007016792893409729,0.003520750207826495,0.9076535701751709,0.003804026637226343,0.9924513697624207,0.6931471824645996,0.0,0.0,0.90948486328125,0.0,1.0,0.0,0.0,0.9141693115234375,0.0,1.0
71,0.6931471824645996,0.0069267638027668,0.003475419944152236,0.9077441692352295,0.0037511633709073067,0.9925563335418701,0.6931471824645996,0.0,0.0,0.90948486328125,0.0,1.0,0.0,0.0,0.9141693115234375,0.0,1.0
72,0.6931471824645998,0.0068390932865440845,0.003431281540542841,0.9078333377838135,0.003699794877320528,0.9926581978797913,0.6931471824645998,0.0,0.0,0.90948486328125,0.0,1.0,0.0,0.0,0.9141693115234375,0.0,1.0
73,0.6931471824645996,0.006753646768629551,0.003388266311958432,0.9079206585884094,0.0036498329136520624,0.9927574992179871,0.6931471824645996,0.0,0.0,0.90948486328125,0.0,1.0,0.0,0.0,0.9141693115234375,0.0,1.0
74,0.6931471824645997,0.006670181639492512,0.003346252255141735,0.9080038666725159,0.0036011282354593277,0.9928539395332336,0.6931471824645997,0.0,0.0,0.90948486328125,0.0,1.0,0.0,0.0,0.9141693115234375,0.0,1.0
75,0.6931471824645996,0.0065887970849871635,0.003305288730189204,0.9080853462219238,0.003553731134161353,0.9929481148719788,0.6931471824645996,0.0,0.0,0.90948486328125,0.0,1.0,0.0,0.0,0.9141693115234375,0.0,1.0
76,0.6931471824645996,0.006509386468678713,0.0032653221860527992,0.9081649780273438,0.003507572691887617,0.9930396676063538,0.6931471824645996,0.0,0.0,0.90948486328125,0.0,1.0,0.0,0.0,0.9141693115234375,0.0,1.0
77,0.6931471824645996,0.006431946065276861,0.00322635006159544,0.908243715763092,0.00346264336258173,0.9931288361549377,0.6931471824645996,0.0,0.0,0.90948486328125,0.0,1.0,0.0,0.0,0.9141693115234375,0.0,1.0
78,0.6931471824645997,0.006356311496347189,0.003188289934769273,0.9083201885223389,0.0034188416320830584,0.9932159185409546,0.6931471824645997,0.0,0.0,0.90948486328125,0.0,1.0,0.0,0.0,0.9141693115234375,0.0,1.0
79,0.6931471824645996,0.006282320246100426,0.0031510593835264444,0.9083930850028992,0.003376068314537406,0.9933006763458252,0.6931471824645996,0.0,0.0,0.90948486328125,0.0,1.0,0.0,0.0,0.9141693115234375,0.0,1.0
80,0.6931471824645997,0.006210091523826122,0.003114718245342374,0.9084650874137878,0.0033343862742185593,0.9933834075927734,0.6931471824645997,0.0,0.0,0.90948486328125,0.0,1.0,0.0,0.0,0.9141693115234375,0.0,1.0
81,0.6931471824645996,0.006139532662928104,0.0030792199540883303,0.9085357189178467,0.0032937368378043175,0.9934639930725098,0.6931471824645996,0.0,0.0,0.90948486328125,0.0,1.0,0.0,0.0,0.9141693115234375,0.0,1.0
82,0.6931471824645998,0.006070520728826523,0.003044502343982458,0.908604085445404,0.0032540445681661367,0.9935428500175476,0.6931471824645998,0.0,0.0,0.90948486328125,0.0,1.0,0.0,0.0,0.9141693115234375,0.0,1.0
83,0.6931471824645998,0.006003056652843952,0.0030105658806860447,0.9086710810661316,0.003215305507183075,0.9936196208000183,0.6931471824645998,0.0,0.0,0.90948486328125,0.0,1.0,0.0,0.0,0.9141693115234375,0.0,1.0
84,0.6931471824645997,0.005937050562351942,0.00297736469656229,0.908735990524292,0.0031774635426700115,0.9936946630477905,0.6931471824645997,0.0,0.0,0.90948486328125,0.0,1.0,0.0,0.0,0.9141693115234375,0.0,1.0
85,0.6931471824645997,0.005872463807463646,0.002944879699498415,0.9087991714477539,0.003140492597594857,0.9937680959701538,0.6931471824645997,0.0,0.0,0.90948486328125,0.0,1.0,0.0,0.0,0.9141693115234375,0.0,1.0
86,0.6931471824645997,0.005809266585856676,0.0029130957555025816,0.9088609218597412,0.003104371717199683,0.9938396215438843,0.6931471824645997,0.0,0.0,0.90948486328125,0.0,1.0,0.0,0.0,0.9141693115234375,0.0,1.0
87,0.6931471824645997,0.00574743514880538,0.0028820005245506763,0.9089215993881226,0.003069083672016859,0.9939095973968506,0.6931471824645997,0.0,0.0,0.90948486328125,0.0,1.0,0.0,0.0,0.9141693115234375,0.0,1.0
88,0.6931471824645997,0.005686923395842314,0.002851571189239621,0.9089812636375427,0.0030345988925546408,0.9939780235290527,0.6931471824645997,0.0,0.0,0.90948486328125,0.0,1.0,0.0,0.0,0.9141693115234375,0.0,1.0
89,0.6931471824645997,0.005627703387290239,0.002821792848408222,0.9090399742126465,0.003000898053869605,0.9940449595451355,0.6931471824645997,0.0,0.0,0.90948486328125,0.0,1.0,0.0,0.0,0.9141693115234375,0.0,1.0
90,0.6931471824645997,0.005569699686020613,0.0027926277834922075,0.9090973734855652,0.002967934822663665,0.9941105246543884,0.6931471824645997,0.0,0.0,0.90948486328125,0.0,1.0,0.0,0.0,0.9141693115234375,0.0,1.0
91,0.6931471824645996,0.005512915086001158,0.002764077391475439,0.9091540575027466,0.0029357080347836018,0.9941744208335876,0.6931471824645996,0.0,0.0,0.90948486328125,0.0,1.0,0.0,0.0,0.9141693115234375,0.0,1.0
92,0.6931471824645997,0.0054572345688939095,0.0027360839303582907,0.9092088937759399,0.0029041501693427563,0.9942371845245361,0.6931471824645997,0.0,0.0,0.90948486328125,0.0,1.0,0.0,0.0,0.9141693115234375,0.0,1.0
93,0.6931471824645997,0.005402648821473122,0.002708642277866602,0.9092622399330139,0.002873252611607313,0.9942984580993652,0.6931471824645997,0.0,0.0,0.90948486328125,0.0,1.0,0.0,0.0,0.9141693115234375,0.0,1.0
94,0.6931471824645997,0.005349145736545324,0.0026817461475729942,0.9093144536018372,0.0028430065140128136,0.994358479976654,0.6931471824645997,0.0,0.0,0.90948486328125,0.0,1.0,0.0,0.0,0.9141693115234375,0.0,1.0
95,0.6931471824645997,0.005296725779771805,0.0026553962379693985,0.9093661904335022,0.0028134097810834646,0.9944172501564026,0.6931471824645997,0.0,0.0,0.90948486328125,0.0,1.0,0.0,0.0,0.9141693115234375,0.0,1.0
96,0.6931471824645997,0.005245216656476259,0.002629505470395088,0.9094150066375732,0.0027843627613037825,0.9944748282432556,0.6931471824645997,0.0,0.0,0.90948486328125,0.0,1.0,0.0,0.0,0.9141693115234375,0.0,1.0
97,0.6931471824645996,0.005194815807044506,0.0026041727978736162,0.9094648361206055,0.0027559746522456408,0.9945312142372131,0.6931471824645996,0.0,0.0,0.90948486328125,0.0,1.0,0.0,0.0,0.9141693115234375,0.0,1.0
98,0.6931471824645997,0.005145274568349123,0.0025792736560106277,0.909511923789978,0.0027281034272164106,0.9945863485336304,0.6931471824645997,0.0,0.0,0.90948486328125,0.0,1.0,0.0,0.0,0.9141693115234375,0.0,1.0
99,0.6931471824645997,0.005096725188195705,0.0025548741687089205,0.9095590710639954,0.0027008219622075558,0.9946404695510864,0.6931471824645997,0.0,0.0,0.90948486328125,0.0,1.0,0.0,0.0,0.9141693115234375,0.0,1.0
100,0.6931471824645998,0.005049122031778097,0.0025309512857347727,0.9096059799194336,0.002674102084711194,0.9946936368942261,0.6931471824645998,0.0,0.0,0.90948486328125,0.0,1.0,0.0,0.0,0.9141693115234375,0.0,1.0
101,0.6931471824645996,0.005002349149435759,0.0025074470322579145,0.9096510410308838,0.002647877437993884,0.9947455525398254,0.6931471824645996,0.0,0.0,0.90948486328125,0.0,1.0,0.0,0.0,0.9141693115234375,0.0,1.0
102,0.6931471824645997,0.004956473596394062,0.002484394470229745,0.9096959233283997,0.002622183645144105,0.994796633720398,0.6931471824645997,0.0,0.0,0.90948486328125,0.0,1.0,0.0,0.0,0.9141693115234375,0.0,1.0
103,0.6931471824645997,0.004911433905363083,0.002461763098835945,0.9097400307655334,0.0025969853159040213,0.9948466420173645,0.6931471824645997,0.0,0.0,0.90948486328125,0.0,1.0,0.0,0.0,0.9141693115234375,0.0,1.0
104,0.6931471824645997,0.004867179784923792,0.002439527539536357,0.9097827076911926,0.0025722519494593143,0.9948956966400146,0.6931471824645997,0.0,0.0,0.90948486328125,0.0,1.0,0.0,0.0,0.9141693115234375,0.0,1.0
105,0.6931471824645997,0.004823660012334585,0.002417661715298891,0.9098235964775085,0.002547954209148884,0.9949438571929932,0.6931471824645997,0.0,0.0,0.90948486328125,0.0,1.0,0.0,0.0,0.9141693115234375,0.0,1.0
106,0.6931471824645997,0.004780903924256563,0.0023961805272847414,0.9098636507987976,0.0025241065304726362,0.9949910640716553,0.6931471824645997,0.0,0.0,0.90948486328125,0.0,1.0,0.0,0.0,0.9141693115234375,0.0,1.0
107,0.6931471824645996,0.004738941323012114,0.0023750991094857454,0.9099036455154419,0.0025007249787449837,0.9950375556945801,0.6931471824645996,0.0,0.0,0.90948486328125,0.0,1.0,0.0,0.0,0.9141693115234375,0.0,1.0
108,0.6931471824645996,0.0046976832672953606,0.002354372525587678,0.9099425077438354,0.002477758564054966,0.9950829744338989,0.6931471824645996,0.0,0.0,0.90948486328125,0.0,1.0,0.0,0.0,0.9141693115234375,0.0,1.0
109,0.6931471824645997,0.004657181911170483,0.0023340266197919846,0.909981369972229,0.0024552345275878906,0.9951276779174805,0.6931471824645997,0.0,0.0,0.90948486328125,0.0,1.0,0.0,0.0,0.9141693115234375,0.0,1.0
110,0.6931471824645997,0.004617366474121809,0.0023140262346714735,0.9100195169448853,0.0024331125896424055,0.9951716065406799,0.6931471824645997,0.0,0.0,0.90948486328125,0.0,1.0,0.0,0.0,0.9141693115234375,0.0,1.0
111,0.6931471824645996,0.004578214604407549,0.0022943599615246058,0.9100567698478699,0.002411379711702466,0.9952147603034973,0.6931471824645996,0.0,0.0,0.90948486328125,0.0,1.0,0.0,0.0,0.9141693115234375,0.0,1.0
112,0.6931471824645996,0.004539771005511284,0.002275050152093172,0.9100943803787231,0.0023900591768324375,0.9952570199966431,0.6931471824645996,0.0,0.0,0.90948486328125,0.0,1.0,0.0,0.0,0.9141693115234375,0.0,1.0
113,0.6931471824645996,0.004501973744481802,0.0022560658399015665,0.9101313948631287,0.0023691155947744846,0.9952986836433411,0.6931471824645996,0.0,0.0,0.90948486328125,0.0,1.0,0.0,0.0,0.9141693115234375,0.0,1.0
114,0.6931471824645997,0.004464785102754831,0.0022373879328370094,0.9101674556732178,0.0023485273122787476,0.9953396320343018,0.6931471824645997,0.0,0.0,0.90948486328125,0.0,1.0,0.0,0.0,0.9141693115234375,0.0,1.0
115,0.6931471824645997,0.0044281152077019215,0.002218971261754632,0.9102011322975159,0.002328244037926197,0.9953796863555908,0.6931471824645997,0.0,0.0,0.90948486328125,0.0,1.0,0.0,0.0,0.9141693115234375,0.0,1.0
116,0.6931471824645996,0.0043921396136283875,0.0022009036038070917,0.910236120223999,0.002308361232280731,0.9954192042350769,0.6931471824645996,0.0,0.0,0.90948486328125,0.0,1.0,0.0,0.0,0.9141693115234375,0.0,1.0
117,0.6931471824645997,0.004356686491519213,0.0021830995101481676,0.9102693200111389,0.0022887836676090956,0.9954580664634705,0.6931471824645997,0.0,0.0,0.90948486328125,0.0,1.0,0.0,0.0,0.9141693115234375,0.0,1.0
118,0.6931471824645996,0.00432181591168046,0.0021655880846083164,0.9103023409843445,0.0022695434745401144,0.9954962134361267,0.6931471824645996,0.0,0.0,0.90948486328125,0.0,1.0,0.0,0.0,0.9141693115234375,0.0,1.0
119,0.6931471824645997,0.0042875115759670734,0.0021483618766069412,0.9103350043296814,0.0022506308741867542,0.9955337643623352,0.6931471824645997,0.0,0.0,0.90948486328125,0.0,1.0,0.0,0.0,0.9141693115234375,0.0,1.0
120,0.6931471824645997,0.004253758117556572,0.002131412737071514,0.9103674292564392,0.002232036553323269,0.995570719242096,0.6931471824645997,0.0,0.0,0.90948486328125,0.0,1.0,0.0,0.0,0.9141693115234375,0.0,1.0
121,0.6931471824645996,0.0042204842902719975,0.0021147052757441998,0.9103982448577881,0.002213721163570881,0.9956070184707642,0.6931471824645996,0.0,0.0,0.90948486328125,0.0,1.0,0.0,0.0,0.9141693115234375,0.0,1.0
122,0.6931471824645996,0.004187768790870905,0.0020982783753424883,0.9104294776916504,0.002195726614445448,0.9956427216529846,0.6931471824645996,0.0,0.0,0.90948486328125,0.0,1.0,0.0,0.0,0.9141693115234375,0.0,1.0
123,0.6931471824645997,0.004155560862272978,0.0020821071229875088,0.9104602932929993,0.002178024500608444,0.9956778287887573,0.6931471824645997,0.0,0.0,0.90948486328125,0.0,1.0,0.0,0.0,0.9141693115234375,0.0,1.0
124,0.6931471824645996,0.004123801365494728,0.00206616148352623,0.9104896783828735,0.0021605819929391146,0.9957123398780823,0.6931471824645996,0.0,0.0,0.90948486328125,0.0,1.0,0.0,0.0,0.9141693115234375,0.0,1.0
125,0.6931471824645997,0.004092535004019737,0.0020504638087004423,0.9105188846588135,0.0021434228401631117,0.995746374130249,0.6931471824645997,0.0,0.0,0.90948486328125,0.0,1.0,0.0,0.0,0.9141693115234375,0.0,1.0
126,0.6931471824645997,0.00406175060197711,0.002035008743405342,0.9105478525161743,0.0021265405230224133,0.9957798719406128,0.6931471824645997,0.0,0.0,0.90948486328125,0.0,1.0,0.0,0.0,0.9141693115234375,0.0,1.0
127,0.6931471824645997,0.0040314351208508015,0.0020197895355522633,0.910576581954956,0.0021099268924444914,0.9958128333091736,0.6931471824645997,0.0,0.0,0.90948486328125,0.0,1.0,0.0,0.0,0.9141693115234375,0.0,1.0
128,0.6931471824645997,0.00400160625576973,0.002004814799875021,0.9106056690216064,0.0020935912616550922,0.995845377445221,0.6931471824645997,0.0,0.0,0.90948486328125,0.0,1.0,0.0,0.0,0.9141693115234375,0.0,1.0
129,0.6931471824645996,0.003972196485847235,0.0019900512415915728,0.91063392162323,0.002077496377751231,0.9958773255348206,0.6931471824645996,0.0,0.0,0.90948486328125,0.0,1.0,0.0,0.0,0.9141693115234375,0.0,1.0
130,0.6931471824645997,0.003943230956792831,0.0019755109678953886,0.910662055015564,0.002061655279248953,0.9959087371826172,0.6931471824645997,0.0,0.0,0.90948486328125,0.0,1.0,0.0,0.0,0.9141693115234375,0.0,1.0
131,0.6931471824645996,0.003914668690413237,0.001961173489689827,0.9106893539428711,0.002046045148745179,0.9959397912025452,0.6931471824645996,0.0,0.0,0.90948486328125,0.0,1.0,0.0,0.0,0.9141693115234375,0.0,1.0
132,0.6931471824645997,0.0038864770904183388,0.001947022508829832,0.9107154607772827,0.002030647825449705,0.9959702491760254,0.6931471824645997,0.0,0.0,0.90948486328125,0.0,1.0,0.0,0.0,0.9141693115234375,0.0,1.0
133,0.6931471824645997,0.0038587001617997885,0.001933080144226551,0.9107413291931152,0.002015486592426896,0.9960004091262817,0.6931471824645997,0.0,0.0,0.90948486328125,0.0,1.0,0.0,0.0,0.9141693115234375,0.0,1.0
134,0.6931471824645996,0.003831305308267474,0.0019193298649042845,0.9107665419578552,0.0020005435217171907,0.9960299730300903,0.6931471824645996,0.0,0.0,0.90948486328125,0.0,1.0,0.0,0.0,0.9141693115234375,0.0,1.0
135,0.6931471824645996,0.003804342355579138,0.001905796816572547,0.9107924699783325,0.0019858453888446093,0.996059238910675,0.6931471824645996,0.0,0.0,0.90948486328125,0.0,1.0,0.0,0.0,0.9141693115234375,0.0,1.0
136,0.6931471824645997,0.003777765901759267,0.0018924579489976168,0.9108182191848755,0.0019713668152689934,0.996087908744812,0.6931471824645997,0.0,0.0,0.90948486328125,0.0,1.0,0.0,0.0,0.9141693115234375,0.0,1.0
137,0.6931471824645996,0.00375150004401803,0.0018792754271999002,0.9108422994613647,0.001957066124305129,0.9961162805557251,0.6931471824645996,0.0,0.0,0.90948486328125,0.0,1.0,0.0,0.0,0.9141693115234375,0.0,1.0
138,0.6931471824645996,0.003725616727024317,0.0018662852235138416,0.910866379737854,0.0019429823150858283,0.9961442351341248,0.6931471824645996,0.0,0.0,0.90948486328125,0.0,1.0,0.0,0.0,0.9141693115234375,0.0,1.0
139,0.6931471824645996,0.003700101049616933,0.0018534798873588443,0.910890519618988,0.001929106772877276,0.9961718320846558,0.6931471824645996,0.0,0.0,0.90948486328125,0.0,1.0,0.0,0.0,0.9141693115234375,0.0,1.0
140,0.6931471824645997,0.0036749590653926134,0.0018408625619485974,0.910914957523346,0.0019154425244778395,0.9961989521980286,0.6931471824645997,0.0,0.0,0.90948486328125,0.0,1.0,0.0,0.0,0.9141693115234375,0.0,1.0
141,0.6931471824645997,0.003650137921795249,0.001828406355343759,0.910938560962677,0.0019019603496417403,0.9962255954742432,0.6931471824645997,0.0,0.0,0.90948486328125,0.0,1.0,0.0,0.0,0.9141693115234375,0.0,1.0
142,0.6931471824645997,0.0036256439052522182,0.0018161146435886621,0.9109617471694946,0.001888663275167346,0.9962520003318787,0.6931471824645997,0.0,0.0,0.90948486328125,0.0,1.0,0.0,0.0,0.9141693115234375,0.0,1.0
143,0.6931471824645997,0.003601448144763708,0.0018039728747680783,0.9109838008880615,0.0018755357014015317,0.9962781667709351,0.6931471824645997,0.0,0.0,0.90948486328125,0.0,1.0,0.0,0.0,0.9141693115234375,0.0,1.0
144,0.6931471824645996,0.0035775904543697834,0.0017920010723173618,0.9110060930252075,0.0018625985831022263,0.9963037967681885,0.6931471824645996,0.0,0.0,0.90948486328125,0.0,1.0,0.0,0.0,0.9141693115234375,0.0,1.0
145,0.6931471824645996,0.0035540591925382614,0.0017801935318857431,0.9110283851623535,0.001849845633842051,0.9963290095329285,0.6931471824645996,0.0,0.0,0.90948486328125,0.0,1.0,0.0,0.0,0.9141693115234375,0.0,1.0
146,0.6931471824645996,0.0035308441147208214,0.0017685446655377746,0.9110504984855652,0.0018372706836089492,0.9963541030883789,0.6931471824645996,0.0,0.0,0.90948486328125,0.0,1.0,0.0,0.0,0.9141693115234375,0.0,1.0
147,0.6931471824645996,0.0035079370718449354,0.0017570507479831576,0.9110726118087769,0.0018248691922053695,0.9963787794113159,0.6931471824645996,0.0,0.0,0.90948486328125,0.0,1.0,0.0,0.0,0.9141693115234375,0.0,1.0
148,0.6931471824645996,0.003485301276668906,0.0017456931527704,0.9110937118530273,0.001812620903365314,0.9964030385017395,0.6931471824645996,0.0,0.0,0.90948486328125,0.0,1.0,0.0,0.0,0.9141693115234375,0.0,1.0
149,0.6931471824645997,0.003462956752628088,0.0017344820080325007,0.9111146330833435,0.0018005366437137127,0.996427059173584,0.6931471824645997,0.0,0.0,0.90948486328125,0.0,1.0,0.0,0.0,0.9141693115234375,0.0,1.0
150,0.6931471824645997,0.0034409034997224808,0.001723417197354138,0.9111353158950806,0.0017886159475892782,0.9964507222175598,0.6931471824645997,0.0,0.0,0.90948486328125,0.0,1.0,0.0,0.0,0.9141693115234375,0.0,1.0
151,0.6931471824645996,0.0034191226586699486,0.0017124892910942435,0.9111557006835938,0.001776848454028368,0.996474027633667,0.6931471824645996,0.0,0.0,0.90948486328125,0.0,1.0,0.0,0.0,0.9141693115234375,0.0,1.0
152,0.6931471824645997,0.003397625871002674,0.0017017042264342308,0.9111759662628174,0.0017652401002123952,0.9964970946311951,0.6931471824645997,0.0,0.0,0.90948486328125,0.0,1.0,0.0,0.0,0.9141693115234375,0.0,1.0
153,0.6931471824645996,0.003376384498551488,0.0016910474514588714,0.9111957550048828,0.0017537754029035568,0.9965198636054993,0.6931471824645996,0.0,0.0,0.90948486328125,0.0,1.0,0.0,0.0,0.9141693115234375,0.0,1.0
154,0.6931471824645997,0.003355394583195448,0.0016805169871076941,0.9112148284912109,0.0017424519173800945,0.9965422749519348,0.6931471824645997,0.0,0.0,0.90948486328125,0.0,1.0,0.0,0.0,0.9141693115234375,0.0,1.0
155,0.6931471824645997,0.003334673820063472,0.0016701219137758017,0.9112339615821838,0.0017312790732830763,0.9965644478797913,0.6931471824645997,0.0,0.0,0.90948486328125,0.0,1.0,0.0,0.0,0.9141693115234375,0.0,1.0
156,0.6931471824645997,0.003314222674816847,0.001659862231463194,0.9112533330917358,0.0017202567541971803,0.9965862035751343,0.6931471824645997,0.0,0.0,0.90948486328125,0.0,1.0,0.0,0.0,0.9141693115234375,0.0,1.0
157,0.6931471824645997,0.0032940146047621965,0.0016497247852385044,0.9112721681594849,0.0017093705246225,0.9966079592704773,0.6931471824645997,0.0,0.0,0.90948486328125,0.0,1.0,0.0,0.0,0.9141693115234375,0.0,1.0
158,0.6931471824645997,0.0032740393653512,0.0016397042199969292,0.9112904667854309,0.0016986146802082658,0.9966292977333069,0.6931471824645997,0.0,0.0,0.90948486328125,0.0,1.0,0.0,0.0,0.9141693115234375,0.0,1.0
159,0.6931471824645996,0.0032543058041483164,0.0016298051923513412,0.9113086462020874,0.0016879938775673509,0.996650218963623,0.6931471824645996,0.0,0.0,0.90948486328125,0.0,1.0,0.0,0.0,0.9141693115234375,0.0,1.0
160,0.6931471824645996,0.0032348278909921646,0.0016200345708057284,0.9113270044326782,0.0016775153344497085,0.9966711401939392,0.6931471824645996,0.0,0.0,0.90948486328125,0.0,1.0,0.0,0.0,0.9141693115234375,0.0,1.0
161,0.6931471824645997,0.0032155667431652546,0.0016103727975860238,0.9113448262214661,0.001667157979682088,0.9966917037963867,0.6931471824645997,0.0,0.0,0.90948486328125,0.0,1.0,0.0,0.0,0.9141693115234375,0.0,1.0
162,0.6931471824645997,0.003196521895006299,0.0016008198726922274,0.9113620519638062,0.0016569215804338455,0.9967119693756104,0.6931471824645997,0.0,0.0,0.90948486328125,0.0,1.0,0.0,0.0,0.9141693115234375,0.0,1.0
163,0.6931471824645997,0.0031777392141520977,0.0015913984971120954,0.9113801121711731,0.0016468303510919213,0.9967320561408997,0.6931471824645997,0.0,0.0,0.90948486328125,0.0,1.0,0.0,0.0,0.9141693115234375,0.0,1.0
164,0.6931471824645997,0.0031591609586030245,0.0015820797998458147,0.9113975763320923,0.0016368532087653875,0.9967518448829651,0.6931471824645997,0.0,0.0,0.90948486328125,0.0,1.0,0.0,0.0,0.9141693115234375,0.0,1.0
165,0.6931471824645996,0.003140795975923538,0.0015728683210909367,0.9114147424697876,0.001626994926482439,0.9967713952064514,0.6931471824645996,0.0,0.0,0.90948486328125,0.0,1.0,0.0,0.0,0.9141693115234375,0.0,1.0
166,0.6931471824645997,0.0031226379796862602,0.00156376080121845,0.911431610584259,0.0016172516625374556,0.9967906475067139,0.6931471824645997,0.0,0.0,0.90948486328125,0.0,1.0,0.0,0.0,0.9141693115234375,0.0,1.0
167,0.6931471824645997,0.003104698844254017,0.00155476329382509,0.9114484190940857,0.0016076300526037812,0.9968098402023315,0.6931471824645997,0.0,0.0,0.90948486328125,0.0,1.0,0.0,0.0,0.9141693115234375,0.0,1.0
168,0.6931471824645997,0.0030869655311107635,0.0015458690468221903,0.9114651679992676,0.0015981225296854973,0.9968287348747253,0.6931471824645997,0.0,0.0,0.90948486328125,0.0,1.0,0.0,0.0,0.9141693115234375,0.0,1.0
169,0.6931471824645997,0.003069426165893674,0.0015370723558589816,0.9114814400672913,0.001588722807355225,0.9968472719192505,0.6931471824645997,0.0,0.0,0.90948486328125,0.0,1.0,0.0,0.0,0.9141693115234375,0.0,1.0
170,0.6931471824645997,0.0030521119479089975,0.001528388587757945,0.9114984273910522,0.001579447416588664,0.9968657493591309,0.6931471824645997,0.0,0.0,0.90948486328125,0.0,1.0,0.0,0.0,0.9141693115234375,0.0,1.0
171,0.6931471824645997,0.0030349786393344402,0.0015197958564385772,0.9115146398544312,0.0015702726086601615,0.9968839287757874,0.6931471824645997,0.0,0.0,0.90948486328125,0.0,1.0,0.0,0.0,0.9141693115234375,0.0,1.0
172,0.6931471824645998,0.003018015995621681,0.001511288806796074,0.9115301370620728,0.0015611929120495915,0.9969020485877991,0.6931471824645998,0.0,0.0,0.90948486328125,0.0,1.0,0.0,0.0,0.9141693115234375,0.0,1.0
173,0.6931471824645997,0.0030012435745447874,0.0015028773341327906,0.9115455746650696,0.0015522183384746313,0.9969198703765869,0.6931471824645997,0.0,0.0,0.90948486328125,0.0,1.0,0.0,0.0,0.9141693115234375,0.0,1.0
174,0.6931471824645997,0.0029846718534827232,0.0014945666771382093,0.9115612506866455,0.0015433545922860503,0.9969374537467957,0.6931471824645997,0.0,0.0,0.90948486328125,0.0,1.0,0.0,0.0,0.9141693115234375,0.0,1.0
175,0.6931471824645996,0.0029682822059839964,0.0014863472897559404,0.9115766882896423,0.0015345915453508496,0.9969547986984253,0.6931471824645996,0.0,0.0,0.90948486328125,0.0,1.0,0.0,0.0,0.9141693115234375,0.0,1.0
176,0.6931471824645997,0.0029520615935325623,0.0014782128855586052,0.9115917682647705,0.001525921979919076,0.9969720840454102,0.6931471824645997,0.0,0.0,0.90948486328125,0.0,1.0,0.0,0.0,0.9141693115234375,0.0,1.0
177,0.6931471824645997,0.0029360114131122828,0.0014701641630381346,0.9116064310073853,0.0015173469437286258,0.9969890713691711,0.6931471824645997,0.0,0.0,0.90948486328125,0.0,1.0,0.0,0.0,0.9141693115234375,0.0,1.0
178,0.6931471824645996,0.002920147031545639,0.0014622086891904473,0.9116212725639343,0.0015088740037754178,0.997005820274353,0.6931471824645996,0.0,0.0,0.90948486328125,0.0,1.0,0.0,0.0,0.9141693115234375,0.0,1.0
179,0.6931471824645997,0.002904450288042426,0.0014543375000357628,0.9116359353065491,0.001500493730418384,0.9970225095748901,0.6931471824645997,0.0,0.0,0.90948486328125,0.0,1.0,0.0,0.0,0.9141693115234375,0.0,1.0
180,0.6931471824645996,0.0028889242094010115,0.0014465517597272992,0.9116504192352295,0.0014922075206413865,0.9970389008522034,0.6931471824645996,0.0,0.0,0.90948486328125,0.0,1.0,0.0,0.0,0.9141693115234375,0.0,1.0
181,0.6931471824645997,0.0028735417872667313,0.001438838429749012,0.9116641879081726,0.0014840009389445186,0.9970552325248718,0.6931471824645997,0.0,0.0,0.90948486328125,0.0,1.0,0.0,0.0,0.9141693115234375,0.0,1.0
182,0.6931471824645997,0.002858340973034501,0.0014312160201370716,0.9116783738136292,0.0014758940087631345,0.9970713257789612,0.6931471824645997,0.0,0.0,0.90948486328125,0.0,1.0,0.0,0.0,0.9141693115234375,0.0,1.0
183,0.6931471824645997,0.0028433213010430336,0.0014236851129680872,0.9116929769515991,0.0014678866136819124,0.9970872402191162,0.6931471824645997,0.0,0.0,0.90948486328125,0.0,1.0,0.0,0.0,0.9141693115234375,0.0,1.0
184,0.6931471824645997,0.0028284499421715736,0.0014162278966978192,0.9117072820663452,0.001459960825741291,0.9971029162406921,0.6931471824645997,0.0,0.0,0.90948486328125,0.0,1.0,0.0,0.0,0.9141693115234375,0.0,1.0
185,0.6931471824645997,0.0028137352783232927,0.001408850192092359,0.911721408367157,0.0014521213015541434,0.9971184730529785,0.6931471824645997,0.0,0.0,0.90948486328125,0.0,1.0,0.0,0.0,0.9141693115234375,0.0,1.0
186,0.6931471824645996,0.002799166599288583,0.001401545014232397,0.9117351770401001,0.0014443618711084127,0.9971340298652649,0.6931471824645996,0.0,0.0,0.90948486328125,0.0,1.0,0.0,0.0,0.9141693115234375,0.0,1.0
187,0.6931471824645997,0.0027847338933497667,0.0013943084049969912,0.9117483496665955,0.0014366776449605823,0.9971492290496826,0.6931471824645997,0.0,0.0,0.90948486328125,0.0,1.0,0.0,0.0,0.9141693115234375,0.0,1.0
188,0.6931471824645997,0.002770454855635762,0.0013871490955352783,0.9117615818977356,0.0014290779363363981,0.9971643090248108,0.6931471824645997,0.0,0.0,0.90948486328125,0.0,1.0,0.0,0.0,0.9141693115234375,0.0,1.0
189,0.6931471824645996,0.002756332978606224,0.0013800684828311205,0.9117750525474548,0.0014215637929737568,0.9971792697906494,0.6931471824645996,0.0,0.0,0.90948486328125,0.0,1.0,0.0,0.0,0.9141693115234375,0.0,1.0
190,0.6931471824645997,0.0027423237916082144,0.0013730446808040142,0.9117874503135681,0.001414112513884902,0.9971939325332642,0.6931471824645997,0.0,0.0,0.90948486328125,0.0,1.0,0.0,0.0,0.9141693115234375,0.0,1.0
191,0.6931471824645996,0.002728471765294671,0.001366099575534463,0.9118000864982605,0.0014067469164729118,0.9972086548805237,0.6931471824645996,0.0,0.0,0.90948486328125,0.0,1.0,0.0,0.0,0.9141693115234375,0.0,1.0
192,0.6931471824645998,0.0027147806249558926,0.0013592354953289032,0.9118133783340454,0.0013994690962135792,0.9972230792045593,0.6931471824645998,0.0,0.0,0.90948486328125,0.0,1.0,0.0,0.0,0.9141693115234375,0.0,1.0
193,0.6931471824645996,0.0027012047357857227,0.0013524293899536133,0.9118258357048035,0.0013922551879659295,0.9972374439239502,0.6931471824645996,0.0,0.0,0.90948486328125,0.0,1.0,0.0,0.0,0.9141693115234375,0.0,1.0
194,0.6931471824645997,0.002687748521566391,0.001345682772807777,0.911837637424469,0.0013851065887138247,0.997251570224762,0.6931471824645997,0.0,0.0,0.90948486328125,0.0,1.0,0.0,0.0,0.9141693115234375,0.0,1.0
195,0.6931471824645997,0.0026744480710476637,0.0013390149688348174,0.9118500351905823,0.0013780432054772973,0.9972655773162842,0.6931471824645997,0.0,0.0,0.90948486328125,0.0,1.0,0.0,0.0,0.9141693115234375,0.0,1.0
196,0.6931471824645996,0.002661270322278142,0.0013324083993211389,0.9118620753288269,0.0013710471102967858,0.9972794651985168,0.6931471824645996,0.0,0.0,0.90948486328125,0.0,1.0,0.0,0.0,0.9141693115234375,0.0,1.0
197,0.6931471824645998,0.0026482464745640755,0.0013258790131658316,0.9118747711181641,0.0013641344849020243,0.99729323387146,0.6931471824645998,0.0,0.0,0.90948486328125,0.0,1.0,0.0,0.0,0.9141693115234375,0.0,1.0
198,0.6931471824645997,0.0026353108696639538,0.0013193943304941058,0.9118860960006714,0.0013572711031883955,0.9973068237304688,0.6931471824645997,0.0,0.0,0.90948486328125,0.0,1.0,0.0,0.0,0.9141693115234375,0.0,1.0
199,0.6931471824645997,0.002622524742037058,0.001312984386458993,0.911898136138916,0.00135048886295408,0.9973202347755432,0.6931471824645997,0.0,0.0,0.90948486328125,0.0,1.0,0.0,0.0,0.9141693115234375,0.0,1.0
