,train_loss,train_dice,train_iou,train_acc,train_sens,train_spec,val_loss,val_dice,val_iou,val_acc,val_sens,val_spec,test_dice,test_iou,test_acc,test_sens,test_spec
0,0.9276363400035166,0.014107405208051205,0.007103935815393925,0.8924331665039062,0.008974544703960419,0.9753007888793945,0.9276363400035166,0.0,0.0,0.90948486328125,0.0,1.0,0.0,0.0,0.9141693115234375,0.0,1.0
1,0.8996462777036811,0.007899025455117226,0.003965212032198906,0.9033389091491699,0.004487272351980209,0.9876503944396973,0.8996462777036811,0.0,0.0,0.90948486328125,0.0,1.0,0.0,0.0,0.9141693115234375,0.0,1.0
2,0.8621469628343732,0.005485131870955229,0.00275012687779963,0.9069741368293762,0.0029915147460997105,0.9917669296264648,0.8621469628343732,0.0,0.0,0.90948486328125,0.0,1.0,0.0,0.0,0.9141693115234375,0.0,1.0
3,0.80768314970625,0.004201254341751337,0.0021050600335001945,0.9087917804718018,0.0022436361759901047,0.9938251972198486,0.80768314970625,0.0,0.0,0.90948486328125,0.0,1.0,0.0,0.0,0.9141693115234375,0.0,1.0
4,0.7500314925377545,0.00340440240688622,0.0017051108879968524,0.9098823666572571,0.001794908894225955,0.99506014585495,0.7500314925377545,0.0,0.0,0.90948486328125,0.0,1.0,0.0,0.0,0.9141693115234375,0.0,1.0
5,0.7127905240593151,0.0028616362251341343,0.0014328733086585999,0.9106094241142273,0.0014957573730498552,0.9958834648132324,0.7127905240593151,0.0,0.0,0.90948486328125,0.0,1.0,0.0,0.0,0.9141693115234375,0.0,1.0
6,0.698226478304443,0.0024681389331817627,0.0012355981161817908,0.9111286997795105,0.0012820777483284473,0.9964715242385864,0.698226478304443,0.0,0.0,0.90948486328125,0.0,1.0,0.0,0.0,0.9141693115234375,0.0,1.0
7,0.6942566227650067,0.002169777639210224,0.00108607008587569,0.9115182161331177,0.0011218180879950523,0.9969125986099243,0.6942566227650067,0.0,0.0,0.90948486328125,0.0,1.0,0.0,0.0,0.9141693115234375,0.0,1.0
8,0.6933718142547968,0.0019357716664671898,0.0009688258869573474,0.9118211269378662,0.000997171620838344,0.9972556233406067,0.6933718142547968,0.0,0.0,0.90948486328125,0.0,1.0,0.0,0.0,0.9141693115234375,0.0,1.0
9,0.6931922896249907,0.0017473262269049883,0.0008744289516471326,0.912063479423523,0.0008974544471129775,0.9975301027297974,0.6931922896249907,0.0,0.0,0.90948486328125,0.0,1.0,0.0,0.0,0.9141693115234375,0.0,1.0
10,0.6931565580342245,0.0015923158498480916,0.0007967938436195254,0.9122617840766907,0.0008158676791936159,0.9977546334266663,0.6931565580342245,0.0,0.0,0.90948486328125,0.0,1.0,0.0,0.0,0.9141693115234375,0.0,1.0
11,0.6931492705272753,0.0014625672483816743,0.0007318201242014766,0.9124270081520081,0.0007478786865249276,0.9979417324066162,0.6931492705272753,0.0,0.0,0.90948486328125,0.0,1.0,0.0,0.0,0.9141693115234375,0.0,1.0
12,0.6931476882606151,0.001352370367385447,0.0006766438600607216,0.9125668406486511,0.0006903495523147285,0.9981000423431396,0.6931476882606151,0.0,0.0,0.90948486328125,0.0,1.0,0.0,0.0,0.9141693115234375,0.0,1.0
13,0.6931473162701525,0.0012576156295835972,0.000629204441793263,0.9126867055892944,0.0006410388741642237,0.9982357621192932,0.6931473162701525,0.0,0.0,0.90948486328125,0.0,1.0,0.0,0.0,0.9141693115234375,0.0,1.0
14,0.6931472209876184,0.0011752694845199585,0.0005879811360500753,0.9127905368804932,0.0005983029259368777,0.9983533620834351,0.6931472209876184,0.0,0.0,0.90948486328125,0.0,1.0,0.0,0.0,0.9141693115234375,0.0,1.0
15,0.6931471944781769,0.0011030444875359535,0.0005518273101188242,0.9128814339637756,0.0005609090439975262,0.9984562993049622,0.6931471944781769,0.0,0.0,0.90948486328125,0.0,1.0,0.0,0.0,0.9141693115234375,0.0,1.0
16,0.6931471865283412,0.00103918241802603,0.0005198619910515845,0.9129616022109985,0.0005279143806546926,0.9985470771789551,0.6931471865283412,0.0,0.0,0.90948486328125,0.0,1.0,0.0,0.0,0.9141693115234375,0.0,1.0
17,0.6931471839586363,0.000982310506515205,0.0004913972225040197,0.9130329489707947,0.000498585810419172,0.9986278414726257,0.6931471839586363,0.0,0.0,0.90948486328125,0.0,1.0,0.0,0.0,0.9141693115234375,0.0,1.0
18,0.6931471830515085,0.000931340444367379,0.00046588771510869265,0.9130966663360596,0.0004723444289993495,0.9987001419067383,0.6931471830515085,0.0,0.0,0.90948486328125,0.0,1.0,0.0,0.0,0.9141693115234375,0.0,1.0
19,0.6931471827134335,0.0008853990002535284,0.0004428960382938385,0.9131540060043335,0.00044872722355648875,0.9987650513648987,0.6931471827134335,0.0,0.0,0.90948486328125,0.0,1.0,0.0,0.0,0.9141693115234375,0.0,1.0
20,0.6931471825761802,0.0008437768556177616,0.00042206692160107195,0.9132059812545776,0.0004273592494428158,0.9988237619400024,0.6931471825761802,0.0,0.0,0.90948486328125,0.0,1.0,0.0,0.0,0.9141693115234375,0.0,1.0
21,0.6931471825170148,0.0008058922830969095,0.0004031089774798602,0.9132532477378845,0.00040793383959680796,0.9988772869110107,0.6931471825170148,0.0,0.0,0.90948486328125,0.0,1.0,0.0,0.0,0.9141693115234375,0.0,1.0
22,0.693147182494851,0.0007712634978815913,0.00038578087696805596,0.9132963418960571,0.0003901975869666785,0.9989262223243713,0.693147182494851,0.0,0.0,0.90948486328125,0.0,1.0,0.0,0.0,0.9141693115234375,0.0,1.0
23,0.6931471824812756,0.0007394880522042513,0.0003698811342474073,0.9133358001708984,0.0003739393432624638,0.9989708662033081,0.6931471824812756,0.0,0.0,0.90948486328125,0.0,1.0,0.0,0.0,0.9141693115234375,0.0,1.0
24,0.693147182473375,0.0007102272938936949,0.00035524010309018195,0.9133722186088562,0.000358981778845191,0.9990119338035583,0.693147182473375,0.0,0.0,0.90948486328125,0.0,1.0,0.0,0.0,0.9141693115234375,0.0,1.0
25,0.6931471824696619,0.0006831939681433141,0.0003417140105739236,0.9134057760238647,0.00034517477615736425,0.9990500211715698,0.6931471824696619,0.0,0.0,0.90948486328125,0.0,1.0,0.0,0.0,0.9141693115234375,0.0,1.0
26,0.6931471824679176,0.0006581431371159852,0.0003291801840532571,0.9134368300437927,0.00033239054027944803,0.9990853071212769,0.6931471824679176,0.0,0.0,0.90948486328125,0.0,1.0,0.0,0.0,0.9141693115234375,0.0,1.0
27,0.6931471824665769,0.0006348644383251667,0.00031753326766192913,0.9134656190872192,0.00032051943708211184,0.999117910861969,0.6931471824665769,0.0,0.0,0.90948486328125,0.0,1.0,0.0,0.0,0.9141693115234375,0.0,1.0
28,0.6931471824658246,0.0006131762056611478,0.0003066823701374233,0.9134925603866577,0.000309467053739354,0.9991482496261597,0.6931471824658246,0.0,0.0,0.90948486328125,0.0,1.0,0.0,0.0,0.9141693115234375,0.0,1.0
29,0.6931471824653868,0.0005929208709858358,0.0002965485618915409,0.9135176539421082,0.00029915146296843886,0.9991766810417175,0.6931471824653868,0.0,0.0,0.90948486328125,0.0,1.0,0.0,0.0,0.9141693115234375,0.0,1.0
30,0.693147182465123,0.000573960947804153,0.0002870630705729127,0.9135410785675049,0.0002895014185924083,0.9992033243179321,0.693147182465123,0.0,0.0,0.90948486328125,0.0,1.0,0.0,0.0,0.9141693115234375,0.0,1.0
31,0.6931471824649588,0.0005561760044656694,0.0002781655639410019,0.9135630130767822,0.0002804545219987631,0.9992281794548035,0.6931471824649588,0.0,0.0,0.90948486328125,0.0,1.0,0.0,0.0,0.9141693115234375,0.0,1.0
32,0.6931471824648536,0.0005394601612351835,0.0002698030148167163,0.9135836958885193,0.0002719558833632618,0.9992514848709106,0.6931471824648536,0.0,0.0,0.90948486328125,0.0,1.0,0.0,0.0,0.9141693115234375,0.0,1.0
33,0.6931471824647844,0.0005237197619862854,0.00026192862424068153,0.9136031866073608,0.0002639571903273463,0.9992735385894775,0.6931471824647844,0.0,0.0,0.90948486328125,0.0,1.0,0.0,0.0,0.9141693115234375,0.0,1.0
34,0.6931471824647375,0.0005088718608021736,0.0002545008319430053,0.9136214852333069,0.0002564155438449234,0.9992943406105042,0.6931471824647375,0.0,0.0,0.90948486328125,0.0,1.0,0.0,0.0,0.9141693115234375,0.0,1.0
35,0.6931471824647049,0.0004948426503688097,0.0002474827051628381,0.9136387705802917,0.000249292905209586,0.9993139505386353,0.6931471824647049,0.0,0.0,0.90948486328125,0.0,1.0,0.0,0.0,0.9141693115234375,0.0,1.0
36,0.6931471824646819,0.0004815662105102092,0.00024084124015644193,0.913655161857605,0.00024255525204353034,0.9993323683738708,0.6931471824646819,0.0,0.0,0.90948486328125,0.0,1.0,0.0,0.0,0.9141693115234375,0.0,1.0
37,0.6931471824646653,0.00046898360596969724,0.00023454692563973367,0.9136707186698914,0.00023617221449967474,0.9993500709533691,0.6931471824646653,0.0,0.0,0.90948486328125,0.0,1.0,0.0,0.0,0.9141693115234375,0.0,1.0
38,0.6931471824646529,0.0004570417513605207,0.00022857324802316725,0.9136853218078613,0.00023011652228888124,0.9993667602539062,0.6931471824646529,0.0,0.0,0.90948486328125,0.0,1.0,0.0,0.0,0.9141693115234375,0.0,1.0
39,0.6931471824646438,0.0004456929746083915,0.00022289628395810723,0.9136993288993835,0.00022436361177824438,0.999382495880127,0.6931471824646438,0.0,0.0,0.90948486328125,0.0,1.0,0.0,0.0,0.9141693115234375,0.0,1.0
40,0.6931471824646367,0.00043489414383657277,0.0002174944820581004,0.9137126803398132,0.00021889132040087134,0.9993975162506104,0.6931471824646367,0.0,0.0,0.90948486328125,0.0,1.0,0.0,0.0,0.9141693115234375,0.0,1.0
41,0.6931471824646314,0.00042460623080842197,0.00021234829910099506,0.9137253761291504,0.0002136796247214079,0.9994118809700012,0.6931471824646314,0.0,0.0,0.90948486328125,0.0,1.0,0.0,0.0,0.9141693115234375,0.0,1.0
42,0.693147182464627,0.00041479378705844283,0.0002074400254059583,0.9137374758720398,0.00020871033484581858,0.9994256496429443,0.693147182464627,0.0,0.0,0.90948486328125,0.0,1.0,0.0,0.0,0.9141693115234375,0.0,1.0
43,0.6931471824646236,0.00040542465285398066,0.00020275352289900184,0.9137489199638367,0.00020396691979840398,0.9994387030601501,0.6931471824646236,0.0,0.0,0.90948486328125,0.0,1.0,0.0,0.0,0.9141693115234375,0.0,1.0
44,0.6931471824646209,0.0003964694042224437,0.00019827410869766027,0.9137599468231201,0.00019943431834690273,0.9994511008262634,0.6931471824646209,0.0,0.0,0.90948486328125,0.0,1.0,0.0,0.0,0.9141693115234375,0.0,1.0
45,0.6931471824646187,0.0003879012365359813,0.00019398833683226258,0.9137704968452454,0.00019509879348333925,0.9994630813598633,0.6931471824646187,0.0,0.0,0.90948486328125,0.0,1.0,0.0,0.0,0.9141693115234375,0.0,1.0
46,0.6931471824646168,0.0003796955570578575,0.0001898839109344408,0.9137805104255676,0.000190947757801041,0.9994745254516602,0.6931471824646168,0.0,0.0,0.90948486328125,0.0,1.0,0.0,0.0,0.9141693115234375,0.0,1.0
47,0.6931471824646154,0.0003718298685271293,0.0001859495823737234,0.913790225982666,0.0001869696716312319,0.9994853734970093,0.6931471824646154,0.0,0.0,0.90948486328125,0.0,1.0,0.0,0.0,0.9141693115234375,0.0,1.0
48,0.693147182464614,0.000364283419912681,0.00018217497563455254,0.913799524307251,0.00018315397028345615,0.9994958639144897,0.693147182464614,0.0,0.0,0.90948486328125,0.0,1.0,0.0,0.0,0.9141693115234375,0.0,1.0
49,0.6931471824646129,0.0003570372355170548,0.0001785505737643689,0.9138084650039673,0.0001794908894225955,0.9995059967041016,0.6931471824646129,0.0,0.0,0.90948486328125,0.0,1.0,0.0,0.0,0.9141693115234375,0.0,1.0
50,0.6931471824646122,0.00035007367841899395,0.00017506755830254406,0.9138169884681702,0.00017597145051695406,0.9995157718658447,0.6931471824646122,0.0,0.0,0.90948486328125,0.0,1.0,0.0,0.0,0.9141693115234375,0.0,1.0
51,0.6931471824646114,0.0003433765668887645,0.00017171783838421106,0.9138251543045044,0.00017258738807868212,0.9995250701904297,0.6931471824646114,0.0,0.0,0.90948486328125,0.0,1.0,0.0,0.0,0.9141693115234375,0.0,1.0
52,0.6931471824646107,0.0003369308833498508,0.00016849389066919684,0.9138331413269043,0.0001693310186965391,0.9995339512825012,0.6931471824646107,0.0,0.0,0.90948486328125,0.0,1.0,0.0,0.0,0.9141693115234375,0.0,1.0
53,0.69314718246461,0.00033072271617129445,0.00016538877389393747,0.9138407707214355,0.00016619527013972402,0.9995426535606384,0.69314718246461,0.0,0.0,0.90948486328125,0.0,1.0,0.0,0.0,0.9141693115234375,0.0,1.0
54,0.6931471824646096,0.00032473920146003366,0.00016239604155998677,0.9138480424880981,0.00016317353583872318,0.9995509386062622,0.6931471824646096,0.0,0.0,0.90948486328125,0.0,1.0,0.0,0.0,0.9141693115234375,0.0,1.0
55,0.6931471824646093,0.0003189683484379202,0.00015950968372635543,0.9138551354408264,0.00016025971854105592,0.9995589256286621,0.6931471824646093,0.0,0.0,0.90948486328125,0.0,1.0,0.0,0.0,0.9141693115234375,0.0,1.0
56,0.6931471824646088,0.00031339903944171965,0.00015672414156142622,0.9138619899749756,0.00015744814299978316,0.9995666146278381,0.6931471824646088,0.0,0.0,0.90948486328125,0.0,1.0,0.0,0.0,0.9141693115234375,0.0,1.0
57,0.6931471824646085,0.00030802085530012846,0.00015403420547954738,0.9138686060905457,0.000154733526869677,0.9995741248130798,0.6931471824646085,0.0,0.0,0.90948486328125,0.0,1.0,0.0,0.0,0.9141693115234375,0.0,1.0
58,0.6931471824646083,0.000302824133541435,0.00015143505879677832,0.9138749837875366,0.00015211092249955982,0.9995813965797424,0.6931471824646083,0.0,0.0,0.90948486328125,0.0,1.0,0.0,0.0,0.9141693115234375,0.0,1.0
59,0.6931471824646079,0.00029779988108202815,0.00014892217586748302,0.9138811230659485,0.00014957573148421943,0.9995883703231812,0.6931471824646079,0.0,0.0,0.90948486328125,0.0,1.0,0.0,0.0,0.9141693115234375,0.0,1.0
60,0.6931471824646078,0.00029293959960341454,0.00014649132208433002,0.913887083530426,0.0001471236755605787,0.999595046043396,0.6931471824646078,0.0,0.0,0.90948486328125,0.0,1.0,0.0,0.0,0.9141693115234375,0.0,1.0
61,0.6931471824646076,0.00028823543107137084,0.0001441385393263772,0.9138928651809692,0.00014475070929620415,0.9996016621589661,0.6931471824646076,0.0,0.0,0.90948486328125,0.0,1.0,0.0,0.0,0.9141693115234375,0.0,1.0
62,0.6931471824646074,0.0002836799540091306,0.00014186016051098704,0.9138984084129333,0.00014245307829696685,0.9996079802513123,0.6931471824646074,0.0,0.0,0.90948486328125,0.0,1.0,0.0,0.0,0.9141693115234375,0.0,1.0
63,0.6931471824646073,0.0002792662417050451,0.00013965267862658948,0.9139038324356079,0.00014022726099938154,0.9996140599250793,0.6931471824646073,0.0,0.0,0.90948486328125,0.0,1.0,0.0,0.0,0.9141693115234375,0.0,1.0
64,0.6931471824646072,0.00027498777490109205,0.00013751283404417336,0.9139090776443481,0.0001380699104629457,0.9996199607849121,0.6931471824646072,0.0,0.0,0.90948486328125,0.0,1.0,0.0,0.0,0.9141693115234375,0.0,1.0
65,0.6931471824646069,0.00027083841268904507,0.00013543758541345596,0.9139142036437988,0.0001359779416816309,0.9996257424354553,0.6931471824646069,0.0,0.0,0.90948486328125,0.0,1.0,0.0,0.0,0.9141693115234375,0.0,1.0
66,0.6931471824646069,0.00026681239251047373,0.00013342405145522207,0.9139191508293152,0.00013394842972047627,0.999631404876709,0.6931471824646069,0.0,0.0,0.90948486328125,0.0,1.0,0.0,0.0,0.9141693115234375,0.0,1.0
67,0.6931471824646067,0.0002629043301567435,0.00013146949640940875,0.9139238595962524,0.00013197859516367316,0.9996368288993835,0.6931471824646067,0.0,0.0,0.90948486328125,0.0,1.0,0.0,0.0,0.9141693115234375,0.0,1.0
68,0.6931471824646067,0.0002591091033536941,0.00012957138824276626,0.9139285683631897,0.00013006586232222617,0.999642014503479,0.6931471824646067,0.0,0.0,0.90948486328125,0.0,1.0,0.0,0.0,0.9141693115234375,0.0,1.0
69,0.6931471824646066,0.00025542190996930003,0.00012772729678545147,0.9139330983161926,0.0001282077719224617,0.9996472001075745,0.6931471824646066,0.0,0.0,0.90948486328125,0.0,1.0,0.0,0.0,0.9141693115234375,0.0,1.0
70,0.6931471824646066,0.0002518381515983492,0.00012593496649060398,0.9139374494552612,0.00012640203931368887,0.999652087688446,0.6931471824646066,0.0,0.0,0.90948486328125,0.0,1.0,0.0,0.0,0.9141693115234375,0.0,1.0
71,0.6931471824646065,0.00024835357908159494,0.00012419224367477,0.9139416813850403,0.000124646452604793,0.9996569156646729,0.6931471824646065,0.0,0.0,0.90948486328125,0.0,1.0,0.0,0.0,0.9141693115234375,0.0,1.0
72,0.6931471824646065,0.0002449641178827733,0.00012249710562173277,0.9139458537101746,0.0001229389599757269,0.9996616244316101,0.6931471824646065,0.0,0.0,0.90948486328125,0.0,1.0,0.0,0.0,0.9141693115234375,0.0,1.0
73,0.6931471824646063,0.00024166592629626393,0.0001208476023748517,0.9139499068260193,0.00012127762602176517,0.9996662139892578,0.6931471824646063,0.0,0.0,0.90948486328125,0.0,1.0,0.0,0.0,0.9141693115234375,0.0,1.0
74,0.6931471824646063,0.00023845538089517504,0.0001192419440485537,0.9139538407325745,0.00011966058809775859,0.9996706247329712,0.6931471824646063,0.0,0.0,0.90948486328125,0.0,1.0,0.0,0.0,0.9141693115234375,0.0,1.0
75,0.6931471824646063,0.00023532900377176702,0.00011767838441301137,0.9139577150344849,0.00011808610724983737,0.9996750950813293,0.6931471824646063,0.0,0.0,0.90948486328125,0.0,1.0,0.0,0.0,0.9141693115234375,0.0,1.0
76,0.6931471824646063,0.00023228356440085918,0.00011615530092967674,0.9139614105224609,0.00011655252455966547,0.9996793270111084,0.6931471824646063,0.0,0.0,0.90948486328125,0.0,1.0,0.0,0.0,0.9141693115234375,0.0,1.0
77,0.6931471824646063,0.00022931591956876218,0.00011467114381957799,0.9139649868011475,0.00011505826114444062,0.9996833205223083,0.6931471824646063,0.0,0.0,0.90948486328125,0.0,1.0,0.0,0.0,0.9141693115234375,0.0,1.0
78,0.6931471824646062,0.00022642315889243037,0.00011322442878736183,0.9139685034751892,0.00011360182543285191,0.9996873140335083,0.6931471824646062,0.0,0.0,0.90948486328125,0.0,1.0,0.0,0.0,0.9141693115234375,0.0,1.0
79,0.6931471824646062,0.00022360247385222465,0.00011181376612512395,0.913972020149231,0.00011218180588912219,0.9996912479400635,0.6931471824646062,0.0,0.0,0.90948486328125,0.0,1.0,0.0,0.0,0.9141693115234375,0.0,1.0
80,0.6931471824646062,0.00022085120144765824,0.00011043782433262095,0.9139753580093384,0.0001107968419091776,0.9996950626373291,0.6931471824646062,0.0,0.0,0.90948486328125,0.0,1.0,0.0,0.0,0.9141693115234375,0.0,1.0
81,0.693147182464606,0.0002181668096454814,0.00010909533011727035,0.9139786958694458,0.00010944566020043567,0.9996987581253052,0.693147182464606,0.0,0.0,0.90948486328125,0.0,1.0,0.0,0.0,0.9141693115234375,0.0,1.0
82,0.693147182464606,0.00021554688282776624,0.00010778509022202343,0.9139819145202637,0.0001081270384020172,0.9997023940086365,0.693147182464606,0.0,0.0,0.90948486328125,0.0,1.0,0.0,0.0,0.9141693115234375,0.0,1.0
83,0.693147182464606,0.0002129891508957371,0.00010650594049366191,0.913985013961792,0.00010683981236070395,0.9997059106826782,0.693147182464606,0.0,0.0,0.90948486328125,0.0,1.0,0.0,0.0,0.9141693115234375,0.0,1.0
84,0.693147182464606,0.00021049138740636408,0.0001052568040904589,0.9139879941940308,0.00010558287613093853,0.9997094869613647,0.693147182464606,0.0,0.0,0.90948486328125,0.0,1.0,0.0,0.0,0.9141693115234375,0.0,1.0
85,0.693147182464606,0.00020805154053959996,0.00010403661872260273,0.9139909744262695,0.00010435516742290929,0.9997128844261169,0.693147182464606,0.0,0.0,0.90948486328125,0.0,1.0,0.0,0.0,0.9141693115234375,0.0,1.0
86,0.693147182464606,0.0002056676021311432,0.00010284440941177309,0.9139938950538635,0.00010315568215446547,0.9997161030769348,0.693147182464606,0.0,0.0,0.90948486328125,0.0,1.0,0.0,0.0,0.9141693115234375,0.0,1.0
87,0.693147182464606,0.00020333768043201417,0.0001016792084556073,0.9139967560768127,0.00010198345989920199,0.9997193217277527,0.693147182464606,0.0,0.0,0.90948486328125,0.0,1.0,0.0,0.0,0.9141693115234375,0.0,1.0
88,0.693147182464606,0.00020105995645280927,0.0001005401136353612,0.9139995574951172,0.00010083757661050186,0.9997224807739258,0.693147182464606,0.0,0.0,0.90948486328125,0.0,1.0,0.0,0.0,0.9141693115234375,0.0,1.0
89,0.6931471824646059,0.00019883269851561636,9.94262591120787e-05,0.9140022993087769,9.971715917345136e-05,0.9997255206108093,0.6931471824646059,0.0,0.0,0.90948486328125,0.0,1.0,0.0,0.0,0.9141693115234375,0.0,1.0
90,0.6931471824646059,0.00019665424770209938,9.833681542659178e-05,0.9140049815177917,9.862136357696727e-05,0.9997285604476929,0.6931471824646059,0.0,0.0,0.90948486328125,0.0,1.0,0.0,0.0,0.9141693115234375,0.0,1.0
91,0.6931471824646059,0.00019452300330158323,9.727098949952051e-05,0.9140076041221619,9.754939674166963e-05,0.9997316002845764,0.6931471824646059,0.0,0.0,0.90948486328125,0.0,1.0,0.0,0.0,0.9141693115234375,0.0,1.0
92,0.6931471824646059,0.00019243746646679938,9.622801735531539e-05,0.9140101671218872,9.650048014009371e-05,0.9997344613075256,0.6931471824646059,0.0,0.0,0.90948486328125,0.0,1.0,0.0,0.0,0.9141693115234375,0.0,1.0
93,0.6931471824646059,0.000190396182006225,9.5207171398215e-05,0.914012610912323,9.54738789005205e-05,0.9997372031211853,0.6931471824646059,0.0,0.0,0.90948486328125,0.0,1.0,0.0,0.0,0.9141693115234375,0.0,1.0
94,0.6931471824646059,0.0001883977383840829,9.420776041224599e-05,0.9140150547027588,9.446888725506142e-05,0.9997400045394897,0.6931471824646059,0.0,0.0,0.90948486328125,0.0,1.0,0.0,0.0,0.9141693115234375,0.0,1.0
95,0.6931471824646059,0.00018644081137608737,9.322911500930786e-05,0.9140174388885498,9.348483581561595e-05,0.9997426867485046,0.6931471824646059,0.0,0.0,0.90948486328125,0.0,1.0,0.0,0.0,0.9141693115234375,0.0,1.0
96,0.6931471824646059,0.00018452412041369826,9.227059490513057e-05,0.914019763469696,9.252107702195644e-05,0.9997453689575195,0.6931471824646059,0.0,0.0,0.90948486328125,0.0,1.0,0.0,0.0,0.9141693115234375,0.0,1.0
97,0.6931471824646059,0.0001826464431360364,9.13315816433169e-05,0.9140220880508423,9.157698514172807e-05,0.9997479319572449,0.6931471824646059,0.0,0.0,0.90948486328125,0.0,1.0,0.0,0.0,0.9141693115234375,0.0,1.0
98,0.6931471824646059,0.00018080658628605306,9.04114858713001e-05,0.9140243530273438,9.065196354640648e-05,0.9997504949569702,0.6931471824646059,0.0,0.0,0.90948486328125,0.0,1.0,0.0,0.0,0.9141693115234375,0.0,1.0
99,0.6931471824646059,0.00017900342936627567,8.950974734034389e-05,0.9140265583992004,8.974544471129775e-05,0.9997529983520508,0.6931471824646059,0.0,0.0,0.90948486328125,0.0,1.0,0.0,0.0,0.9141693115234375,0.0,1.0
100,0.6931471824646059,0.0001772358809830621,8.862581307766959e-05,0.9140286445617676,8.885687566362321e-05,0.9997555017471313,0.6931471824646059,0.0,0.0,0.90948486328125,0.0,1.0,0.0,0.0,0.9141693115234375,0.0,1.0
101,0.6931471824646059,0.0001755029079504311,8.77591737662442e-05,0.9140307903289795,8.798572525847703e-05,0.9997578859329224,0.6931471824646059,0.0,0.0,0.90948486328125,0.0,1.0,0.0,0.0,0.9141693115234375,0.0,1.0
102,0.6931471824646059,0.00017380349163431674,8.690931281307712e-05,0.9140328764915466,8.713149873074144e-05,0.9997602105140686,0.6931471824646059,0.0,0.0,0.90948486328125,0.0,1.0,0.0,0.0,0.9141693115234375,0.0,1.0
103,0.6931471824646059,0.0001721366570563987,8.607575728092343e-05,0.914034903049469,8.629369403934106e-05,0.9997624754905701,0.6931471824646059,0.0,0.0,0.90948486328125,0.0,1.0,0.0,0.0,0.9141693115234375,0.0,1.0
104,0.6931471824646059,0.0001705015019979328,8.525804150849581e-05,0.9140369296073914,8.54718527989462e-05,0.9997647404670715,0.6931471824646059,0.0,0.0,0.90948486328125,0.0,1.0,0.0,0.0,0.9141693115234375,0.0,1.0
105,0.6931471824646059,0.0001688971242401749,8.445571438642219e-05,0.914038896560669,8.466550934826955e-05,0.9997669458389282,0.6931471824646059,0.0,0.0,0.90948486328125,0.0,1.0,0.0,0.0,0.9141693115234375,0.0,1.0
106,0.6931471824646059,0.00016732265066821128,8.366834663320333e-05,0.9140408039093018,8.38742489577271e-05,0.9997691512107849,0.6931471824646059,0.0,0.0,0.90948486328125,0.0,1.0,0.0,0.0,0.9141693115234375,0.0,1.0
107,0.6931471824646059,0.00016577726637478918,8.289552351925522e-05,0.9140427112579346,8.309763506986201e-05,0.9997713565826416,0.6931471824646059,0.0,0.0,0.90948486328125,0.0,1.0,0.0,0.0,0.9141693115234375,0.0,1.0
108,0.6931471824646059,0.0001642601564526558,8.213684486690909e-05,0.9140445590019226,8.233526750700548e-05,0.9997734427452087,0.6931471824646059,0.0,0.0,0.90948486328125,0.0,1.0,0.0,0.0,0.9141693115234375,0.0,1.0
109,0.6931471824646059,0.00016277057875413448,8.139193232636899e-05,0.9140463471412659,8.158676791936159e-05,0.9997754693031311,0.6931471824646059,0.0,0.0,0.90948486328125,0.0,1.0,0.0,0.0,0.9141693115234375,0.0,1.0
110,0.6931471824646059,0.00016130776202771813,8.066040027188137e-05,0.9140481352806091,8.085175068117678e-05,0.9997774362564087,0.6931471824646059,0.0,0.0,0.90948486328125,0.0,1.0,0.0,0.0,0.9141693115234375,0.0,1.0
111,0.6931471824646059,0.00015987100778147578,7.994191400939599e-05,0.9140499234199524,8.012985927052796e-05,0.999779462814331,0.6931471824646059,0.0,0.0,0.90948486328125,0.0,1.0,0.0,0.0,0.9141693115234375,0.0,1.0
112,0.6931471824646059,0.00015845961752347648,7.923610246507451e-05,0.9140516519546509,7.942074444144964e-05,0.9997814297676086,0.6931471824646059,0.0,0.0,0.90948486328125,0.0,1.0,0.0,0.0,0.9141693115234375,0.0,1.0
113,0.6931471824646059,0.00015707293641753495,7.854265277273953e-05,0.9140533208847046,7.872407149989158e-05,0.9997833371162415,0.6931471824646059,0.0,0.0,0.90948486328125,0.0,1.0,0.0,0.0,0.9141693115234375,0.0,1.0
114,0.6931471824646059,0.0001557103096274659,7.786123751429841e-05,0.9140549898147583,7.803951302776113e-05,0.9997851848602295,0.6931471824646059,0.0,0.0,0.90948486328125,0.0,1.0,0.0,0.0,0.9141693115234375,0.0,1.0
115,0.6931471824646059,0.00015437112597282976,7.719153654761612e-05,0.914056658744812,7.73667634348385e-05,0.9997870326042175,0.6931471824646059,0.0,0.0,0.90948486328125,0.0,1.0,0.0,0.0,0.9141693115234375,0.0,1.0
116,0.6931471824646059,0.00015305477427318692,7.653325883438811e-05,0.9140582084655762,7.670550985494629e-05,0.9997889399528503,0.6931471824646059,0.0,0.0,0.90948486328125,0.0,1.0,0.0,0.0,0.9141693115234375,0.0,1.0
117,0.6931471824646059,0.00015176068700384349,7.58861206122674e-05,0.9140597581863403,7.605546124977991e-05,0.9997907280921936,0.6931471824646059,0.0,0.0,0.90948486328125,0.0,1.0,0.0,0.0,0.9141693115234375,0.0,1.0
118,0.6931471824646059,0.00015048829664010555,7.524983084294945e-05,0.9140613675117493,7.541634113295004e-05,0.9997923970222473,0.6931471824646059,0.0,0.0,0.90948486328125,0.0,1.0,0.0,0.0,0.9141693115234375,0.0,1.0
119,0.6931471824646059,0.00014923707931302488,7.462412031600252e-05,0.9140628576278687,7.478786574210972e-05,0.9997941851615906,0.6931471824646059,0.0,0.0,0.90948486328125,0.0,1.0,0.0,0.0,0.9141693115234375,0.0,1.0
120,0.6931471824646059,0.0001480064820498228,7.40087270969525e-05,0.9140644073486328,7.416978769470006e-05,0.9997958540916443,0.6931471824646059,0.0,0.0,0.90948486328125,0.0,1.0,0.0,0.0,0.9141693115234375,0.0,1.0
121,0.6931471824646059,0.00014679601008538157,7.340341107919812e-05,0.9140658974647522,7.356183778028935e-05,0.999797523021698,0.6931471824646059,0.0,0.0,0.90948486328125,0.0,1.0,0.0,0.0,0.9141693115234375,0.0,1.0
122,0.6931471824646059,0.00014560518320649862,7.280791032826528e-05,0.9140673279762268,7.296377589227632e-05,0.9997991919517517,0.6931471824646059,0.0,0.0,0.90948486328125,0.0,1.0,0.0,0.0,0.9141693115234375,0.0,1.0
123,0.6931471824646059,0.00014443352119997144,7.222199201351032e-05,0.9140687584877014,7.237535464810207e-05,0.9998008608818054,0.6931471824646059,0.0,0.0,0.90948486328125,0.0,1.0,0.0,0.0,0.9141693115234375,0.0,1.0
124,0.6931471824646059,0.00014328057295642793,7.16454305802472e-05,0.914070188999176,7.17963557690382e-05,0.9998024702072144,0.6931471824646059,0.0,0.0,0.90948486328125,0.0,1.0,0.0,0.0,0.9141693115234375,0.0,1.0
125,0.6931471824646059,0.0001421458728145808,7.107800047378987e-05,0.9140715003013611,7.122653914848343e-05,0.9998039603233337,0.6931471824646059,0.0,0.0,0.90948486328125,0.0,1.0,0.0,0.0,0.9141693115234375,0.0,1.0
126,0.6931471824646059,0.00014102901332080364,7.051949069136754e-05,0.9140728712081909,7.066570105962455e-05,0.9998055100440979,0.6931471824646059,0.0,0.0,0.90948486328125,0.0,1.0,0.0,0.0,0.9141693115234375,0.0,1.0
127,0.6931471824646059,0.0001399295579176396,6.996969023020938e-05,0.9140742421150208,7.011363049969077e-05,0.9998070001602173,0.6931471824646059,0.0,0.0,0.90948486328125,0.0,1.0,0.0,0.0,0.9141693115234375,0.0,1.0
128,0.6931471824646059,0.00013884711370337754,6.942838808754459e-05,0.9140755534172058,6.957010918995366e-05,0.9998084902763367,0.6931471824646059,0.0,0.0,0.90948486328125,0.0,1.0,0.0,0.0,0.9141693115234375,0.0,1.0
129,0.6931471824646059,0.0001377813023282215,6.889540964039043e-05,0.9140768647193909,6.903495523147285e-05,0.999809980392456,0.6931471824646059,0.0,0.0,0.90948486328125,0.0,1.0,0.0,0.0,0.9141693115234375,0.0,1.0
130,0.6931471824646059,0.00013673171633854508,6.837054388597608e-05,0.9140781760215759,6.850797217339277e-05,0.9998114109039307,0.6931471824646059,0.0,0.0,0.90948486328125,0.0,1.0,0.0,0.0,0.9141693115234375,0.0,1.0
131,0.6931471824646059,0.0001356979919364676,6.78536162013188e-05,0.9140794277191162,6.798897084081545e-05,0.9998128414154053,0.6931471824646059,0.0,0.0,0.90948486328125,0.0,1.0,0.0,0.0,0.9141693115234375,0.0,1.0
132,0.6931471824646059,0.00013467979442793876,6.734444468747824e-05,0.9140806198120117,6.747777661075816e-05,0.9998143315315247,0.6931471824646059,0.0,0.0,0.90948486328125,0.0,1.0,0.0,0.0,0.9141693115234375,0.0,1.0
133,0.6931471824646059,0.0001336767600150779,6.684286199742928e-05,0.914081871509552,6.697421486023813e-05,0.9998157024383545,0.6931471824646059,0.0,0.0,0.90948486328125,0.0,1.0,0.0,0.0,0.9141693115234375,0.0,1.0
134,0.6931471824646059,0.00013268855400383472,6.634869350818917e-05,0.9140830636024475,6.647810369031504e-05,0.9998170137405396,0.6931471824646059,0.0,0.0,0.90948486328125,0.0,1.0,0.0,0.0,0.9141693115234375,0.0,1.0
135,0.6931471824646059,0.00013171485625207424,6.58617791486904e-05,0.914084255695343,6.598929758183658e-05,0.9998183846473694,0.6931471824646059,0.0,0.0,0.90948486328125,0.0,1.0,0.0,0.0,0.9141693115234375,0.0,1.0
136,0.6931471824646059,0.00013075534661766142,6.538195884786546e-05,0.9140854477882385,6.550762191182002e-05,0.9998196959495544,0.6931471824646059,0.0,0.0,0.90948486328125,0.0,1.0,0.0,0.0,0.9141693115234375,0.0,1.0
137,0.6931471824646059,0.00012980970495846123,6.490907253464684e-05,0.9140865802764893,6.503293116111308e-05,0.9998210072517395,0.6931471824646059,0.0,0.0,0.90948486328125,0.0,1.0,0.0,0.0,0.9141693115234375,0.0,1.0
138,0.6931471824646059,0.00012887765478808433,6.444298924179748e-05,0.9140877723693848,6.456506525864825e-05,0.9998223185539246,0.6931471824646059,0.0,0.0,0.90948486328125,0.0,1.0,0.0,0.0,0.9141693115234375,0.0,1.0
139,0.6931471824646059,0.0001279588759643957,6.398354162229225e-05,0.9140889048576355,6.410388596123084e-05,0.9998236298561096,0.6931471824646059,0.0,0.0,0.90948486328125,0.0,1.0,0.0,0.0,0.9141693115234375,0.0,1.0
140,0.6931471824646059,0.00012705312110483646,6.353060598485172e-05,0.9140899777412415,6.364924774970859e-05,0.9998248219490051,0.6931471824646059,0.0,0.0,0.90948486328125,0.0,1.0,0.0,0.0,0.9141693115234375,0.0,1.0
141,0.6931471824646059,0.00012616009917110205,6.30840368103236e-05,0.9140911102294922,6.320101965684444e-05,0.9998260736465454,0.6931471824646059,0.0,0.0,0.90948486328125,0.0,1.0,0.0,0.0,0.9141693115234375,0.0,1.0
142,0.6931471824646059,0.0001252795336768031,6.264369585551322e-05,0.9140921831130981,6.275904888752848e-05,0.9998272657394409,0.6931471824646059,0.0,0.0,0.90948486328125,0.0,1.0,0.0,0.0,0.9141693115234375,0.0,1.0
143,0.6931471824646059,0.00012441117723938078,6.220946670509875e-05,0.9140932559967041,6.23232263023965e-05,0.9998284578323364,0.6931471824646059,0.0,0.0,0.90948486328125,0.0,1.0,0.0,0.0,0.9141693115234375,0.0,1.0
144,0.6931471824646059,0.00012355478247627616,6.178121111588553e-05,0.9140942692756653,6.189340638229623e-05,0.9998296499252319,0.6931471824646059,0.0,0.0,0.90948486328125,0.0,1.0,0.0,0.0,0.9141693115234375,0.0,1.0
145,0.6931471824646059,0.00012271008745301515,6.135881994850934e-05,0.9140952229499817,6.146947998786345e-05,0.9998308420181274,0.6931471824646059,0.0,0.0,0.90948486328125,0.0,1.0,0.0,0.0,0.9141693115234375,0.0,1.0
146,0.6931471824646059,0.0001218768666149117,6.094215495977551e-05,0.9140962362289429,6.105132342781872e-05,0.9998319745063782,0.6931471824646059,0.0,0.0,0.90948486328125,0.0,1.0,0.0,0.0,0.9141693115234375,0.0,1.0
147,0.6931471824646059,0.00012105488713132218,6.053111792425625e-05,0.914097249507904,6.0638813010882586e-05,0.9998331069946289,0.6931471824646059,0.0,0.0,0.90948486328125,0.0,1.0,0.0,0.0,0.9141693115234375,0.0,1.0
148,0.6931471824646059,0.00012024392344756052,6.012558515067212e-05,0.9140982627868652,6.023183959769085e-05,0.9998342394828796,0.6931471824646059,0.0,0.0,0.90948486328125,0.0,1.0,0.0,0.0,0.9141693115234375,0.0,1.0
149,0.6931471824646059,0.0001194437500089407,5.972545113763772e-05,0.9140992164611816,5.9830294048879296e-05,0.9998353123664856,0.6931471824646059,0.0,0.0,0.90948486328125,0.0,1.0,0.0,0.0,0.9141693115234375,0.0,1.0
150,0.6931471824646059,0.0001186541558126919,5.933060674578883e-05,0.914100170135498,5.943406722508371e-05,0.9998364448547363,0.6931471824646059,0.0,0.0,0.90948486328125,0.0,1.0,0.0,0.0,0.9141693115234375,0.0,1.0
151,0.6931471824646059,0.00011787492985604331,5.894094647374004e-05,0.9141011238098145,5.9043053624918684e-05,0.9998375773429871,0.6931471824646059,0.0,0.0,0.90948486328125,0.0,1.0,0.0,0.0,0.9141693115234375,0.0,1.0
152,0.6931471824646059,0.00011710587568813935,5.8556375734042376e-05,0.9141020774841309,5.8657151384977624e-05,0.999838650226593,0.6931471824646059,0.0,0.0,0.90948486328125,0.0,1.0,0.0,0.0,0.9141693115234375,0.0,1.0
153,0.6931471824646059,0.00011634678958216682,5.817678538733162e-05,0.9141030311584473,5.8276262279832736e-05,0.9998396039009094,0.6931471824646059,0.0,0.0,0.90948486328125,0.0,1.0,0.0,0.0,0.9141693115234375,0.0,1.0
154,0.6931471824646059,0.00011559748236322775,5.78020881221164e-05,0.9141039252281189,5.790028444607742e-05,0.9998406171798706,0.6931471824646059,0.0,0.0,0.90948486328125,0.0,1.0,0.0,0.0,0.9141693115234375,0.0,1.0
155,0.6931471824646059,0.00011485776485642418,5.743218935094774e-05,0.9141048789024353,5.752913057222031e-05,0.9998416304588318,0.6931471824646059,0.0,0.0,0.90948486328125,0.0,1.0,0.0,0.0,0.9141693115234375,0.0,1.0
156,0.6931471824646059,0.00011412744788685814,5.7066990848397836e-05,0.9141057729721069,5.716270243283361e-05,0.999842643737793,0.6931471824646059,0.0,0.0,0.90948486328125,0.0,1.0,0.0,0.0,0.9141693115234375,0.0,1.0
157,0.6931471824646059,0.0001134063713834621,5.6706408940954134e-05,0.9141066074371338,5.6800912716425955e-05,0.9998436570167542,0.6931471824646059,0.0,0.0,0.90948486328125,0.0,1.0,0.0,0.0,0.9141693115234375,0.0,1.0
158,0.6931471824646059,0.0001126943388953805,5.6350352679146454e-05,0.9141075015068054,5.644367411150597e-05,0.9998446702957153,0.6931471824646059,0.0,0.0,0.90948486328125,0.0,1.0,0.0,0.0,0.9141693115234375,0.0,1.0
159,0.6931471824646059,0.00011199119762750342,5.599874202744104e-05,0.914108395576477,5.6090902944561094e-05,0.9998456239700317,0.6931471824646059,0.0,0.0,0.90948486328125,0.0,1.0,0.0,0.0,0.9141693115234375,0.0,1.0
160,0.6931471824646059,0.00011129677295684814,5.565149331232533e-05,0.9141091108322144,5.5742511904099956e-05,0.9998465776443481,0.6931471824646059,0.0,0.0,0.90948486328125,0.0,1.0,0.0,0.0,0.9141693115234375,0.0,1.0
161,0.6931471824646059,0.00011061091208830476,5.530852286028676e-05,0.9141099452972412,5.53984209545888e-05,0.9998475313186646,0.6931471824646059,0.0,0.0,0.90948486328125,0.0,1.0,0.0,0.0,0.9141693115234375,0.0,1.0
162,0.6931471824646059,0.00010993344767484814,5.496975427377038e-05,0.9141107797622681,5.505855369847268e-05,0.999848484992981,0.6931471824646059,0.0,0.0,0.90948486328125,0.0,1.0,0.0,0.0,0.9141693115234375,0.0,1.0
163,0.6931471824646059,0.000109264234197326,5.463510751724243e-05,0.9141116142272949,5.4722830100217834e-05,0.9998493790626526,0.6931471824646059,0.0,0.0,0.90948486328125,0.0,1.0,0.0,0.0,0.9141693115234375,0.0,1.0
164,0.6931471824646059,0.00010860311886062846,5.4304513469105586e-05,0.9141124486923218,5.4391177400248125e-05,0.9998502731323242,0.6931471824646059,0.0,0.0,0.90948486328125,0.0,1.0,0.0,0.0,0.9141693115234375,0.0,1.0
165,0.6931471824646059,0.0001079499488696456,5.397789573180489e-05,0.9141132235527039,5.40635192010086e-05,0.9998512268066406,0.6931471824646059,0.0,0.0,0.90948486328125,0.0,1.0,0.0,0.0,0.9141693115234375,0.0,1.0
166,0.6931471824646059,0.00010730460053309798,5.3655185183743015e-05,0.9141140580177307,5.373978638090193e-05,0.9998520612716675,0.6931471824646059,0.0,0.0,0.90948486328125,0.0,1.0,0.0,0.0,0.9141693115234375,0.0,1.0
167,0.6931471824646059,0.0001066669137799181,5.333630906534381e-05,0.9141148328781128,5.341990618035197e-05,0.9998529553413391,0.6931471824646059,0.0,0.0,0.90948486328125,0.0,1.0,0.0,0.0,0.9141693115234375,0.0,1.0
168,0.6931471824646059,0.00010603676491882652,5.302119825500995e-05,0.9141156077384949,5.3103813115740195e-05,0.9998539090156555,0.6931471824646059,0.0,0.0,0.90948486328125,0.0,1.0,0.0,0.0,0.9141693115234375,0.0,1.0
169,0.6931471824646059,0.00010541401570662856,5.270979454508051e-05,0.914116382598877,5.2791438065469265e-05,0.9998548030853271,0.6931471824646059,0.0,0.0,0.90948486328125,0.0,1.0,0.0,0.0,0.9141693115234375,0.0,1.0
170,0.6931471824646059,0.00010479854245204479,5.2402021538000554e-05,0.9141170978546143,5.2482715545920655e-05,0.9998555183410645,0.6931471824646059,0.0,0.0,0.90948486328125,0.0,1.0,0.0,0.0,0.9141693115234375,0.0,1.0
171,0.6931471824646059,0.00010419020691188052,5.2097824664087966e-05,0.9141178727149963,5.2177583711454645e-05,0.9998564124107361,0.6931471824646059,0.0,0.0,0.90948486328125,0.0,1.0,0.0,0.0,0.9141693115234375,0.0,1.0
172,0.6931471824646059,0.00010358889994677156,5.179713843972422e-05,0.9141185879707336,5.1875977078452706e-05,0.9998572468757629,0.6931471824646059,0.0,0.0,0.90948486328125,0.0,1.0,0.0,0.0,0.9141693115234375,0.0,1.0
173,0.6931471824646059,0.00010299449058948085,5.149990465724841e-05,0.914119303226471,5.157784107723273e-05,0.999858021736145,0.6931471824646059,0.0,0.0,0.90948486328125,0.0,1.0,0.0,0.0,0.9141693115234375,0.0,1.0
174,0.6931471824646059,0.00010240686242468655,5.12060614710208e-05,0.9141200184822083,5.12831102241762e-05,0.9998588562011719,0.6931471824646059,0.0,0.0,0.90948486328125,0.0,1.0,0.0,0.0,0.9141693115234375,0.0,1.0
175,0.6931471824646059,0.00010182590631302446,5.0915550673380494e-05,0.9141207337379456,5.0991729949600995e-05,0.999859631061554,0.6931471824646059,0.0,0.0,0.90948486328125,0.0,1.0,0.0,0.0,0.9141693115234375,0.0,1.0
176,0.6931471824646059,0.00010125150583917275,5.062832133262418e-05,0.9141214489936829,5.070364204584621e-05,0.9998604655265808,0.6931471824646059,0.0,0.0,0.90948486328125,0.0,1.0,0.0,0.0,0.9141693115234375,0.0,1.0
177,0.6931471824646059,0.00010068354458780959,5.0344311603112146e-05,0.9141221046447754,5.041878830525093e-05,0.9998612403869629,0.6931471824646059,0.0,0.0,0.90948486328125,0.0,1.0,0.0,0.0,0.9141693115234375,0.0,1.0
178,0.6931471824646059,0.00010012192069552839,5.0063474191119894e-05,0.9141227602958679,5.013711779611185e-05,0.999862015247345,0.6931471824646059,0.0,0.0,0.90948486328125,0.0,1.0,0.0,0.0,0.9141693115234375,0.0,1.0
179,0.6931471824646059,9.956652502296492e-05,4.9785747251007706e-05,0.9141234755516052,4.985857958672568e-05,0.999862790107727,0.6931471824646059,0.0,0.0,0.90948486328125,0.0,1.0,0.0,0.0,0.9141693115234375,0.0,1.0
180,0.6931471824646059,9.901726298267022e-05,4.9511087127029896e-05,0.9141241312026978,4.958311910741031e-05,0.9998635053634644,0.6931471824646059,0.0,0.0,0.90948486328125,0.0,1.0,0.0,0.0,0.9141693115234375,0.0,1.0
181,0.6931471824646059,9.847402543528005e-05,4.9239442887483165e-05,0.9141247868537903,4.9310681788483635e-05,0.9998642802238464,0.6931471824646059,0.0,0.0,0.90948486328125,0.0,1.0,0.0,0.0,0.9141693115234375,0.0,1.0
182,0.6931471824646059,9.793671779334545e-05,4.8970759962685406e-05,0.9141254425048828,4.904122761217877e-05,0.9998649954795837,0.6931471824646059,0.0,0.0,0.90948486328125,0.0,1.0,0.0,0.0,0.9141693115234375,0.0,1.0
183,0.6931471824646059,9.740523819345981e-05,4.8704994696890935e-05,0.9141260981559753,4.877469837083481e-05,0.9998658299446106,0.6931471824646059,0.0,0.0,0.90948486328125,0.0,1.0,0.0,0.0,0.9141693115234375,0.0,1.0
184,0.6931471824646059,9.687949932413176e-05,4.844209979637526e-05,0.9141267538070679,4.851105040870607e-05,0.9998665452003479,0.6931471824646059,0.0,0.0,0.90948486328125,0.0,1.0,0.0,0.0,0.9141693115234375,0.0,1.0
185,0.6931471824646059,9.63593993219547e-05,4.818202796741389e-05,0.9141274094581604,4.825024007004686e-05,0.9998672008514404,0.6931471824646059,0.0,0.0,0.90948486328125,0.0,1.0,0.0,0.0,0.9141693115234375,0.0,1.0
186,0.6931471824646059,9.584485815139487e-05,4.792473555426113e-05,0.9141280055046082,4.799221278517507e-05,0.9998679161071777,0.6931471824646059,0.0,0.0,0.90948486328125,0.0,1.0,0.0,0.0,0.9141693115234375,0.0,1.0
187,0.6931471824646059,9.533577394904569e-05,4.7670175263192505e-05,0.9141286611557007,4.773693945026025e-05,0.999868631362915,0.6931471824646059,0.0,0.0,0.90948486328125,0.0,1.0,0.0,0.0,0.9141693115234375,0.0,1.0
188,0.6931471824646059,9.483208850724623e-05,4.7418292524525896e-05,0.9141292572021484,4.7484365495620295e-05,0.9998692870140076,0.6931471824646059,0.0,0.0,0.90948486328125,0.0,1.0,0.0,0.0,0.9141693115234375,0.0,1.0
189,0.6931471824646059,9.433369268663228e-05,4.716907278634608e-05,0.9141298532485962,4.723444362753071e-05,0.9998700022697449,0.6931471824646059,0.0,0.0,0.90948486328125,0.0,1.0,0.0,0.0,0.9141693115234375,0.0,1.0
190,0.6931471824646059,9.384049189975485e-05,4.692245784099214e-05,0.9141305088996887,4.698714110418223e-05,0.9998706579208374,0.6931471824646059,0.0,0.0,0.90948486328125,0.0,1.0,0.0,0.0,0.9141693115234375,0.0,1.0
191,0.6931471824646059,9.335242793895304e-05,4.66784076706972e-05,0.9141311049461365,4.6742417907807976e-05,0.9998713731765747,0.6931471824646059,0.0,0.0,0.90948486328125,0.0,1.0,0.0,0.0,0.9141693115234375,0.0,1.0
192,0.6931471824646059,9.286942076869309e-05,4.643687134375796e-05,0.9141315817832947,4.6500234020641074e-05,0.9998720288276672,0.6931471824646059,0.0,0.0,0.90948486328125,0.0,1.0,0.0,0.0,0.9141693115234375,0.0,1.0
193,0.6931471824646059,9.239139035344124e-05,4.619783430825919e-05,0.9141321778297424,4.626053851097822e-05,0.9998726844787598,0.6931471824646059,0.0,0.0,0.90948486328125,0.0,1.0,0.0,0.0,0.9141693115234375,0.0,1.0
194,0.6931471824646059,9.19182421057485e-05,4.596124199451879e-05,0.9141327738761902,4.6023302274988964e-05,0.9998733401298523,0.6931471824646059,0.0,0.0,0.90948486328125,0.0,1.0,0.0,0.0,0.9141693115234375,0.0,1.0
195,0.6931471824646059,9.144991781795397e-05,4.572706529870629e-05,0.9141333699226379,4.578849257086404e-05,0.9998739957809448,0.6931471824646059,0.0,0.0,0.90948486328125,0.0,1.0,0.0,0.0,0.9141693115234375,0.0,1.0
196,0.6931471824646059,9.098635200643912e-05,4.54952496511396e-05,0.9141339063644409,4.5556065742857754e-05,0.9998745918273926,0.6931471824646059,0.0,0.0,0.90948486328125,0.0,1.0,0.0,0.0,0.9141693115234375,0.0,1.0
197,0.6931471824646059,9.052746463567019e-05,4.526578413788229e-05,0.9141345024108887,4.532598177320324e-05,0.9998752474784851,0.6931471824646059,0.0,0.0,0.90948486328125,0.0,1.0,0.0,0.0,0.9141693115234375,0.0,1.0
198,0.6931471824646059,9.00731683941558e-05,4.5038617827231064e-05,0.9141350388526917,4.5098211558070034e-05,0.9998758435249329,0.6931471824646059,0.0,0.0,0.90948486328125,0.0,1.0,0.0,0.0,0.9141693115234375,0.0,1.0
199,0.6931471824646059,8.962340507423505e-05,4.481372525333427e-05,0.9141355752944946,4.4872722355648875e-05,0.9998764991760254,0.6931471824646059,0.0,0.0,0.90948486328125,0.0,1.0,0.0,0.0,0.9141693115234375,0.0,1.0
