,train_loss,train_dice,train_iou,train_acc,train_sens,train_spec,val_loss,val_dice,val_iou,val_acc,val_sens,val_spec,test_dice,test_iou,test_acc,test_sens,test_spec
0,1.3533732763003417,0.1577526181936264,0.08563052862882614,0.09124279022216797,0.9924155473709106,0.0067135728895664215,1.3533732763003417,0.0,0.0,0.9094696044921875,0.0,0.9999832510948181,0.6501680016517639,0.48166584968566895,0.928497314453125,0.7741333246231079,0.9429904222488403
1,1.3240434546235873,0.14613580703735352,0.07882767915725708,0.5027360916137695,0.4962077736854553,0.5033484697341919,1.3240434546235873,0.0,0.0,0.9094772338867188,0.0,0.9999915957450867,0.6501680016517639,0.48166584968566895,0.928497314453125,0.7741333246231079,0.9429904222488403
2,1.2956047680449327,0.1361142247915268,0.0730271264910698,0.6399056315422058,0.3308051824569702,0.6688989400863647,1.2956047680449327,0.0,0.0,0.9094797968864441,0.0,0.9999943971633911,0.6501680016517639,0.48166584968566895,0.928497314453125,0.7741333246231079,0.9429904222488403
3,1.2736056199971166,0.1273789256811142,0.0680217295885086,0.7084903717041016,0.24810388684272766,0.751674234867096,1.2736056199971166,0.003155635902658105,0.0015803114511072636,0.9096221923828125,0.001580411335453391,0.9999936819076538,0.6501680016517639,0.48166584968566895,0.928497314453125,0.7741333246231079,0.9429904222488403
4,1.2638305980684579,0.12353363633155823,0.06583312153816223,0.7501293420791626,0.20534023642539978,0.8012300729751587,1.2638305980684579,0.05775383114814758,0.029735589399933815,0.8961898684501648,0.03514834865927696,0.9818837642669678,0.6501680016517639,0.48166584968566895,0.928497314453125,0.7741333246231079,0.9429904222488403
5,1.2615219065071919,0.14073851704597473,0.07569592446088791,0.7457063794136047,0.2428465038537979,0.7928742170333862,1.2615219065071919,0.10100360959768295,0.053187888115644455,0.8755047917366028,0.07726455479860306,0.9549484848976135,0.6501680016517639,0.48166584968566895,0.928497314453125,0.7741333246231079,0.9429904222488403
6,1.2607600361213176,0.15605781972408295,0.08463270962238312,0.7312987446784973,0.289701908826828,0.7727200984954834,1.2607600361213176,0.13021232187747955,0.06964016705751419,0.8578872680664062,0.11752239614725113,0.9315710067749023,0.6501680016517639,0.48166584968566895,0.928497314453125,0.7741333246231079,0.9429904222488403
7,1.2596609812109443,0.16786690056324005,0.09162375330924988,0.7161160707473755,0.3339042067527771,0.751967191696167,1.2596609812109443,0.15077368915081024,0.08153338730335236,0.8438711166381836,0.15312078595161438,0.912617027759552,0.6501680016517639,0.48166584968566895,0.928497314453125,0.7741333246231079,0.9429904222488403
8,1.2575523093473415,0.1768997460603714,0.09703236818313599,0.7025463581085205,0.3727370500564575,0.7334821820259094,1.2575523093473415,0.16565874218940735,0.09030966460704803,0.8355644941329956,0.18034951388835907,0.900773823261261,0.6501680016517639,0.48166584968566895,0.928497314453125,0.7741333246231079,0.9429904222488403
9,1.2548453315237462,0.18386401236057281,0.10123912245035172,0.6926277279853821,0.40374550223350525,0.7197245955467224,1.2548453315237462,0.1732764095067978,0.0948563888669014,0.843549370765686,0.18113620579242706,0.9094750285148621,0.6501680016517639,0.48166584968566895,0.928497314453125,0.7741333246231079,0.9429904222488403
10,1.252477898198666,0.19126494228839874,0.10574513673782349,0.698089063167572,0.4163098633289337,0.7245197296142578,1.252477898198666,0.17802850902080536,0.09771201014518738,0.8463911414146423,0.18377980589866638,0.9123365879058838,0.6501680016517639,0.48166584968566895,0.928497314453125,0.7741333246231079,0.9429904222488403
11,1.2503256616598386,0.19522057473659515,0.10816866159439087,0.7058563828468323,0.41602256894111633,0.7330425381660461,1.2503256616598386,0.18790623545646667,0.10369564592838287,0.8412087559700012,0.20295993983745575,0.9047295451164246,0.6501680016517639,0.48166584968566895,0.928497314453125,0.7741333246231079,0.9429904222488403
12,1.2477342612502396,0.19947966933250427,0.11079000681638718,0.7066494822502136,0.4262083172798157,0.7329546213150024,1.2477342612502396,0.19860100746154785,0.11024820804595947,0.8295528888702393,0.23333030939102173,0.8888910412788391,0.6501680016517639,0.48166584968566895,0.928497314453125,0.7741333246231079,0.9429904222488403
13,1.2463750370984552,0.20420131087303162,0.11371058225631714,0.702139675617218,0.4456324279308319,0.7261998057365417,1.2463750370984552,0.20678222179412842,0.11531350016593933,0.8195642828941345,0.25983166694641113,0.8752708435058594,0.6501680016517639,0.48166584968566895,0.928497314453125,0.7741333246231079,0.9429904222488403
14,1.2445753464132436,0.20793892443180084,0.1160333901643753,0.6997057199478149,0.4596560597419739,0.7222221493721008,1.2445753464132436,0.212325781583786,0.11877207458019257,0.8152562379837036,0.27508991956710815,0.8690155148506165,0.6501680016517639,0.48166584968566895,0.928497314453125,0.7741333246231079,0.9429904222488403
15,1.2423710132094543,0.2103903740644455,0.11756216734647751,0.701187789440155,0.4642165005207062,0.7234154939651489,1.2423710132094543,0.2157362550497055,0.12091051787137985,0.8123688697814941,0.2851114571094513,0.8648433685302734,0.6501680016517639,0.48166584968566895,0.928497314453125,0.7741333246231079,0.9429904222488403
16,1.2389943838366155,0.21316780149936676,0.11929928511381149,0.7033759951591492,0.4685485363006592,0.7254025936126709,1.2389943838366155,0.21935980021953583,0.12319153547286987,0.8106976747512817,0.2938399910926819,0.8621371388435364,0.6501680016517639,0.48166584968566895,0.928497314453125,0.7741333246231079,0.9429904222488403
17,1.235176621911016,0.21699029207229614,0.12169890105724335,0.7037592530250549,0.47865965962409973,0.7248733639717102,1.235176621911016,0.22083592414855957,0.12412341684103012,0.8112720847129822,0.29547837376594543,0.8626056909561157,0.6501680016517639,0.48166584968566895,0.928497314453125,0.7741333246231079,0.9429904222488403
18,1.2315590705863193,0.2209283709526062,0.1241818442940712,0.7067767977714539,0.4848208725452423,0.72759610414505,1.2315590705863193,0.22083233296871185,0.12412114441394806,0.8147635459899902,0.29000604152679443,0.866989254951477,0.6501680016517639,0.48166584968566895,0.928497314453125,0.7741333246231079,0.9429904222488403
19,1.2289608035378534,0.22439073026180267,0.12637396156787872,0.7131122350692749,0.4839303493499756,0.7346092462539673,1.2289608035378534,0.22178886830806732,0.1247258335351944,0.8173244595527649,0.287588506937027,0.8700456619262695,0.6501680016517639,0.48166584968566895,0.928497314453125,0.7741333246231079,0.9429904222488403
20,1.2260020116856292,0.22755223512649536,0.128383070230484,0.7150439620018005,0.48943912982940674,0.7362054586410522,1.2260020116856292,0.2225583791732788,0.12521275877952576,0.820562481880188,0.28375157713890076,0.8739877343177795,0.6501680016517639,0.48166584968566895,0.928497314453125,0.7741333246231079,0.9429904222488403
21,1.2218231124750036,0.23076210916042328,0.13043026626110077,0.7195424437522888,0.49054625630378723,0.7410220503807068,1.2218231124750036,0.22357700765132904,0.12585797905921936,0.8220124840736389,0.28311777114868164,0.8756451606750488,0.6501680016517639,0.48166584968566895,0.928497314453125,0.7741333246231079,0.9429904222488403
22,1.2170553504827157,0.2340749353170395,0.1325509250164032,0.7243980765342712,0.4910885691642761,0.7462823390960693,1.2170553504827157,0.22595956921577454,0.12737002968788147,0.8204159736633301,0.2895900011062622,0.8732456564903259,0.6501680016517639,0.48166584968566895,0.928497314453125,0.7741333246231079,0.9429904222488403
23,1.2133382954986334,0.23734797537326813,0.1346539407968521,0.7256088256835938,0.49789535999298096,0.7469682097434998,1.2133382954986334,0.227547749876976,0.1283801794052124,0.8196821212768555,0.29341915249824524,0.8720576763153076,0.6501680016517639,0.48166584968566895,0.928497314453125,0.7741333246231079,0.9429904222488403
24,1.211134824025022,0.24000561237335205,0.1363672912120819,0.7309719324111938,0.49535614252090454,0.7530723810195923,1.211134824025022,0.22890439629554749,0.12924452126026154,0.8159298896789551,0.3018408715724945,0.8670938014984131,0.6501680016517639,0.48166584968566895,0.928497314453125,0.7741333246231079,0.9429904222488403
25,1.2080632922719576,0.24290908873081207,0.13824506103992462,0.7307758331298828,0.5036382079124451,0.7520810961723328,1.2080632922719576,0.23055905103683472,0.13030050694942474,0.8152360320091248,0.30582499504089355,0.8659343719482422,0.6501680016517639,0.48166584968566895,0.928497314453125,0.7741333246231079,0.9429904222488403
26,1.2020923263823806,0.2459002435207367,0.14018604159355164,0.7349061369895935,0.504009485244751,0.7565640807151794,1.2020923263823806,0.23284640908241272,0.1317635476589203,0.8161338567733765,0.30827465653419495,0.8666777610778809,0.6501680016517639,0.48166584968566895,0.928497314453125,0.7741333246231079,0.9429904222488403
27,1.198314530388586,0.24878272414207458,0.14206276834011078,0.7389777302742004,0.5040122270584106,0.7610172629356384,1.198314530388586,0.23538881540298462,0.13339415192604065,0.8157103657722473,0.313397079706192,0.8657023310661316,0.6501680016517639,0.48166584968566895,0.928497314453125,0.7741333246231079,0.9429904222488403
28,1.1978475075772965,0.25129517912864685,0.1437036395072937,0.7395026087760925,0.5097835063934326,0.7610500454902649,1.1978475075772965,0.23827707767486572,0.13525229692459106,0.8191115260124207,0.3125683069229126,0.8695244789123535,0.6501680016517639,0.48166584968566895,0.928497314453125,0.7741333246231079,0.9429904222488403
29,1.1950535417402464,0.2537500858306885,0.14531145989894867,0.7442768216133118,0.5069916844367981,0.7665339708328247,1.1950535417402464,0.24028530716896057,0.13654787838459015,0.8182985782623291,0.3174561560153961,0.8681442141532898,0.6501680016517639,0.48166584968566895,0.928497314453125,0.7741333246231079,0.9429904222488403
30,1.1897185691502064,0.25656285881996155,0.14715924859046936,0.7460355162620544,0.5110123753547668,0.7680805325508118,1.1897185691502064,0.24160927534103394,0.13740363717079163,0.8166833519935608,0.32260510325431824,0.8658557534217834,0.6501680016517639,0.48166584968566895,0.928497314453125,0.7741333246231079,0.9429904222488403
31,1.186215130988176,0.25949808955192566,0.1490938663482666,0.7484052777290344,0.5140654444694519,0.7703860998153687,1.186215130988176,0.2432274967432022,0.13845132291316986,0.8161215782165527,0.326457679271698,0.864854633808136,0.6501680016517639,0.48166584968566895,0.928497314453125,0.7741333246231079,0.9429904222488403
32,1.1857514441539891,0.26196932792663574,0.15072770416736603,0.7519563436508179,0.5133492350578308,0.7743375301361084,1.1857514441539891,0.24415160715579987,0.13905051350593567,0.8133124113082886,0.33311110734939575,0.8611037135124207,0.6501680016517639,0.48166584968566895,0.928497314453125,0.7741333246231079,0.9429904222488403
33,1.1839444106765007,0.2646191120147705,0.15248475968837738,0.7525109648704529,0.5192466378211975,0.7743909358978271,1.1839444106765007,0.24665385484695435,0.14067606627941132,0.8141129612922668,0.3361950218677521,0.8616769909858704,0.6501680016517639,0.48166584968566895,0.928497314453125,0.7741333246231079,0.9429904222488403
34,1.178426576373095,0.2671760320663452,0.15418535470962524,0.7557068467140198,0.5192996263504028,0.7778816819190979,1.178426576373095,0.2497108280658722,0.14266832172870636,0.8156228065490723,0.33897262811660767,0.863060712814331,0.6501680016517639,0.48166584968566895,0.928497314453125,0.7741333246231079,0.9429904222488403
35,1.1746022375665757,0.2698087692260742,0.15594162046909332,0.7584779262542725,0.5203375816345215,0.7808152437210083,1.1746022375665757,0.25261616706848145,0.14456821978092194,0.81596440076828,0.34361186623573303,0.8629745841026306,0.6501680016517639,0.48166584968566895,0.928497314453125,0.7741333246231079,0.9429904222488403
36,1.1740977108885,0.27225157618522644,0.15757595002651215,0.7595575451850891,0.5244561433792114,0.7816097736358643,1.1740977108885,0.255653440952301,0.1465611457824707,0.8189037442207336,0.34358540177345276,0.866209089756012,0.6501680016517639,0.48166584968566895,0.928497314453125,0.7741333246231079,0.9429904222488403
37,1.172364538737093,0.2747134864330292,0.15922777354717255,0.763188898563385,0.5229754447937012,0.7857207655906677,1.172364538737093,0.2581965923309326,0.14823521673679352,0.8185651898384094,0.34884390234947205,0.8653134703636169,0.6501680016517639,0.48166584968566895,0.928497314453125,0.7741333246231079,0.9429904222488403
38,1.1679851126267033,0.2772523760795593,0.16093619167804718,0.7642796039581299,0.5272234678268433,0.7865152359008789,1.1679851126267033,0.26114407181739807,0.15018153190612793,0.8194568157196045,0.3524927794933319,0.8659307360649109,0.6501680016517639,0.48166584968566895,0.928497314453125,0.7741333246231079,0.9429904222488403
39,1.1631076921592771,0.2799273729324341,0.16274163126945496,0.7667536735534668,0.5286799073219299,0.7890847325325012,1.1631076921592771,0.2644563615322113,0.1523766815662384,0.8208791613578796,0.35574638843536377,0.8671708106994629,0.6501680016517639,0.48166584968566895,0.928497314453125,0.7741333246231079,0.9429904222488403
40,1.1609080212145724,0.28257203102111816,0.1645321249961853,0.7694293856620789,0.5294973254203796,0.7919347286224365,1.1609080212145724,0.2672015428543091,0.15420232713222504,0.8206932544708252,0.3611602187156677,0.8664275407791138,0.6501680016517639,0.48166584968566895,0.928497314453125,0.7741333246231079,0.9429904222488403
41,1.1599478490387314,0.2850642800331116,0.16622449457645416,0.7704242467880249,0.53371661901474,0.7926271557807922,1.1599478490387314,0.2702684998512268,0.1562488079071045,0.823370635509491,0.36136332154273987,0.8693512082099915,0.6501680016517639,0.48166584968566895,0.928497314453125,0.7741333246231079,0.9429904222488403
42,1.1581359380446572,0.2876507639884949,0.16798606514930725,0.7736932635307312,0.532818078994751,0.7962871789932251,1.1581359380446572,0.2742236256599426,0.1588987112045288,0.8247168064117432,0.36583998799324036,0.8703858256340027,0.6501680016517639,0.48166584968566895,0.928497314453125,0.7741333246231079,0.9429904222488403
43,1.1535575921045804,0.29024168848991394,0.16975601017475128,0.7750263810157776,0.5364011526107788,0.7974092364311218,1.1535575921045804,0.2782462537288666,0.1616062968969345,0.8270679712295532,0.3682684004306793,0.8727293610572815,0.6501680016517639,0.48166584968566895,0.928497314453125,0.7741333246231079,0.9429904222488403
44,1.1486201019962063,0.29309630393981934,0.17171229422092438,0.7775704860687256,0.5377139449119568,0.8000688552856445,1.1486201019962063,0.2824271321296692,0.16443385183811188,0.8293192386627197,0.3710852563381195,0.8749243021011353,0.6501680016517639,0.48166584968566895,0.928497314453125,0.7741333246231079,0.9429904222488403
45,1.145964335162549,0.2959645390510559,0.17368453741073608,0.7801513671875,0.5388623476028442,0.8027840852737427,1.145964335162549,0.28577905893325806,0.166710764169693,0.8296871781349182,0.3764384090900421,0.8747960925102234,0.6501680016517639,0.48166584968566895,0.928497314453125,0.7741333246231079,0.9429904222488403
46,1.1455215832032275,0.2985561788082123,0.17547228932380676,0.7813591361045837,0.5425918698310852,0.8037553429603577,1.1455215832032275,0.289021372795105,0.16892166435718536,0.8320197463035583,0.3772076368331909,0.8772842288017273,0.6501680016517639,0.48166584968566895,0.928497314453125,0.7741333246231079,0.9429904222488403
47,1.1459252848710186,0.3011973202228546,0.17729979753494263,0.7843871712684631,0.5418511033058167,0.8071368932723999,1.1459252848710186,0.2926391661167145,0.17139855027198792,0.8324403762817383,0.38292136788368225,0.8771780729293823,0.6501680016517639,0.48166584968566895,0.928497314453125,0.7741333246231079,0.9429904222488403
48,1.143250428988447,0.3036121428012848,0.17897571623325348,0.785132646560669,0.5461943745613098,0.8075448274612427,1.143250428988447,0.29603493213653564,0.17373298108577728,0.8346473574638367,0.3841066062450409,0.8794867396354675,0.6501680016517639,0.48166584968566895,0.928497314453125,0.7741333246231079,0.9429904222488403
49,1.137917524499839,0.30642011761665344,0.1809304654598236,0.787880003452301,0.5464007258415222,0.8105305433273315,1.137917524499839,0.30049461126327515,0.17681297659873962,0.8366578817367554,0.3876079022884369,0.8813489079475403,0.6501680016517639,0.48166584968566895,0.928497314453125,0.7741333246231079,0.9429904222488403
50,1.1329599318379016,0.3093664050102234,0.1829884797334671,0.7898982763290405,0.548736572265625,0.8125191330909729,1.1329599318379016,0.3050245940685272,0.17995813488960266,0.8383742570877075,0.3918544054031372,0.8828135132789612,0.6501680016517639,0.48166584968566895,0.928497314453125,0.7741333246231079,0.9429904222488403
51,1.1313824571736972,0.312212198972702,0.18498313426971436,0.7915967106819153,0.551580548286438,0.8141099810600281,1.1313824571736972,0.308384507894516,0.18230177462100983,0.8403710722923279,0.3931771516799927,0.8848773837089539,0.6501680016517639,0.48166584968566895,0.928497314453125,0.7741333246231079,0.9429904222488403
52,1.1324491332080633,0.31496408581733704,0.18691836297512054,0.7942182421684265,0.5516498684883118,0.816970944404602,1.1324491332080633,0.31195497512817383,0.18480253219604492,0.8408275246620178,0.3986501097679138,0.8848345875740051,0.6501680016517639,0.48166584968566895,0.928497314453125,0.7741333246231079,0.9429904222488403
53,1.1321303499309043,0.31736433506011963,0.1886114925146103,0.7950220704078674,0.5556294918060303,0.8174768090248108,1.1321303499309043,0.3152720034122467,0.1871352642774582,0.84272301197052,0.40001967549324036,0.8867824077606201,0.6501680016517639,0.48166584968566895,0.928497314453125,0.7741333246231079,0.9429904222488403
54,1.1285592428185973,0.32008010149002075,0.19053301215171814,0.7975269556045532,0.5557470321655273,0.8202056884765625,1.1285592428185973,0.31959158182144165,0.19018685817718506,0.8443484306335449,0.40385735034942627,0.8881876468658447,0.6501680016517639,0.48166584968566895,0.928497314453125,0.7741333246231079,0.9429904222488403
55,1.1227329472591014,0.32293379306793213,0.19255879521369934,0.7992259860038757,0.5583398938179016,0.8218209147453308,1.1227329472591014,0.3238627314567566,0.19321970641613007,0.8459991812705994,0.4074721932411194,0.8896428942680359,0.6501680016517639,0.48166584968566895,0.928497314453125,0.7741333246231079,0.9429904222488403
56,1.1207482585580069,0.3257775604724884,0.194584459066391,0.8009299039840698,0.5608322620391846,0.8234508037567139,1.1207482585580069,0.3270748257637024,0.19551073014736176,0.8477123379707336,0.4088781177997589,0.8913866877555847,0.6501680016517639,0.48166584968566895,0.928497314453125,0.7741333246231079,0.9429904222488403
57,1.1219585939449077,0.32846030592918396,0.1965017169713974,0.8031907677650452,0.5612620115280151,0.8258834481239319,1.1219585939449077,0.33098164200782776,0.19830916821956635,0.8486180901527405,0.41370299458503723,0.8919023871421814,0.6501680016517639,0.48166584968566895,0.928497314453125,0.7741333246231079,0.9429904222488403
58,1.1217882178490708,0.3308700919151306,0.198229119181633,0.8041055202484131,0.5647784471511841,0.8265542387962341,1.1217882178490708,0.33417901396751404,0.2006092071533203,0.8502389788627625,0.41521137952804565,0.8935344815254211,0.6501680016517639,0.48166584968566895,0.928497314453125,0.7741333246231079,0.9429904222488403
59,1.1191393562772802,0.33350589871406555,0.20012430846691132,0.8062821626663208,0.5651785135269165,0.8288974761962891,1.1191393562772802,0.3381514251232147,0.2034790962934494,0.8515876531600952,0.41886237263679504,0.8946540355682373,0.6501680016517639,0.48166584968566895,0.928497314453125,0.7741333246231079,0.9429904222488403
60,1.1139673889466963,0.33621978759765625,0.20208191871643066,0.8078188896179199,0.5675690770149231,0.8303540349006653,1.1139673889466963,0.3421059846878052,0.206349715590477,0.8529648184776306,0.42235222458839417,0.8958209156990051,0.6501680016517639,0.48166584968566895,0.928497314453125,0.7741333246231079,0.9429904222488403
61,1.1123439202862961,0.33890923857688904,0.2040281891822815,0.809329628944397,0.5699208974838257,0.8317859768867493,1.1123439202862961,0.3451484441757202,0.20856760442256927,0.8544342517852783,0.42380988597869873,0.8972914814949036,0.6501680016517639,0.48166584968566895,0.928497314453125,0.7741333246231079,0.9429904222488403
62,1.113828209995463,0.341463565826416,0.20588251948356628,0.8112924098968506,0.5705094337463379,0.833877682685852,1.113828209995463,0.3489755094051361,0.21136906743049622,0.8554632067680359,0.4279814064502716,0.8980076909065247,0.6501680016517639,0.48166584968566895,0.928497314453125,0.7741333246231079,0.9429904222488403
63,1.1131986655565846,0.3438159227371216,0.20759527385234833,0.8122439980506897,0.5735918283462524,0.8346293568611145,1.1131986655565846,0.35203492641448975,0.2136179655790329,0.8568557500839233,0.42959266901016235,0.8993784785270691,0.6501680016517639,0.48166584968566895,0.928497314453125,0.7741333246231079,0.9429904222488403
64,1.1107309330392094,0.34633344411849976,0.20943371951580048,0.8141106367111206,0.5742508769035339,0.8366092443466187,1.1107309330392094,0.3557015657424927,0.21632421016693115,0.8580281138420105,0.432962030172348,0.9003322124481201,0.6501680016517639,0.48166584968566895,0.928497314453125,0.7741333246231079,0.9429904222488403
65,1.106686160938856,0.34889471530914307,0.21130985021591187,0.8155021667480469,0.5764256715774536,0.8379273414611816,1.106686160938856,0.35929349064826965,0.21898704767227173,0.8591894507408142,0.4361884295940399,0.9012880325317383,0.6501680016517639,0.48166584968566895,0.928497314453125,0.7741333246231079,0.9429904222488403
66,1.105244408905876,0.35142982006073,0.2131725698709488,0.8168842792510986,0.5785170793533325,0.8392429351806641,1.105244408905876,0.3622886836528778,0.22121644020080566,0.8604628443717957,0.43789440393447876,0.9025183320045471,0.6501680016517639,0.48166584968566895,0.928497314453125,0.7741333246231079,0.9429904222488403
67,1.1061024520089435,0.35388004779815674,0.21497833728790283,0.8185807466506958,0.5793423652648926,0.8410210609436035,1.1061024520089435,0.36572057008743286,0.22378093004226685,0.8613303899765015,0.4416710436344147,0.9030963182449341,0.6501680016517639,0.48166584968566895,0.928497314453125,0.7741333246231079,0.9429904222488403
68,1.1060812063274361,0.356111079454422,0.21662726998329163,0.819493293762207,0.5820722579956055,0.8417631387710571,1.1060812063274361,0.36852291226387024,0.22588297724723816,0.8625362515449524,0.4431430697441101,0.9042757153511047,0.6501680016517639,0.48166584968566895,0.928497314453125,0.7741333246231079,0.9429904222488403
69,1.105023953319146,0.3584630489349365,0.2183704376220703,0.8211453557014465,0.5826824307441711,0.843513011932373,1.105023953319146,0.37182119488716125,0.22836633026599884,0.8634546399116516,0.44645386934280396,0.904956042766571,0.6501680016517639,0.48166584968566895,0.928497314453125,0.7741333246231079,0.9429904222488403
70,1.1011342183702237,0.3607977330684662,0.22010575234889984,0.8222861886024475,0.5848650336265564,0.8445560932159424,1.1011342183702237,0.37504076957702637,0.2308001071214676,0.8644940257072449,0.44919416308403015,0.9058260917663574,0.6501680016517639,0.48166584968566895,0.928497314453125,0.7741333246231079,0.9429904222488403
71,1.09902291955525,0.36318475008010864,0.22188502550125122,0.8236129283905029,0.5865293741226196,0.8458511829376221,1.09902291955525,0.37799540162086487,0.2330421358346939,0.8655849099159241,0.4512214958667755,0.9068238139152527,0.6501680016517639,0.48166584968566895,0.928497314453125,0.7741333246231079,0.9429904222488403
72,1.098915891533943,0.3655264675617218,0.22363562881946564,0.8250534534454346,0.5876511335372925,0.8473215699195862,1.098915891533943,0.38103312253952026,0.23535573482513428,0.8663292527198792,0.45454880595207214,0.9073110818862915,0.6501680016517639,0.48166584968566895,0.928497314453125,0.7741333246231079,0.9429904222488403
73,1.0995200681179416,0.3676496148109436,0.22522719204425812,0.825949490070343,0.5900115966796875,0.8480802178382874,1.0995200681179416,0.3836376368999481,0.23734630644321442,0.8673895001411438,0.45594438910484314,0.9083379507064819,0.6501680016517639,0.48166584968566895,0.928497314453125,0.7741333246231079,0.9429904222488403
74,1.1001556044292293,0.3698446452617645,0.22687700390815735,0.8274158835411072,0.5905837416648865,0.8496304750442505,1.1001556044292293,0.3865587115287781,0.2395864725112915,0.8680965304374695,0.4591425061225891,0.9087970852851868,0.6501680016517639,0.48166584968566895,0.928497314453125,0.7741333246231079,0.9429904222488403
75,1.0970287417897289,0.3719356060028076,0.22845271229743958,0.8283149600028992,0.5927954912185669,0.8504065871238708,1.0970287417897289,0.38941490650177,0.24178475141525269,0.8690639138221741,0.4612904489040375,0.9096469879150391,0.6501680016517639,0.48166584968566895,0.928497314453125,0.7741333246231079,0.9429904222488403
76,1.0944741425354754,0.3741590082645416,0.23013265430927277,0.8295897841453552,0.594014048576355,0.8516866564750671,1.0944741425354754,0.3922860026359558,0.2440023571252823,0.8699671626091003,0.4636661410331726,0.9104036688804626,0.6501680016517639,0.48166584968566895,0.928497314453125,0.7741333246231079,0.9429904222488403
77,1.093094060898536,0.37634578347206116,0.23178939521312714,0.8307616114616394,0.5954575538635254,0.8528330326080322,1.093094060898536,0.39511120319366455,0.24619226157665253,0.8707178831100464,0.46647799015045166,0.9109492301940918,0.6501680016517639,0.48166584968566895,0.928497314453125,0.7741333246231079,0.9429904222488403
78,1.0930416960883047,0.3784099817276001,0.23335742950439453,0.8317077159881592,0.5973537564277649,0.853689968585968,1.0930416960883047,0.39763957262039185,0.24815863370895386,0.8716485500335693,0.46803969144821167,0.9118171334266663,0.6501680016517639,0.48166584968566895,0.928497314453125,0.7741333246231079,0.9429904222488403
79,1.0938665894102568,0.38049590587615967,0.23494601249694824,0.8329730033874512,0.5981379747390747,0.855000376701355,1.0938665894102568,0.40026965737342834,0.250210702419281,0.872225284576416,0.4710753262042999,0.9121491312980652,0.6501680016517639,0.48166584968566895,0.928497314453125,0.7741333246231079,0.9429904222488403
80,1.0932023589730044,0.3823826313018799,0.23638635873794556,0.8337170481681824,0.6002542972564697,0.8556156158447266,1.0932023589730044,0.40273839235305786,0.2521430253982544,0.8731150031089783,0.4726259708404541,0.9129730463027954,0.6501680016517639,0.48166584968566895,0.928497314453125,0.7741333246231079,0.9429904222488403
81,1.0924154122491698,0.3844166696071625,0.23794302344322205,0.8349390625953674,0.6009919047355652,0.8568830490112305,1.0924154122491698,0.4053240716457367,0.25417330861091614,0.8737454414367676,0.4753548204898834,0.9133946895599365,0.6501680016517639,0.48166584968566895,0.928497314453125,0.7741333246231079,0.9429904222488403
82,1.0899128163981926,0.3863442540168762,0.2394217997789383,0.8357860445976257,0.6027937531471252,0.8576403856277466,1.0899128163981926,0.40790480375289917,0.25620630383491516,0.8745364546775818,0.47745636105537415,0.9140552282333374,0.6501680016517639,0.48166584968566895,0.928497314453125,0.7741333246231079,0.9429904222488403
83,1.0882222984608192,0.38834699988365173,0.2409619688987732,0.8368290662765503,0.6040412187576294,0.8586642742156982,1.0882222984608192,0.41044124960899353,0.25821080803871155,0.8752989172935486,0.4795600175857544,0.9146842360496521,0.6501680016517639,0.48166584968566895,0.928497314453125,0.7741333246231079,0.9429904222488403
84,1.087402528261631,0.3903132975101471,0.24247784912586212,0.8378286957740784,0.605326235294342,0.8596372604370117,1.087402528261631,0.412911057472229,0.26016882061958313,0.8759243488311768,0.4820455312728882,0.9151245355606079,0.6501680016517639,0.48166584968566895,0.928497314453125,0.7741333246231079,0.9429904222488403
85,1.0872864294228635,0.3921775221824646,0.2439184933900833,0.8386505246162415,0.6069910526275635,0.8603800535202026,1.0872864294228635,0.4152595102787018,0.2620362937450409,0.8767113089561462,0.48364701867103577,0.9158304333686829,0.6501680016517639,0.48166584968566895,0.928497314453125,0.7741333246231079,0.9429904222488403
86,1.087798145009565,0.39408767223358154,0.24539807438850403,0.8397216200828552,0.6078087687492371,0.861474871635437,1.087798145009565,0.41749510169029236,0.26381915807724,0.8771544098854065,0.4863626956939697,0.9160473346710205,0.6501680016517639,0.48166584968566895,0.928497314453125,0.7741333246231079,0.9429904222488403
87,1.0877364961592195,0.3957803249359131,0.2467121034860611,0.8403688073158264,0.6096577644348145,0.8620092272758484,1.0877364961592195,0.41969946026802063,0.26558205485343933,0.877920925617218,0.48772546648979187,0.9167545437812805,0.6501680016517639,0.48166584968566895,0.928497314453125,0.7741333246231079,0.9429904222488403
88,1.088016998785871,0.39762017130851746,0.24814358353614807,0.8414307236671448,0.6102755069732666,0.8631129264831543,1.088016998785871,0.42192286252975464,0.2673651874065399,0.8783977627754211,0.49027273058891296,0.9170253276824951,0.6501680016517639,0.48166584968566895,0.928497314453125,0.7741333246231079,0.9429904222488403
89,1.0858212665322435,0.399296373128891,0.24945057928562164,0.8420869708061218,0.612014889717102,0.8636674880981445,1.0858212665322435,0.42417362332344055,0.26917535066604614,0.8790965676307678,0.49197104573249817,0.9176246523857117,0.6501680016517639,0.48166584968566895,0.928497314453125,0.7741333246231079,0.9429904222488403
90,1.0841635116438872,0.40111297369003296,0.2508701682090759,0.8430306315422058,0.6129789352416992,0.8646093010902405,1.0841635116438872,0.42641541361808777,0.2709834575653076,0.8796865344047546,0.4940812587738037,0.9180633425712585,0.6501680016517639,0.48166584968566895,0.928497314453125,0.7741333246231079,0.9429904222488403
91,1.0828335352099714,0.4028652608394623,0.2522425651550293,0.843830943107605,0.6143152117729187,0.865359365940094,1.0828335352099714,0.42861229181289673,0.2727603614330292,0.8802484273910522,0.49620792269706726,0.9184694886207581,0.6501680016517639,0.48166584968566895,0.928497314453125,0.7741333246231079,0.9429904222488403
92,1.0823117715241355,0.40458348393440247,0.2535911798477173,0.8446028232574463,0.615657389163971,0.8660777807235718,1.0823117715241355,0.4307745695114136,0.2745141386985779,0.8809006214141846,0.49787917733192444,0.9190202951431274,0.6501680016517639,0.48166584968566895,0.928497314453125,0.7741333246231079,0.9429904222488403
93,1.0823970966982777,0.40632784366607666,0.25496330857276917,0.8454915881156921,0.6165819764137268,0.8669631481170654,1.0823970966982777,0.43280985951423645,0.2761693298816681,0.8813297152519226,0.5002179145812988,0.9192593097686768,0.6501680016517639,0.48166584968566895,0.928497314453125,0.7741333246231079,0.9429904222488403
94,1.0825409179640513,0.4078959822654724,0.2561993896961212,0.8461017608642578,0.6181500554084778,0.8674834370613098,1.0825409179640513,0.4348375201225281,0.2778226137161255,0.8819862604141235,0.5015739798545837,0.91984623670578,0.6501680016517639,0.48166584968566895,0.928497314453125,0.7741333246231079,0.9429904222488403
95,1.0830319673362525,0.40958458185195923,0.25753316283226013,0.8470070362091064,0.6188226938247681,0.868410587310791,1.0830319673362525,0.4367700219154358,0.2794022858142853,0.882368803024292,0.5038930773735046,0.9200360178947449,0.6501680016517639,0.48166584968566895,0.928497314453125,0.7741333246231079,0.9429904222488403
96,1.0819351024861161,0.4110783040523529,0.25871533155441284,0.8475624918937683,0.6203941702842712,0.868870735168457,1.0819351024861161,0.43878552317619324,0.28105396032333374,0.8829881548881531,0.5053614377975464,0.9205708503723145,0.6501680016517639,0.48166584968566895,0.928497314453125,0.7741333246231079,0.9429904222488403
97,1.0810892278892736,0.41273221373558044,0.2600269019603729,0.8484127521514893,0.6211604475975037,0.8697288036346436,1.0810892278892736,0.44072481989860535,0.2826472222805023,0.8834263682365417,0.5074474811553955,0.920845091342926,0.6501680016517639,0.48166584968566895,0.928497314453125,0.7741333246231079,0.9429904222488403
98,1.0796584475412507,0.414267897605896,0.2612471282482147,0.8490403294563293,0.6225181221961975,0.8702878952026367,1.0796584475412507,0.44271284341812134,0.28428465127944946,0.8839654922485352,0.5091891884803772,0.9212645292282104,0.6501680016517639,0.48166584968566895,0.928497314453125,0.7741333246231079,0.9429904222488403
99,1.078717201494424,0.4158630967140198,0.26251718401908875,0.8497791886329651,0.6235547661781311,0.8709988594055176,1.078717201494424,0.4446629583835602,0.2858949303627014,0.8844789862632751,0.5109567046165466,0.9216532707214355,0.6501680016517639,0.48166584968566895,0.928497314453125,0.7741333246231079,0.9429904222488403
100,1.0781780017217073,0.41742774844169617,0.2637653946876526,0.850482702255249,0.6246430277824402,0.8716663122177124,1.0781780017217073,0.4465361535549164,0.2874454855918884,0.884921669960022,0.5128728151321411,0.9219493269920349,0.6501680016517639,0.48166584968566895,0.928497314453125,0.7741333246231079,0.9429904222488403
101,1.077985740845361,0.41891977190971375,0.264957994222641,0.8510997891426086,0.6258914470672607,0.8722241520881653,1.077985740845361,0.44841182231903076,0.28900185227394104,0.8854632377624512,0.5143464207649231,0.9223981499671936,0.6501680016517639,0.48166584968566895,0.928497314453125,0.7741333246231079,0.9429904222488403
102,1.0781282708462094,0.42046573758125305,0.266196072101593,0.8518478274345398,0.6267126798629761,0.8729652762413025,1.0781282708462094,0.4501110315322876,0.2904150187969208,0.8857909440994263,0.5164092779159546,0.9225530624389648,0.6501680016517639,0.48166584968566895,0.928497314453125,0.7741333246231079,0.9429904222488403
103,1.0783487831912455,0.42183148860931396,0.2672918438911438,0.8523504734039307,0.6280952095985413,0.8733854293823242,1.0783487831912455,0.4518953561782837,0.2919023334980011,0.8863452672958374,0.5176195502281189,0.9230421781539917,0.6501680016517639,0.48166584968566895,0.928497314453125,0.7741333246231079,0.9429904222488403
104,1.0793423945458933,0.42333921790122986,0.26850372552871704,0.8531274795532227,0.6286625266075134,0.8741820454597473,1.0793423945458933,0.4534326493740082,0.2931864857673645,0.8865879774093628,0.5197291374206543,0.9230990409851074,0.6501680016517639,0.48166584968566895,0.928497314453125,0.7741333246231079,0.9429904222488403
105,1.0787600900839718,0.42459824681282043,0.2695174813270569,0.8535462617874146,0.6301100254058838,0.8745043873786926,1.0787600900839718,0.45515936613082886,0.2946319282054901,0.887124240398407,0.5208868980407715,0.9235734939575195,0.6501680016517639,0.48166584968566895,0.928497314453125,0.7741333246231079,0.9429904222488403
106,1.07872292335116,0.4260694086551666,0.27070412039756775,0.8542984127998352,0.6306585669517517,0.8752755522727966,1.07872292335116,0.4567638337612152,0.295977920293808,0.8874381184577942,0.5228091478347778,0.92372727394104,0.6501680016517639,0.48166584968566895,0.928497314453125,0.7741333246231079,0.9429904222488403
107,1.0766106270901252,0.42737072706222534,0.271755576133728,0.8547732830047607,0.631955623626709,0.8756734132766724,1.0766106270901252,0.4584856331348419,0.2974254786968231,0.8878985047340393,0.5242953896522522,0.9240855574607849,0.6501680016517639,0.48166584968566895,0.928497314453125,0.7741333246231079,0.9429904222488403
108,1.0753014605722253,0.4287968575954437,0.272909939289093,0.8554173707962036,0.6328284740447998,0.8762960433959961,1.0753014605722253,0.4601638615131378,0.2988395094871521,0.8883160352706909,0.5258843302726746,0.9243865013122559,0.6501680016517639,0.48166584968566895,0.928497314453125,0.7741333246231079,0.9429904222488403
109,1.0746723637258833,0.43018248677253723,0.27403345704078674,0.856011688709259,0.633801281452179,0.8768548369407654,1.0746723637258833,0.46174049377441406,0.30017074942588806,0.8886523246765137,0.5276382565498352,0.9245817065238953,0.6501680016517639,0.48166584968566895,0.928497314453125,0.7741333246231079,0.9429904222488403
110,1.0747407221499765,0.43148568272590637,0.2750920057296753,0.8565182089805603,0.6349368095397949,0.8773024082183838,1.0747407221499765,0.4633749723434448,0.3015536963939667,0.8891159892082214,0.5289071798324585,0.9249652028083801,0.6501680016517639,0.48166584968566895,0.928497314453125,0.7741333246231079,0.9429904222488403
111,1.075231861910091,0.4328722357749939,0.2762201726436615,0.8571726679801941,0.6356222033500671,0.8779538869857788,1.075231861910091,0.46481895446777344,0.3027779459953308,0.8893772959709167,0.5307329893112183,0.9250708818435669,0.6501680016517639,0.48166584968566895,0.928497314453125,0.7741333246231079,0.9429904222488403
112,1.075079555004133,0.43407323956489563,0.2771989703178406,0.8575916290283203,0.6368649005889893,0.8782955408096313,1.075079555004133,0.46640440821647644,0.30412477254867554,0.8898330330848694,0.5319252610206604,0.925453245639801,0.6501680016517639,0.48166584968566895,0.928497314453125,0.7741333246231079,0.9429904222488403
113,1.074896723842886,0.435426265001297,0.27830350399017334,0.8582327365875244,0.6374980807304382,0.8789374232292175,1.074896723842886,0.4678562879562378,0.3053605854511261,0.8901212811470032,0.5336370468139648,0.9255998134613037,0.6501680016517639,0.48166584968566895,0.928497314453125,0.7741333246231079,0.9429904222488403
114,1.0736798547626818,0.4366381764411926,0.2792944014072418,0.8586784601211548,0.638633131980896,0.8793185353279114,1.0736798547626818,0.4694022536277771,0.30667904019355774,0.8905156254768372,0.5350332856178284,0.9258944392204285,0.6501680016517639,0.48166584968566895,0.928497314453125,0.7741333246231079,0.9429904222488403
115,1.0727897938520776,0.4379408657550812,0.2803612947463989,0.8592417240142822,0.6394639611244202,0.8798567056655884,1.0727897938520776,0.47089672088623047,0.30795612931251526,0.8908717036247253,0.5365020632743835,0.9261398315429688,0.6501680016517639,0.48166584968566895,0.928497314453125,0.7741333246231079,0.9429904222488403
116,1.0722544446784257,0.4392060339450836,0.2813991606235504,0.8597632050514221,0.6403772830963135,0.8803414106369019,1.0722544446784257,0.4723292887210846,0.30918264389038086,0.8911792039871216,0.5380746722221375,0.9263213872909546,0.6501680016517639,0.48166584968566895,0.928497314453125,0.7741333246231079,0.9429904222488403
117,1.0720966597906367,0.4404142498970032,0.28239184617996216,0.8602280616760254,0.641391932964325,0.8807547688484192,1.0720966597906367,0.47382211685180664,0.31046321988105774,0.8915765881538391,0.5393299460411072,0.9266334176063538,0.6501680016517639,0.48166584968566895,0.928497314453125,0.7741333246231079,0.9429904222488403
118,1.0721636902899754,0.4416847229003906,0.2834373712539673,0.8607906699180603,0.64211106300354,0.8813025951385498,1.0721636902899754,0.4751374423503876,0.311593621969223,0.8918172121047974,0.5409791469573975,0.9267338514328003,0.6501680016517639,0.48166584968566895,0.928497314453125,0.7741333246231079,0.9429904222488403
119,1.0720629454170434,0.44280755519866943,0.2843628525733948,0.8611844778060913,0.6432157754898071,0.8816297650337219,1.0720629454170434,0.476574569940567,0.31283092498779297,0.8922122716903687,0.5421183109283447,0.9270548820495605,0.6501680016517639,0.48166584968566895,0.928497314453125,0.7741333246231079,0.9429904222488403
120,1.0720745595323167,0.44405877590179443,0.28539565205574036,0.8617520332336426,0.6438418030738831,0.8821918368339539,1.0720745595323167,0.47782713174819946,0.31391119956970215,0.8924294710159302,0.5437492728233337,0.9271313548088074,0.6501680016517639,0.48166584968566895,0.928497314453125,0.7741333246231079,0.9429904222488403
121,1.0714867280991351,0.4451490640640259,0.2862969636917114,0.8621269464492798,0.6449372172355652,0.882499098777771,1.0714867280991351,0.4792344272136688,0.31512710452079773,0.8928067684173584,0.544906497001648,0.927431046962738,0.6501680016517639,0.48166584968566895,0.928497314453125,0.7741333246231079,0.9429904222488403
122,1.071198257637219,0.44637125730514526,0.28730884194374084,0.8626716136932373,0.6455748677253723,0.8830351233482361,1.071198257637219,0.4804643988609314,0.3161916136741638,0.8930304646492004,0.5464553833007812,0.9275228977203369,0.6501680016517639,0.48166584968566895,0.928497314453125,0.7741333246231079,0.9429904222488403
123,1.070581026787587,0.4474569261074066,0.28820908069610596,0.8630548715591431,0.646606981754303,0.8833575248718262,1.070581026787587,0.4818289875984192,0.31737464666366577,0.8933820128440857,0.5476447939872742,0.9277909994125366,0.6501680016517639,0.48166584968566895,0.928497314453125,0.7741333246231079,0.9429904222488403
124,1.0702302862614097,0.44864505529403687,0.2891956865787506,0.8635680079460144,0.6472869515419006,0.8838549852371216,1.0702302862614097,0.48303794860839844,0.3184245228767395,0.893612265586853,0.5491146445274353,0.9278978705406189,0.6501680016517639,0.48166584968566895,0.928497314453125,0.7741333246231079,0.9429904222488403
125,1.0697924484395942,0.44972309470176697,0.2900921702384949,0.8639575242996216,0.6482571363449097,0.8841900825500488,1.0697924484395942,0.4843544363975525,0.31956973671913147,0.8939423561096191,0.5503042340278625,0.9281424283981323,0.6501680016517639,0.48166584968566895,0.928497314453125,0.7741333246231079,0.9429904222488403
126,1.0695172047677608,0.45088112354278564,0.2910565733909607,0.8644471168518066,0.6489530801773071,0.8846603035926819,1.0695172047677608,0.4855293035507202,0.3205934166908264,0.8941664099693298,0.5517306327819824,0.9282468557357788,0.6501680016517639,0.48166584968566895,0.928497314453125,0.7741333246231079,0.9429904222488403
127,1.0692239903743654,0.4519364535808563,0.2919367253780365,0.8648274540901184,0.6498959064483643,0.8849878907203674,1.0692239903743654,0.4868162274360657,0.3217165470123291,0.8944929242134094,0.5528693795204163,0.9284924864768982,0.6501680016517639,0.48166584968566895,0.928497314453125,0.7741333246231079,0.9429904222488403
128,1.0691095310476766,0.45307087898254395,0.29288411140441895,0.8653087615966797,0.650553822517395,0.8854526281356812,1.0691095310476766,0.4879244565963745,0.32268524169921875,0.8946865797042847,0.5543079972267151,0.9285622239112854,0.6501680016517639,0.48166584968566895,0.928497314453125,0.7741333246231079,0.9429904222488403
129,1.0690373593444988,0.45407751202583313,0.29372596740722656,0.8656541705131531,0.6515265107154846,0.8857391476631165,1.0690373593444988,0.48918798565864563,0.3237914443016052,0.8950287103652954,0.5553082227706909,0.928838849067688,0.6501680016517639,0.48166584968566895,0.928497314453125,0.7741333246231079,0.9429904222488403
130,1.0694747251860424,0.4552001953125,0.29466620087623596,0.8661494255065918,0.6520704030990601,0.8862298727035522,1.0694747251860424,0.49016833305358887,0.32465097308158875,0.8951564431190491,0.5568124651908875,0.9288296103477478,0.6501680016517639,0.48166584968566895,0.928497314453125,0.7741333246231079,0.9429904222488403
131,1.0698294087631555,0.4561033844947815,0.29542359709739685,0.8664203882217407,0.6531247496604919,0.8864272832870483,1.0698294087631555,0.49138393998146057,0.32571837306022644,0.8955187201499939,0.5575940012931824,0.9291502237319946,0.6501680016517639,0.48166584968566895,0.928497314453125,0.7741333246231079,0.9429904222488403
132,1.0716061863528816,0.4572097659111023,0.2963525056838989,0.8669429421424866,0.6534767746925354,0.8869659304618835,1.0716061863528816,0.4922559857368469,0.3264850974082947,0.8955971002578735,0.5591230392456055,0.9290841817855835,0.6501680016517639,0.48166584968566895,0.928497314453125,0.7741333246231079,0.9429904222488403
133,1.070612129683616,0.45802974700927734,0.2970419228076935,0.867158055305481,0.6545792818069458,0.8870977759361267,1.070612129683616,0.49344363808631897,0.3275308310985565,0.895949125289917,0.5598920583724976,0.9293947219848633,0.6501680016517639,0.48166584968566895,0.928497314453125,0.7741333246231079,0.9429904222488403
134,1.0708521776977402,0.4591153860092163,0.29795578122138977,0.8676642775535583,0.6549426913261414,0.8876173496246338,1.0708521776977402,0.49443596601486206,0.32840579748153687,0.8961055874824524,0.5612740516662598,0.9294291734695435,0.6501680016517639,0.48166584968566895,0.928497314453125,0.7741333246231079,0.9429904222488403
135,1.0681360638386146,0.46001359820365906,0.298712819814682,0.8679468035697937,0.6559121608734131,0.8878354430198669,1.0681360638386146,0.49559375643730164,0.32942813634872437,0.8963894844055176,0.5623388886451721,0.9296353459358215,0.6501680016517639,0.48166584968566895,0.928497314453125,0.7741333246231079,0.9429904222488403
136,1.0667896865957651,0.4610401391983032,0.29957908391952515,0.8683581948280334,0.6565759778022766,0.8882232308387756,1.0667896865957651,0.4967198073863983,0.3304239809513092,0.8966554403305054,0.5634275078773499,0.9298194646835327,0.6501680016517639,0.48166584968566895,0.928497314453125,0.7741333246231079,0.9429904222488403
137,1.0664215606374268,0.4620438814163208,0.30042728781700134,0.8687494993209839,0.6572737097740173,0.8885857462882996,1.0664215606374268,0.4977166950702667,0.3313068151473999,0.8968315720558167,0.5647147297859192,0.9298850297927856,0.6501680016517639,0.48166584968566895,0.928497314453125,0.7741333246231079,0.9429904222488403
138,1.0668700863851763,0.4629473388195038,0.3011915981769562,0.869049072265625,0.6581609845161438,0.8888301849365234,1.0668700863851763,0.49884989857673645,0.3323117792606354,0.8971459269523621,0.5655516982078552,0.9301473498344421,0.6501680016517639,0.48166584968566895,0.928497314453125,0.7741333246231079,0.9429904222488403
139,1.0678999503054016,0.4639756679534912,0.3020627498626709,0.8694983720779419,0.6586207151412964,0.8892785906791687,1.0678999503054016,0.499741792678833,0.33310386538505554,0.8972700834274292,0.5668877959251404,0.9301509261131287,0.6501680016517639,0.48166584968566895,0.928497314453125,0.7741333246231079,0.9429904222488403
140,1.0675954371387544,0.46479085087776184,0.30275413393974304,0.8697362542152405,0.6595785021781921,0.889448881149292,1.0675954371387544,0.5008482933044434,0.3340878188610077,0.8975765109062195,0.5677040815353394,0.9304065704345703,0.6501680016517639,0.48166584968566895,0.928497314453125,0.7741333246231079,0.9429904222488403
141,1.0674469528878712,0.465797483921051,0.30360889434814453,0.8701731562614441,0.6600311398506165,0.889884352684021,1.0674469528878712,0.5017918348312378,0.3349279463291168,0.8977424502372742,0.5689272880554199,0.9304673075675964,0.6501680016517639,0.48166584968566895,0.928497314453125,0.7741333246231079,0.9429904222488403
142,1.0659983485830122,0.4666605293750763,0.304342657327652,0.8704549670219421,0.6608867645263672,0.8901122212409973,1.0659983485830122,0.5028426647186279,0.33586496114730835,0.8979906439781189,0.5699371695518494,0.9306397438049316,0.6501680016517639,0.48166584968566895,0.928497314453125,0.7741333246231079,0.9429904222488403
143,1.0651809707885598,0.4676070511341095,0.30514830350875854,0.870820164680481,0.6615344882011414,0.8904508948326111,1.0651809707885598,0.503872811794281,0.3367847502231598,0.89822918176651,0.570952832698822,0.9308007955551147,0.6501680016517639,0.48166584968566895,0.928497314453125,0.7741333246231079,0.9429904222488403
144,1.0649264960658875,0.4685370624065399,0.3059408962726593,0.8711742162704468,0.6621901392936707,0.8907766938209534,1.0649264960658875,0.5047978162765503,0.33761176466941833,0.898398756980896,0.5721138715744019,0.930871844291687,0.6501680016517639,0.48166584968566895,0.928497314453125,0.7741333246231079,0.9429904222488403
145,1.065121467458296,0.4693884551525116,0.3066673278808594,0.8714578747749329,0.6629946827888489,0.8910115361213684,1.065121467458296,0.5058384537696838,0.3385433256626129,0.898672878742218,0.5729506611824036,0.9310899376869202,0.6501680016517639,0.48166584968566895,0.928497314453125,0.7741333246231079,0.9429904222488403
146,1.0656288061907369,0.47033828496932983,0.3074786365032196,0.8718520402908325,0.6634869575500488,0.8913964629173279,1.0656288061907369,0.5066750049591064,0.3392932116985321,0.8987987041473389,0.5741578936576843,0.9311080574989319,0.6501680016517639,0.48166584968566895,0.928497314453125,0.7741333246231079,0.9429904222488403
147,1.0655402096156878,0.4711190164089203,0.3081463575363159,0.8720864057540894,0.6643519401550293,0.8915717601776123,1.0655402096156878,0.5076970458030701,0.3402104079723358,0.8990728259086609,0.5749490857124329,0.931330680847168,0.6501680016517639,0.48166584968566895,0.928497314453125,0.7741333246231079,0.9429904222488403
148,1.065616579627542,0.4720560312271118,0.3089485466480255,0.8724796175956726,0.6648049354553223,0.8919592499732971,1.065616579627542,0.5085325837135315,0.3409612774848938,0.8992082476615906,0.5761001706123352,0.9313650727272034,0.6501680016517639,0.48166584968566895,0.928497314453125,0.7741333246231079,0.9429904222488403
149,1.0647195335857988,0.4728442430496216,0.30962416529655457,0.8727259039878845,0.665622353553772,0.8921520709991455,1.0647195335857988,0.5095193386077881,0.3418489992618561,0.8994510769844055,0.5769858360290527,0.9315438866615295,0.6501680016517639,0.48166584968566895,0.928497314453125,0.7741333246231079,0.9429904222488403
150,1.0641149725901906,0.4737444818019867,0.31039661169052124,0.8730797171592712,0.66617351770401,0.8924872875213623,1.0641149725901906,0.5104231834411621,0.3426632285118103,0.8996341824531555,0.5780222415924072,0.9316420555114746,0.6501680016517639,0.48166584968566895,0.928497314453125,0.7741333246231079,0.9429904222488403
151,1.0635703276691695,0.4745742678642273,0.31110942363739014,0.8733677268028259,0.6668779253959656,0.8927362561225891,1.0635703276691695,0.5113360285758972,0.3434865474700928,0.8998308777809143,0.5790005922317505,0.9317610263824463,0.6501680016517639,0.48166584968566895,0.928497314453125,0.7741333246231079,0.9429904222488403
152,1.063296524317976,0.47541409730911255,0.31183165311813354,0.8736684918403625,0.6675378084182739,0.8930034637451172,1.063296524317976,0.5122713446617126,0.34433117508888245,0.9000491499900818,0.5799050331115723,0.931911051273346,0.6501680016517639,0.48166584968566895,0.928497314453125,0.7741333246231079,0.9429904222488403
153,1.0632314023230292,0.47626927495002747,0.31256791949272156,0.8739901185035706,0.6681252121925354,0.8933001756668091,1.0632314023230292,0.513098955154419,0.3450793921947479,0.900199294090271,0.5809553861618042,0.931971549987793,0.6501680016517639,0.48166584968566895,0.928497314453125,0.7741333246231079,0.9429904222488403
154,1.0632776788799831,0.47704803943634033,0.31323909759521484,0.874244749546051,0.668860137462616,0.8935096859931946,1.0632776788799831,0.5140345096588135,0.3459262549877167,0.900434136390686,0.5817626714706421,0.9321494698524475,0.6501680016517639,0.48166584968566895,0.928497314453125,0.7741333246231079,0.9429904222488403
155,1.0634774951151047,0.4779116213321686,0.3139841556549072,0.874586820602417,0.6693535447120667,0.8938375115394592,1.0634774951151047,0.5147915482521057,0.3466123342514038,0.9005516171455383,0.5828405618667603,0.9321713447570801,0.6501680016517639,0.48166584968566895,0.928497314453125,0.7741333246231079,0.9429904222488403
156,1.0634431516060878,0.4786384403705597,0.31461194157600403,0.8748071789741516,0.6701264977455139,0.894006073474884,1.0634431516060878,0.5157191157341003,0.34745386242866516,0.9007927775382996,0.5835901498794556,0.9323618412017822,0.6501680016517639,0.48166584968566895,0.928497314453125,0.7741333246231079,0.9429904222488403
157,1.0636674703345448,0.47949397563934326,0.3153516352176666,0.8751543164253235,0.670563280582428,0.8943448066711426,1.0636674703345448,0.516444206237793,0.34811243414878845,0.9008995890617371,0.5846567153930664,0.9323732852935791,0.6501680016517639,0.48166584968566895,0.928497314453125,0.7741333246231079,0.9429904222488403
158,1.0632439269932776,0.4801957607269287,0.31595900654792786,0.8753612041473389,0.6713369488716125,0.8944985270500183,1.0632439269932776,0.5173477530479431,0.34893399477005005,0.9011315107345581,0.5854034423828125,0.9325538277626038,0.6501680016517639,0.48166584968566895,0.928497314453125,0.7741333246231079,0.9429904222488403
159,1.063126404313515,0.48103436827659607,0.3166855573654175,0.8756966590881348,0.6717835068702698,0.8948234915733337,1.063126404313515,0.5180837512016296,0.34960395097732544,0.9012504816055298,0.5864247679710388,0.9325829744338989,0.6501680016517639,0.48166584968566895,0.928497314453125,0.7741333246231079,0.9429904222488403
160,1.0625124697927957,0.4817441999912262,0.3173011243343353,0.8759145736694336,0.6725149154663086,0.894993245601654,1.0625124697927957,0.5189540386199951,0.350396990776062,0.9014616012573242,0.5872141122817993,0.9327365756034851,0.6501680016517639,0.48166584968566895,0.928497314453125,0.7741333246231079,0.9429904222488403
161,1.0621388336202253,0.4825533926486969,0.3180035650730133,0.8762242794036865,0.6730139255523682,0.8952853083610535,1.0621388336202253,0.5197235345840454,0.3510989546775818,0.9016047120094299,0.5881716012954712,0.9327986240386963,0.6501680016517639,0.48166584968566895,0.928497314453125,0.7741333246231079,0.9429904222488403
162,1.0617031119040674,0.4832812547683716,0.31863605976104736,0.8764618635177612,0.6736829876899719,0.8954824209213257,1.0617031119040674,0.5205470323562622,0.3518510162830353,0.9017899632453918,0.589004635810852,0.932919442653656,0.6501680016517639,0.48166584968566895,0.928497314453125,0.7741333246231079,0.9429904222488403
163,1.0613983273234742,0.4840537905693054,0.3193080723285675,0.8767417073249817,0.6742395758628845,0.8957362174987793,1.0613983273234742,0.521337628364563,0.35257384181022644,0.901952862739563,0.5898932814598083,0.9330101013183594,0.6501680016517639,0.48166584968566895,0.928497314453125,0.7741333246231079,0.9429904222488403
164,1.0611609819693582,0.4847954511642456,0.3199538588523865,0.8769966959953308,0.6748456954956055,0.8959583044052124,1.0611609819693582,0.5221222043037415,0.3532918393611908,0.9021148681640625,0.5907732248306274,0.933100700378418,0.6501680016517639,0.48166584968566895,0.928497314453125,0.7741333246231079,0.9429904222488403
165,1.0609856065586367,0.4855322241783142,0.32059597969055176,0.8772500157356262,0.6754452586174011,0.8961791396141052,1.0609856065586367,0.5229219794273376,0.35402458906173706,0.902291476726532,0.5916008949279785,0.933212399482727,0.6501680016517639,0.48166584968566895,0.928497314453125,0.7741333246231079,0.9429904222488403
166,1.0608563835271756,0.4862811863422394,0.321249395608902,0.8775175213813782,0.6759973764419556,0.896419882774353,1.0608563835271756,0.5236610770225525,0.35470250248908997,0.9024316668510437,0.5925049781799316,0.9332765936851501,0.6501680016517639,0.48166584968566895,0.928497314453125,0.7741333246231079,0.9429904222488403
167,1.0607601861590656,0.4869832396507263,0.32186245918273926,0.8777472376823425,0.676628053188324,0.8966119885444641,1.0607601861590656,0.5244585871696472,0.35543468594551086,0.902617871761322,0.5932683348655701,0.933405339717865,0.6501680016517639,0.48166584968566895,0.928497314453125,0.7741333246231079,0.9429904222488403
168,1.0607276040211273,0.4877333641052246,0.32251814007759094,0.8780240416526794,0.6771261096000671,0.896868109703064,1.0607276040211273,0.5251518487930298,0.356071799993515,0.9027355909347534,0.5942002534866333,0.9334421753883362,0.6501680016517639,0.48166584968566895,0.928497314453125,0.7741333246231079,0.9429904222488403
169,1.0607028288846512,0.4883965253829956,0.323098361492157,0.8782289624214172,0.6777853965759277,0.8970303535461426,1.0607028288846512,0.5259563326835632,0.35681188106536865,0.9029347896575928,0.5948995351791382,0.9335914850234985,0.6501680016517639,0.48166584968566895,0.928497314453125,0.7741333246231079,0.9429904222488403
170,1.0608859967772264,0.48914992809295654,0.3237581253051758,0.8785170912742615,0.6782230138778687,0.8973045349121094,1.0608859967772264,0.5265828371047974,0.35738885402679443,0.903022289276123,0.5958592891693115,0.9335921406745911,0.6501680016517639,0.48166584968566895,0.928497314453125,0.7741333246231079,0.9429904222488403
171,1.0609334672768052,0.4897654354572296,0.32429763674736023,0.8786918520927429,0.6789178252220154,0.897430419921875,1.0609334672768052,0.527383029460907,0.3581264019012451,0.9032328128814697,0.5964771509170532,0.93376225233078,0.6501680016517639,0.48166584968566895,0.928497314453125,0.7741333246231079,0.9429904222488403
172,1.0615497607663096,0.4905203878879547,0.32495999336242676,0.878993809223175,0.6792765855789185,0.8977271318435669,1.0615497607663096,0.5279505252838135,0.35864996910095215,0.903293251991272,0.5974634289741516,0.93373042345047,0.6501680016517639,0.48166584968566895,0.928497314453125,0.7741333246231079,0.9429904222488403
173,1.061311228772926,0.49108871817588806,0.3254590332508087,0.8791396021842957,0.680002748966217,0.8978185057640076,1.061311228772926,0.528742253780365,0.3593811094760895,0.9035088419914246,0.5980286002159119,0.9339113235473633,0.6501680016517639,0.48166584968566895,0.928497314453125,0.7741333246231079,0.9429904222488403
174,1.0619587000779123,0.49183616042137146,0.3261159062385559,0.8794453740119934,0.6803142428398132,0.8981236219406128,1.0619587000779123,0.5293115973472595,0.3599073886871338,0.9035742282867432,0.5989904403686523,0.9338874816894531,0.6501680016517639,0.48166584968566895,0.928497314453125,0.7741333246231079,0.9429904222488403
175,1.0608040519898323,0.49240201711654663,0.3266136646270752,0.8795921802520752,0.6810256838798523,0.8982175588607788,1.0608040519898323,0.5300819873809814,0.3606201112270355,0.9037714600563049,0.5996161699295044,0.9340421557426453,0.6501680016517639,0.48166584968566895,0.928497314453125,0.7741333246231079,0.9429904222488403
176,1.0603911025937682,0.4931267499923706,0.327251672744751,0.879873514175415,0.6814073324203491,0.8984895348548889,1.0603911025937682,0.5307061672210693,0.3611981272697449,0.9038718938827515,0.6004939079284668,0.9340651035308838,0.6501680016517639,0.48166584968566895,0.928497314453125,0.7741333246231079,0.9429904222488403
177,1.059423295274182,0.4937346279621124,0.3277873396873474,0.880054235458374,0.6820390224456787,0.8986279368400574,1.059423295274182,0.5314288139343262,0.3618679642677307,0.9040333032608032,0.6012277603149414,0.9341695308685303,0.6501680016517639,0.48166584968566895,0.928497314453125,0.7741333246231079,0.9429904222488403
178,1.0588933010305945,0.4944162964820862,0.3283884525299072,0.8802946209907532,0.6825308203697205,0.8988446593284607,1.0588933010305945,0.5321183204650879,0.3625076413154602,0.904175341129303,0.6020028591156006,0.9342485070228577,0.6501680016517639,0.48166584968566895,0.928497314453125,0.7741333246231079,0.9429904222488403
179,1.058614878601041,0.49506887793540955,0.328964501619339,0.8805130124092102,0.6830666661262512,0.89903324842453,1.058614878601041,0.5327728390693665,0.36311545968055725,0.9042974710464478,0.6028180718421936,0.9343017339706421,0.6501680016517639,0.48166584968566895,0.928497314453125,0.7741333246231079,0.9429904222488403
180,1.0585720051164906,0.4956929683685303,0.32951587438583374,0.8807112574577332,0.6836379170417786,0.8991965055465698,1.0585720051164906,0.5334904193878174,0.3637824058532715,0.90446537733078,0.6034975647926331,0.9344187378883362,0.6501680016517639,0.48166584968566895,0.928497314453125,0.7741333246231079,0.9429904222488403
181,1.0587029204083425,0.4963703751564026,0.33011484146118164,0.8809563517570496,0.684084415435791,0.8994227647781372,1.0587029204083425,0.5340781807899475,0.3643292188644409,0.9045557975769043,0.6043520569801331,0.9344332218170166,0.6501680016517639,0.48166584968566895,0.928497314453125,0.7741333246231079,0.9429904222488403
182,1.0587888636475786,0.4969445765018463,0.33062300086021423,0.8811220526695251,0.6847034096717834,0.8995458483695984,1.0587888636475786,0.5347992777824402,0.3650006651878357,0.9047354459762573,0.6049655675888062,0.9345695972442627,0.6501680016517639,0.48166584968566895,0.928497314453125,0.7741333246231079,0.9429904222488403
183,1.059049219818772,0.49762606620788574,0.33122655749320984,0.8813790082931519,0.6850883960723877,0.8997909426689148,1.059049219818772,0.5353558659553528,0.3655194342136383,0.9048126935958862,0.6058289408683777,0.9345685839653015,0.6501680016517639,0.48166584968566895,0.928497314453125,0.7741333246231079,0.9429904222488403
184,1.0587923635130028,0.49817320704460144,0.3317115306854248,0.8815290927886963,0.6857202649116516,0.8998958468437195,1.0587923635130028,0.5360649824142456,0.3661808371543884,0.9049898982048035,0.6064273715019226,0.9347038865089417,0.6501680016517639,0.48166584968566895,0.928497314453125,0.7741333246231079,0.9429904222488403
185,1.0587961792432905,0.49884501099586487,0.33230748772621155,0.8817821145057678,0.6860971450805664,0.9001372456550598,1.0587961792432905,0.5366213917732239,0.36670032143592834,0.905072033405304,0.6072604060173035,0.9347112774848938,0.6501680016517639,0.48166584968566895,0.928497314453125,0.7741333246231079,0.9429904222488403
186,1.058264501580625,0.49939414858818054,0.33279502391815186,0.8819366097450256,0.6867072582244873,0.9002489447593689,1.058264501580625,0.5373046398162842,0.3673386871814728,0.9052344560623169,0.6078894138336182,0.9348272681236267,0.6501680016517639,0.48166584968566895,0.928497314453125,0.7741333246231079,0.9429904222488403
187,1.0579778155193282,0.5000444054603577,0.33337289094924927,0.8821728229522705,0.687118411064148,0.9004687666893005,1.0579778155193282,0.5378831028938293,0.3678796887397766,0.9053324460983276,0.6086758375167847,0.9348567724227905,0.6501680016517639,0.48166584968566895,0.928497314453125,0.7741333246231079,0.9429904222488403
188,1.0575579771318742,0.5006093978881836,0.33387529850006104,0.8823419809341431,0.6876844167709351,0.9006006717681885,1.0575579771318742,0.5385323762893677,0.3684873878955841,0.905475914478302,0.6093432903289795,0.9349480867385864,0.6501680016517639,0.48166584968566895,0.928497314453125,0.7741333246231079,0.9429904222488403
189,1.057277795718178,0.5012305974960327,0.3344281315803528,0.8825566172599792,0.6881371140480042,0.9007931351661682,1.057277795718178,0.5391356348991394,0.3690524995326996,0.9055905938148499,0.6100831627845764,0.935000479221344,0.6501680016517639,0.48166584968566895,0.928497314453125,0.7741333246231079,0.9429904222488403
190,1.057038439392071,0.5018087029457092,0.3349429965019226,0.8827390670776367,0.6886590719223022,0.9009435772895813,1.057038439392071,0.5397534370422363,0.36963173747062683,0.9057179689407349,0.6107768416404724,0.935071587562561,0.6501680016517639,0.48166584968566895,0.928497314453125,0.7741333246231079,0.9429904222488403
191,1.0568569953630575,0.502400815486908,0.3354708254337311,0.8829345107078552,0.6891416311264038,0.9011120796203613,1.0568569953630575,0.5403633117675781,0.37020397186279297,0.9058423638343811,0.6114703416824341,0.9351392984390259,0.6501680016517639,0.48166584968566895,0.928497314453125,0.7741333246231079,0.9429904222488403
192,1.0567112090621147,0.5029858350753784,0.3359927237033844,0.8831259608268738,0.6896262168884277,0.9012761116027832,1.0567112090621147,0.5409538745880127,0.370758593082428,0.9059563875198364,0.6121842265129089,0.9351935982704163,0.6501680016517639,0.48166584968566895,0.928497314453125,0.7741333246231079,0.9429904222488403
193,1.0565911791396632,0.5035528540611267,0.3364989757537842,0.8833054900169373,0.6901304125785828,0.9014251828193665,1.0565911791396632,0.5415715575218201,0.3713391423225403,0.9060891270637512,0.6128424406051636,0.9352741241455078,0.6501680016517639,0.48166584968566895,0.928497314453125,0.7741333246231079,0.9429904222488403
194,1.0564985635723265,0.5041420459747314,0.33702540397644043,0.8835042119026184,0.6905811429023743,0.9016002416610718,1.0564985635723265,0.5421323776245117,0.3718666732311249,0.9061883091926575,0.6135795712471008,0.9353097677230835,0.6501680016517639,0.48166584968566895,0.928497314453125,0.7741333246231079,0.9429904222488403
195,1.056432461058089,0.5046826601028442,0.33750876784324646,0.8836675882339478,0.6911052465438843,0.9017298221588135,1.056432461058089,0.5427584052085876,0.37245601415634155,0.9063311815261841,0.614192545413971,0.9354058504104614,0.6501680016517639,0.48166584968566895,0.928497314453125,0.7741333246231079,0.9429904222488403
196,1.0564596105058581,0.5052794218063354,0.3380427956581116,0.8838759064674377,0.6915172338485718,0.9019189476966858,1.0564596105058581,0.5432684421539307,0.37293654680252075,0.9064081907272339,0.6149508357048035,0.9354150295257568,0.6501680016517639,0.48166584968566895,0.928497314453125,0.7741333246231079,0.9429904222488403
197,1.0565229019382496,0.50578373670578,0.33849436044692993,0.8840162754058838,0.6920759677886963,0.9020200371742249,1.0565229019382496,0.5439067482948303,0.37353840470314026,0.9065666794776917,0.615490734577179,0.9355355501174927,0.6501680016517639,0.48166584968566895,0.928497314453125,0.7741333246231079,0.9429904222488403
198,1.0569831669809462,0.506390392780304,0.33903801441192627,0.884240448474884,0.6924164891242981,0.902233362197876,1.0569831669809462,0.5443444848060608,0.37395143508911133,0.9066095948219299,0.6162945628166199,0.9355027675628662,0.6501680016517639,0.48166584968566895,0.928497314453125,0.7741333246231079,0.9429904222488403
199,1.0572081830073743,0.5068393349647522,0.33944064378738403,0.8843470811843872,0.6930224299430847,0.9022930860519409,1.0572081830073743,0.5449866056442261,0.3745577931404114,0.9067851305007935,0.6167308688163757,0.9356523156166077,0.6501680016517639,0.48166584968566895,0.928497314453125,0.7741333246231079,0.9429904222488403
