,train_loss,train_dice,train_iou,train_acc,train_sens,train_spec,val_loss,val_dice,val_iou,val_acc,val_sens,val_spec,test_dice,test_iou,test_acc,test_sens,test_spec
0,0.8491900135235664,0.15976256132125854,0.08681627362966537,0.10149669647216797,0.9960965514183044,0.01758401095867157,0.8491900135235664,0.2354825735092163,0.133454367518425,0.5229873657226562,0.811614990234375,0.49426212906837463,0.22804249823093414,0.12869524955749512,0.43243408203125,0.976711094379425,0.38133230805397034
1,0.8477361978352254,0.18546847999095917,0.10221286863088608,0.27681446075439453,0.9601094126701355,0.21272198855876923,0.8477361978352254,0.23544219136238098,0.1334284394979477,0.5249862670898438,0.8080326914787292,0.496816486120224,0.22804249823093414,0.12869524955749512,0.43243408203125,0.976711094379425,0.38133230805397034
2,0.8459368838944867,0.19650667905807495,0.10895891487598419,0.3363396227359772,0.9463455080986023,0.27912160754203796,0.8459368838944867,0.23564723134040833,0.1335601508617401,0.5233408808708191,0.8117554783821106,0.4946368336677551,0.22804249823093414,0.12869524955749512,0.43243408203125,0.976711094379425,0.38133230805397034
3,0.843194852917736,0.2026972621679306,0.11277858912944794,0.36535120010375977,0.9407340884208679,0.3113808035850525,0.843194852917736,0.2357231080532074,0.13360890746116638,0.5206680297851562,0.8166512250900269,0.4912107288837433,0.22804249823093414,0.12869524955749512,0.43243408203125,0.976711094379425,0.38133230805397034
4,0.8397664435574412,0.2066274881362915,0.11521727591753006,0.38207322359085083,0.9383325576782227,0.32989656925201416,0.8397664435574412,0.2359195053577423,0.13373512029647827,0.5168288946151733,0.8240897059440613,0.48624923825263977,0.22804249823093414,0.12869524955749512,0.43243408203125,0.976711094379425,0.38133230805397034
5,0.8364053775884469,0.20935136079788208,0.11691370606422424,0.39245525002479553,0.9379492402076721,0.34128838777542114,0.8364053775884469,0.23609371483325958,0.13384708762168884,0.5129343867301941,0.8315351605415344,0.4812260866165161,0.22804249823093414,0.12869524955749512,0.43243408203125,0.976711094379425,0.38133230805397034
6,0.8340175234597351,0.2113448530435562,0.11815852671861649,0.3993741571903229,0.9384634494781494,0.34880805015563965,0.8340175234597351,0.23647326231002808,0.1340911090373993,0.5086321234703064,0.8406463861465454,0.4755888879299164,0.22804249823093414,0.12869524955749512,0.43243408203125,0.976711094379425,0.38133230805397034
7,0.83278323443452,0.21286001801490784,0.11910651624202728,0.4039113521575928,0.9398569464683533,0.3536401391029358,0.83278323443452,0.23670855164527893,0.134242445230484,0.5034561157226562,0.8506090044975281,0.4689062535762787,0.22804249823093414,0.12869524955749512,0.43243408203125,0.976711094379425,0.38133230805397034
8,0.8321983435544612,0.21402516961097717,0.11983661353588104,0.4067124128341675,0.9419552087783813,0.3565071225166321,0.8321983435544612,0.23664559423923492,0.13420195877552032,0.4970245361328125,0.8613265156745911,0.460767924785614,0.22804249823093414,0.12869524955749512,0.43243408203125,0.976711094379425,0.38133230805397034
9,0.8318963955486534,0.21495278179645538,0.12041854113340378,0.40816745162010193,0.9448326826095581,0.3578287363052368,0.8318963955486534,0.23648500442504883,0.13409866392612457,0.49036866426467896,0.871948778629303,0.45239245891571045,0.22804249823093414,0.12869524955749512,0.43243408203125,0.976711094379425,0.38133230805397034
10,0.8317368490162269,0.21572110056877136,0.12090099602937698,0.408730149269104,0.9482364058494568,0.3581249415874481,0.8317368490162269,0.23629000782966614,0.13397327065467834,0.48426195979118347,0.8814442753791809,0.4447329640388489,0.22804249823093414,0.12869524955749512,0.43243408203125,0.976711094379425,0.38133230805397034
11,0.8316578593487832,0.21633104979991913,0.12128430604934692,0.408748060464859,0.9516288638114929,0.3578263223171234,0.8316578593487832,0.2360893338918686,0.1338442713022232,0.4788430631160736,0.8897153735160828,0.43795159459114075,0.22804249823093414,0.12869524955749512,0.43243408203125,0.976711094379425,0.38133230805397034
12,0.8316205530861901,0.21682575345039368,0.12159538269042969,0.4085655212402344,0.9547021389007568,0.35733839869499207,0.8316205530861901,0.23591452836990356,0.1337319165468216,0.47415807843208313,0.8968437314033508,0.4320909082889557,0.22804249823093414,0.12869524955749512,0.43243408203125,0.976711094379425,0.38133230805397034
13,0.8315923198629941,0.21724894642829895,0.12186162173748016,0.40836063027381897,0.9574142098426819,0.35685986280441284,0.8315923198629941,0.23577436804771423,0.13364183902740479,0.47019195556640625,0.9029055237770081,0.42712676525115967,0.22804249823093414,0.12869524955749512,0.43243408203125,0.976711094379425,0.38133230805397034
14,0.8315592711238025,0.21762259304523468,0.12209680676460266,0.4082223176956177,0.9597432017326355,0.3564901649951935,0.8315592711238025,0.2356709986925125,0.1335754245519638,0.466879278421402,0.9080299139022827,0.4229744076728821,0.22804249823093414,0.12869524955749512,0.43243408203125,0.976711094379425,0.38133230805397034
15,0.8315241137062159,0.21796204149723053,0.12231054902076721,0.40819162130355835,0.961707353591919,0.3562723398208618,0.8315241137062159,0.23560285568237305,0.13353164494037628,0.46415233612060547,0.9123293161392212,0.4195481836795807,0.22804249823093414,0.12869524955749512,0.43243408203125,0.976711094379425,0.38133230805397034
16,0.8314938564274837,0.21827661991119385,0.122508704662323,0.40827476978302,0.9633475542068481,0.3562094271183014,0.8314938564274837,0.23556676506996155,0.13350845873355865,0.46189790964126587,0.9159840941429138,0.4167056381702423,0.22804249823093414,0.12869524955749512,0.43243408203125,0.976711094379425,0.38133230805397034
17,0.8314716685744306,0.21857315301895142,0.12269555777311325,0.4084709882736206,0.9647023677825928,0.35629698634147644,0.8314716685744306,0.23554980754852295,0.13349756598472595,0.4600266218185425,0.9190829396247864,0.41433972120285034,0.22804249823093414,0.12869524955749512,0.43243408203125,0.976711094379425,0.38133230805397034
18,0.8314576655128239,0.2188500612974167,0.12287009507417679,0.40876302123069763,0.9657898545265198,0.35651442408561707,0.8314576655128239,0.23554551601409912,0.1334948092699051,0.4584394693374634,0.9217624068260193,0.41232794523239136,0.22804249823093414,0.12869524955749512,0.43243408203125,0.976711094379425,0.38133230805397034
19,0.8314475058413032,0.2191053330898285,0.12303104251623154,0.4090975224971771,0.9666851758956909,0.3567962944507599,0.8314475058413032,0.23554813861846924,0.13349649310112,0.4570503234863281,0.9241402745246887,0.4105638861656189,0.22804249823093414,0.12869524955749512,0.43243408203125,0.976711094379425,0.38133230805397034
20,0.8314348639870535,0.21934179961681366,0.12318018078804016,0.4094317853450775,0.967474102973938,0.3570878803730011,0.8314348639870535,0.23554657399654388,0.13349549472332,0.4557793140411377,0.9262956380844116,0.40895184874534607,0.22804249823093414,0.12869524955749512,0.43243408203125,0.976711094379425,0.38133230805397034
21,0.8314180512028445,0.2195589393377304,0.12331715226173401,0.40973374247550964,0.9682059288024902,0.3573495149612427,0.8314180512028445,0.23554475605487823,0.1334943175315857,0.454593300819397,0.9283048510551453,0.407447874546051,0.22804249823093414,0.12869524955749512,0.43243408203125,0.976711094379425,0.38133230805397034
22,0.831400098902735,0.21975865960121155,0.12344318628311157,0.4099871516227722,0.9689186215400696,0.3575598895549774,0.831400098902735,0.23554003238677979,0.13349127769470215,0.45346665382385254,0.9301980137825012,0.4060206711292267,0.22804249823093414,0.12869524955749512,0.43243408203125,0.976711094379425,0.38133230805397034
23,0.8313841653846985,0.2199418991804123,0.12355883419513702,0.4101898670196533,0.9696210026741028,0.3577157258987427,0.8313841653846985,0.23553261160850525,0.1334865242242813,0.4524059295654297,0.9319650530815125,0.4046785235404968,0.22804249823093414,0.12869524955749512,0.43243408203125,0.976711094379425,0.38133230805397034
24,0.8313708749361768,0.22010865807533264,0.12366408854722977,0.41035163402557373,0.9702974557876587,0.35782918334007263,0.8313708749361768,0.23552507162094116,0.13348166644573212,0.4514138698577881,0.9336143136024475,0.40342360734939575,0.22804249823093414,0.12869524955749512,0.43243408203125,0.976711094379425,0.38133230805397034
25,0.8313588610494111,0.22026443481445312,0.12376243621110916,0.4104931652545929,0.9709450006484985,0.3579232692718506,0.8313588610494111,0.2355206161737442,0.1334788203239441,0.45049813389778137,0.9351496696472168,0.40226390957832336,0.22804249823093414,0.12869524955749512,0.43243408203125,0.976711094379425,0.38133230805397034
26,0.8313466615233804,0.22041065990924835,0.12385477870702744,0.4106290340423584,0.9715478420257568,0.3580153286457062,0.8313466615233804,0.2355201691389084,0.13347852230072021,0.44966691732406616,0.9365618824958801,0.40120941400527954,0.22804249823093414,0.12869524955749512,0.43243408203125,0.976711094379425,0.38133230805397034
27,0.8313334751277631,0.22054971754550934,0.12394259124994278,0.4107716679573059,0.9720989465713501,0.3581196665763855,0.8313334751277631,0.23552149534225464,0.13347937166690826,0.44892337918281555,0.9378341436386108,0.40026527643203735,0.22804249823093414,0.12869524955749512,0.43243408203125,0.976711094379425,0.38133230805397034
28,0.8313194537190297,0.22068263590335846,0.1240265816450119,0.41093164682388306,0.9725866913795471,0.35824888944625854,0.8313194537190297,0.23552770912647247,0.13348336517810822,0.4482634961605072,0.9389895796775818,0.3994247019290924,0.22804249823093414,0.12869524955749512,0.43243408203125,0.976711094379425,0.38133230805397034
29,0.831305375224495,0.22081252932548523,0.12410863488912582,0.41111576557159424,0.9730170369148254,0.35840991139411926,0.831305375224495,0.23553869128227234,0.1334904283285141,0.44768497347831726,0.9400314688682556,0.39868491888046265,0.22804249823093414,0.12869524955749512,0.43243408203125,0.976711094379425,0.38133230805397034
30,0.831292082636915,0.22093906998634338,0.12418858706951141,0.411321222782135,0.9733931422233582,0.35859936475753784,0.831292082636915,0.23555071651935577,0.1334981471300125,0.4471715986728668,0.9409680962562561,0.398027241230011,0.22804249823093414,0.12869524955749512,0.43243408203125,0.976711094379425,0.38133230805397034
31,0.8312791886955124,0.22106193006038666,0.12426623702049255,0.41153794527053833,0.9737293720245361,0.3588048815727234,0.8312791886955124,0.2355632185935974,0.133506178855896,0.4467003345489502,0.9418355822563171,0.397422730922699,0.22804249823093414,0.12869524955749512,0.43243408203125,0.976711094379425,0.38133230805397034
32,0.8312651102278868,0.22118036448955536,0.12434108555316925,0.41175514459609985,0.9740394949913025,0.3590133786201477,0.8312651102278868,0.23557643592357635,0.1335146725177765,0.44625622034072876,0.9426607489585876,0.3968523144721985,0.22804249823093414,0.12869524955749512,0.43243408203125,0.976711094379425,0.38133230805397034
33,0.831249225949822,0.22129343450069427,0.12441257387399673,0.4119625985622406,0.9743353128433228,0.3592125177383423,0.831249225949822,0.23558959364891052,0.1335231214761734,0.4458317458629608,0.9434522390365601,0.3963068127632141,0.22804249823093414,0.12869524955749512,0.43243408203125,0.976711094379425,0.38133230805397034
34,0.8312326882589541,0.22140105068683624,0.12448059022426605,0.41215530037879944,0.9746243953704834,0.35939618945121765,0.8312326882589541,0.23559987545013428,0.13352973759174347,0.44541800022125244,0.9442105889320374,0.3957764208316803,0.22804249823093414,0.12869524955749512,0.43243408203125,0.976711094379425,0.38133230805397034
35,0.8312155710528055,0.22150449454784393,0.12454599887132645,0.41233527660369873,0.9749106764793396,0.35956621170043945,0.8312155710528055,0.2356080263853073,0.1335349678993225,0.4450210928916931,0.9449291229248047,0.3952684998512268,0.22804249823093414,0.12869524955749512,0.43243408203125,0.976711094379425,0.38133230805397034
36,0.8311976936406376,0.22160392999649048,0.12460887432098389,0.41250720620155334,0.9751875400543213,0.35972827672958374,0.8311976936406376,0.235616996884346,0.13354073464870453,0.4446468949317932,0.9456133246421814,0.3947889506816864,0.22804249823093414,0.12869524955749512,0.43243408203125,0.976711094379425,0.38133230805397034
37,0.8311786120706562,0.22170089185237885,0.12467020750045776,0.41267839074134827,0.9754515290260315,0.35989078879356384,0.8311786120706562,0.23562675714492798,0.13354699313640594,0.44429758191108704,0.9462593793869019,0.3943405747413635,0.22804249823093414,0.12869524955749512,0.43243408203125,0.976711094379425,0.38133230805397034
38,0.8311574731973473,0.22179602086544037,0.12473037093877792,0.4128536880016327,0.9756980538368225,0.36005938053131104,0.8311574731973473,0.23563732206821442,0.13355378806591034,0.4439728558063507,0.9468679428100586,0.39392295479774475,0.22804249823093414,0.12869524955749512,0.43243408203125,0.976711094379425,0.38133230805397034
39,0.8311240341631063,0.2218921035528183,0.12479113787412643,0.41304558515548706,0.9759222269058228,0.36024826765060425,0.8311240341631063,0.2356492131948471,0.13356143236160278,0.44367504119873047,0.9474376440048218,0.39353880286216736,0.22804249823093414,0.12869524955749512,0.43243408203125,0.976711094379425,0.38133230805397034
40,0.8310946388594433,0.2219899296760559,0.12485302239656448,0.41327136754989624,0.9760996103286743,0.36047855019569397,0.8310946388594433,0.23566123843193054,0.1335691660642624,0.4433988332748413,0.9479713439941406,0.3931819796562195,0.22804249823093414,0.12869524955749512,0.43243408203125,0.976711094379425,0.38133230805397034
41,0.8311143468669621,0.22208340466022491,0.12491215765476227,0.41351523995399475,0.9762219786643982,0.3607338070869446,0.8311143468669621,0.23567292094230652,0.1335766613483429,0.4431270360946655,0.948495626449585,0.3928309679031372,0.22804249823093414,0.12869524955749512,0.43243408203125,0.976711094379425,0.38133230805397034
42,0.8310993705280154,0.2221735715866089,0.12496919929981232,0.4137416183948517,0.9763544201850891,0.36096903681755066,0.8310993705280154,0.23567940294742584,0.13358083367347717,0.4428478479385376,0.9490053653717041,0.3924732804298401,0.22804249823093414,0.12869524955749512,0.43243408203125,0.976711094379425,0.38133230805397034
43,0.8310597243502926,0.22226165235042572,0.1250249445438385,0.41393324732780457,0.9765329360961914,0.36116188764572144,0.8310597243502926,0.2356855869293213,0.13358479738235474,0.44256556034088135,0.9495187997817993,0.39211180806159973,0.22804249823093414,0.12869524955749512,0.43243408203125,0.976711094379425,0.38133230805397034
44,0.8310468422083721,0.22234442830085754,0.12507732212543488,0.4140903949737549,0.9767385721206665,0.36131447553634644,0.8310468422083721,0.23569266498088837,0.13358934223651886,0.4422917664051056,0.9500224590301514,0.39176061749458313,0.22804249823093414,0.12869524955749512,0.43243408203125,0.976711094379425,0.38133230805397034
45,0.8310492438924292,0.22242265939712524,0.12512685358524323,0.4142293632030487,0.9769488573074341,0.3614467978477478,0.8310492438924292,0.23569832742214203,0.13359299302101135,0.4420340061187744,0.9504914283752441,0.3914305567741394,0.22804249823093414,0.12869524955749512,0.43243408203125,0.976711094379425,0.38133230805397034
46,0.831041037706252,0.22249849140644073,0.1251748651266098,0.4143676459789276,0.9771466255187988,0.3615794777870178,0.831041037706252,0.23570457100868225,0.1335970014333725,0.44180136919021606,0.9509207010269165,0.3911319971084595,0.22804249823093414,0.12869524955749512,0.43243408203125,0.976711094379425,0.38133230805397034
47,0.831020220814304,0.22257466614246368,0.1252230852842331,0.4145191013813019,0.9773240685462952,0.3617284893989563,0.831020220814304,0.23571349680423737,0.13360273838043213,0.4415968358516693,0.9513162970542908,0.3908677399158478,0.22804249823093414,0.12869524955749512,0.43243408203125,0.976711094379425,0.38133230805397034
48,0.8309994856073959,0.22265197336673737,0.1252720206975937,0.4146953523159027,0.9774664044380188,0.3619078993797302,0.8309994856073959,0.23572546243667603,0.13361041247844696,0.4414202570915222,0.9516802430152893,0.3906373977661133,0.22804249823093414,0.12869524955749512,0.43243408203125,0.976711094379425,0.38133230805397034
49,0.8310019383312903,0.2227296680212021,0.1253211945295334,0.41489455103874207,0.9775723218917847,0.36211585998535156,0.8310019383312903,0.23573744297027588,0.13361811637878418,0.4412553310394287,0.9520246386528015,0.3904217779636383,0.22804249823093414,0.12869524955749512,0.43243408203125,0.976711094379425,0.38133230805397034
50,0.8309926239503969,0.22280526161193848,0.1253690868616104,0.41509148478507996,0.9776701331138611,0.3623220920562744,0.8309926239503969,0.23574897646903992,0.13362553715705872,0.4410901665687561,0.9523670077323914,0.39020606875419617,0.22804249823093414,0.12869524955749512,0.43243408203125,0.976711094379425,0.38133230805397034
51,0.8309717155201425,0.22287796437740326,0.1254151314496994,0.41526609659194946,0.9777886271476746,0.3625020384788513,0.8309717155201425,0.2357589155435562,0.13363191485404968,0.4409201741218567,0.9527092576026917,0.3899851143360138,0.22804249823093414,0.12869524955749512,0.43243408203125,0.976711094379425,0.38133230805397034
52,0.8309692265993458,0.2229461371898651,0.12545830011367798,0.4154168665409088,0.9779213070869446,0.3626544177532196,0.8309692265993458,0.23576746881008148,0.1336374133825302,0.440745085477829,0.953052818775177,0.3897584080696106,0.22804249823093414,0.12869524955749512,0.43243408203125,0.976711094379425,0.38133230805397034
53,0.8309636410566651,0.22301116585731506,0.12549948692321777,0.4155532717704773,0.9780601859092712,0.36279061436653137,0.8309636410566651,0.23577338457107544,0.13364121317863464,0.44056376814842224,0.9533931016921997,0.3895251750946045,0.22804249823093414,0.12869524955749512,0.43243408203125,0.976711094379425,0.38133230805397034
54,0.8309460399166546,0.22307533025741577,0.1255401074886322,0.4156849980354309,0.9782018661499023,0.3629213869571686,0.8309460399166546,0.23577892780303955,0.13364477455615997,0.440377801656723,0.9537393450737,0.38928624987602234,0.22804249823093414,0.12869524955749512,0.43243408203125,0.976711094379425,0.38133230805397034
55,0.8309265637276034,0.22313953936100006,0.1255807876586914,0.4158194363117218,0.9783391356468201,0.363055557012558,0.8309265637276034,0.23578396439552307,0.13364802300930023,0.44018077850341797,0.9541018605232239,0.38903355598449707,0.22804249823093414,0.12869524955749512,0.43243408203125,0.976711094379425,0.38133230805397034
56,0.8309221796444918,0.22320248186588287,0.12562066316604614,0.4159528613090515,0.9784707427024841,0.363189160823822,0.8309221796444918,0.23578673601150513,0.1336497813463211,0.4399659037590027,0.9544826745986938,0.3887593746185303,0.22804249823093414,0.12869524955749512,0.43243408203125,0.976711094379425,0.38133230805397034
57,0.83090485837187,0.22326375544071198,0.12565948069095612,0.4160687029361725,0.9786224365234375,0.36330166459083557,0.83090485837187,0.23578780889511108,0.13365048170089722,0.4397415816783905,0.9548707008361816,0.38847413659095764,0.22804249823093414,0.12869524955749512,0.43243408203125,0.976711094379425,0.38133230805397034
58,0.8308927565830775,0.22332218289375305,0.12569649517536163,0.4161626398563385,0.9787947535514832,0.3633882701396942,0.8308927565830775,0.2357887625694275,0.13365109264850616,0.43952539563179016,0.9552441835403442,0.3881992697715759,0.22804249823093414,0.12869524955749512,0.43243408203125,0.976711094379425,0.38133230805397034
59,0.8308870868392345,0.22337861359119415,0.12573225796222687,0.41625112295150757,0.9789648652076721,0.36346906423568726,0.8308870868392345,0.23579178750514984,0.13365304470062256,0.43933868408203125,0.9555785059928894,0.38796067237854004,0.22804249823093414,0.12869524955749512,0.43243408203125,0.976711094379425,0.38133230805397034
60,0.8308675761555014,0.22343619167804718,0.1257687360048294,0.4163568317890167,0.979112446308136,0.36357083916664124,0.8308675761555014,0.23579862713813782,0.13365742564201355,0.43919697403907776,0.9558562636375427,0.3877772390842438,0.22804249823093414,0.12869524955749512,0.43243408203125,0.976711094379425,0.38133230805397034
61,0.8308498978467447,0.22349655628204346,0.125806987285614,0.41649651527404785,0.9792186617851257,0.36371368169784546,0.8308498978467447,0.23581050336360931,0.1336650550365448,0.439105749130249,0.9560747742652893,0.3876551687717438,0.22804249823093414,0.12869524955749512,0.43243408203125,0.976711094379425,0.38133230805397034
62,0.830848040906259,0.22355781495571136,0.12584581971168518,0.4166651666164398,0.9792813062667847,0.36389222741127014,0.830848040906259,0.23582322895526886,0.13367323577404022,0.43903616070747375,0.9562609195709229,0.3875601589679718,0.22804249823093414,0.12869524955749512,0.43243408203125,0.976711094379425,0.38133230805397034
63,0.8308352147088668,0.2236185371875763,0.1258842945098877,0.41683530807495117,0.9793381094932556,0.3640730381011963,0.8308352147088668,0.2358354777097702,0.13368111848831177,0.4389638900756836,0.9564491510391235,0.38746193051338196,0.22804249823093414,0.12869524955749512,0.43243408203125,0.976711094379425,0.38133230805397034
64,0.8308280862243136,0.22367697954177856,0.1259213387966156,0.41699016094207764,0.9794077277183533,0.36423587799072266,0.8308280862243136,0.23584657907485962,0.13368824124336243,0.438876211643219,0.9566575288772583,0.3873448073863983,0.22804249823093414,0.12869524955749512,0.43243408203125,0.976711094379425,0.38133230805397034
65,0.8308139475651639,0.2237335443496704,0.125957190990448,0.41713109612464905,0.9794899225234985,0.3643823564052582,0.8308139475651639,0.2358560860157013,0.1336943507194519,0.4387730658054352,0.9568838477134705,0.38720884919166565,0.22804249823093414,0.12869524955749512,0.43243408203125,0.976711094379425,0.38133230805397034
66,0.8307985727188321,0.22378996014595032,0.12599296867847443,0.4172702133655548,0.9795742630958557,0.36452656984329224,0.8307985727188321,0.23586462438106537,0.13369983434677124,0.43867015838623047,0.9571046233177185,0.38707372546195984,0.22804249823093414,0.12869524955749512,0.43243408203125,0.976711094379425,0.38133230805397034
67,0.8307957068914917,0.22384576499462128,0.12602834403514862,0.41741839051246643,0.9796398282051086,0.36468249559402466,0.8307957068914917,0.2358746975660324,0.13370631635189056,0.4385809004306793,0.9573103189468384,0.3869551420211792,0.22804249823093414,0.12869524955749512,0.43243408203125,0.976711094379425,0.38133230805397034
68,0.8307795535781487,0.22390130162239075,0.12606355547904968,0.41756799817085266,0.9797013401985168,0.36484038829803467,0.8307795535781487,0.2358875870704651,0.13371460139751434,0.43851470947265625,0.9574916958808899,0.3868643045425415,0.22804249823093414,0.12869524955749512,0.43243408203125,0.976711094379425,0.38133230805397034
69,0.8307630155944957,0.223956897854805,0.12609879672527313,0.41771751642227173,0.9797632098197937,0.36499813199043274,0.8307630155944957,0.23590336740016937,0.13372474908828735,0.4384881258010864,0.9576209187507629,0.3868221938610077,0.22804249823093414,0.12869524955749512,0.43243408203125,0.976711094379425,0.38133230805397034
70,0.8307509005420863,0.2240137904882431,0.12613487243652344,0.4178909957408905,0.9797919392585754,0.3651851713657379,0.8307509005420863,0.23592230677604675,0.13373690843582153,0.43850967288017273,0.9576847553253174,0.38683953881263733,0.22804249823093414,0.12869524955749512,0.43243408203125,0.976711094379425,0.38133230805397034
71,0.8307395276298093,0.2240758091211319,0.126174196600914,0.41810521483421326,0.9797808527946472,0.36542052030563354,0.8307395276298093,0.23594185709953308,0.13374947011470795,0.438517689704895,0.9577749371528625,0.386839359998703,0.22804249823093414,0.12869524955749512,0.43243408203125,0.976711094379425,0.38133230805397034
72,0.8307120570032527,0.2241346836090088,0.12621153891086578,0.4182969331741333,0.9797897338867188,0.3656293749809265,0.8307120570032527,0.2359589785337448,0.1337604820728302,0.43852296471595764,0.9578568339347839,0.38683703541755676,0.22804249823093414,0.12869524955749512,0.43243408203125,0.976711094379425,0.38133230805397034
73,0.8306795528964895,0.22419452667236328,0.1262494921684265,0.41848981380462646,0.9798019528388977,0.3658392131328583,0.8306795528964895,0.23598000407218933,0.13377399742603302,0.43859511613845825,0.9578454494476318,0.38691750168800354,0.22804249823093414,0.12869524955749512,0.43243408203125,0.976711094379425,0.38133230805397034
74,0.8306421369910133,0.2242625653743744,0.1262926310300827,0.4187564551830292,0.9797356724739075,0.3661370575428009,0.8306421369910133,0.23600128293037415,0.13378767669200897,0.438651442527771,0.9578624367713928,0.3869777321815491,0.22804249823093414,0.12869524955749512,0.43243408203125,0.976711094379425,0.38133230805397034
75,0.8305967261851709,0.22432537376880646,0.12633247673511505,0.418969064950943,0.979731023311615,0.3663701117038727,0.8305967261851709,0.23613998293876648,0.13387683033943176,0.4393077790737152,0.9574786424636841,0.38773757219314575,0.22804249823093414,0.12869524955749512,0.43243408203125,0.976711094379425,0.38133230805397034
76,0.8304078117048278,0.22441627085208893,0.12639014422893524,0.41940921545028687,0.9795003533363342,0.366873174905777,0.8304078117048278,0.23634934425354004,0.1340114325284958,0.4422440826892853,0.9535701274871826,0.39135512709617615,0.22804249823093414,0.12869524955749512,0.43243408203125,0.976711094379425,0.38133230805397034
77,0.8304380205229782,0.22465558350086212,0.12654195725917816,0.4211581349372864,0.9778928160667419,0.3689369261264801,0.8304380205229782,0.23636634647846222,0.13402235507965088,0.4421103000640869,0.9538887143135071,0.39117631316185,0.22804249823093414,0.12869524955749512,0.43243408203125,0.976711094379425,0.38133230805397034
78,0.8307511936321693,0.22469164431095123,0.1265648603439331,0.4212011396884918,0.9780226349830627,0.3689717948436737,0.8307511936321693,0.23636597394943237,0.13402211666107178,0.44184577465057373,0.9543390274047852,0.390840619802475,0.22804249823093414,0.12869524955749512,0.43243408203125,0.976711094379425,0.38133230805397034
79,0.8310835312557634,0.2246989756822586,0.12656950950622559,0.42111343145370483,0.9782119989395142,0.36885809898376465,0.8310835312557634,0.23636166751384735,0.13401935994625092,0.4415670335292816,0.954792857170105,0.39048901200294495,0.22804249823093414,0.12869524955749512,0.43243408203125,0.976711094379425,0.38133230805397034
80,0.831143519140579,0.224700927734375,0.12657074630260468,0.42100274562835693,0.978410005569458,0.3687184453010559,0.831143519140579,0.23636291921138763,0.1340201497077942,0.44133758544921875,0.9551917910575867,0.3901970088481903,0.22804249823093414,0.12869524955749512,0.43243408203125,0.976711094379425,0.38133230805397034
81,0.8310395052561252,0.2247103452682495,0.1265767216682434,0.4209239184856415,0.9785960912704468,0.36861473321914673,0.8310395052561252,0.23636707663536072,0.13402283191680908,0.44116973876953125,0.9555007815361023,0.3899817168712616,0.22804249823093414,0.12869524955749512,0.43243408203125,0.976711094379425,0.38133230805397034
82,0.8309541258408055,0.22472722828388214,0.12658743560314178,0.4208908975124359,0.9787468314170837,0.3685644567012787,0.8309541258408055,0.23637503385543823,0.13402794301509857,0.44108691811561584,0.9556844830513,0.38987234234809875,0.22804249823093414,0.12869524955749512,0.43243408203125,0.976711094379425,0.38133230805397034
83,0.8308905119730982,0.22475183010101318,0.12660303711891174,0.4209131896495819,0.978847324848175,0.3685794174671173,0.8308905119730982,0.23639440536499023,0.13404040038585663,0.4411136209964752,0.9557414650917053,0.389896035194397,0.22804249823093414,0.12869524955749512,0.43243408203125,0.976711094379425,0.38133230805397034
84,0.8308877141718585,0.22478219866752625,0.12662231922149658,0.42100203037261963,0.9788677096366882,0.36867472529411316,0.8308877141718585,0.23642520606517792,0.13406020402908325,0.441289484500885,0.9556037187576294,0.3901031017303467,0.22804249823093414,0.12869524955749512,0.43243408203125,0.976711094379425,0.38133230805397034
85,0.8309894638843389,0.2248123735189438,0.12664148211479187,0.4211540222167969,0.978780210018158,0.3688491880893707,0.8309894638843389,0.23645856976509094,0.1340816617012024,0.4415361285209656,0.9553583860397339,0.39039871096611023,0.22804249823093414,0.12869524955749512,0.43243408203125,0.976711094379425,0.38133230805397034
86,0.8310565347003588,0.22484229505062103,0.12666045129299164,0.42132970690727234,0.9786511063575745,0.3690534830093384,0.8310565347003588,0.23648986220359802,0.13410179316997528,0.4417543113231659,0.9551507234573364,0.39065930247306824,0.22804249823093414,0.12869524955749512,0.43243408203125,0.976711094379425,0.38133230805397034
87,0.8310523592150248,0.22487065196037292,0.126678466796875,0.4214910566806793,0.9785374999046326,0.36924058198928833,0.8310523592150248,0.23651351034641266,0.134116992354393,0.4418788254261017,0.9550626873970032,0.3908049762248993,0.22804249823093414,0.12869524955749512,0.43243408203125,0.976711094379425,0.38133230805397034
88,0.8310038060277944,0.22489702701568604,0.1266952008008957,0.4216150939464569,0.9784757494926453,0.3693820536136627,0.8310038060277944,0.23652951419353485,0.13412728905677795,0.44189777970314026,0.9551149010658264,0.39082062244415283,0.22804249823093414,0.12869524955749512,0.43243408203125,0.976711094379425,0.38133230805397034
89,0.8309428505442025,0.2249220460653305,0.12671108543872833,0.4216899573802948,0.9784895181655884,0.36946260929107666,0.8309428505442025,0.23653458058834076,0.1341305524110794,0.44184696674346924,0.9552286863327026,0.3907534182071686,0.22804249823093414,0.12869524955749512,0.43243408203125,0.976711094379425,0.38133230805397034
90,0.8309438711831723,0.2249421924352646,0.12672387063503265,0.4217207431793213,0.9785505533218384,0.3694905638694763,0.8309438711831723,0.23653587698936462,0.13413138687610626,0.4417566955089569,0.9553900361061096,0.3906381130218506,0.22804249823093414,0.12869524955749512,0.43243408203125,0.976711094379425,0.38133230805397034
91,0.8309610126381153,0.22495833039283752,0.12673410773277283,0.42172133922576904,0.978640079498291,0.3694828450679779,0.8309610126381153,0.23653459548950195,0.1341305524110794,0.44163912534713745,0.9555844664573669,0.39048945903778076,0.22804249823093414,0.12869524955749512,0.43243408203125,0.976711094379425,0.38133230805397034
92,0.8309728748062573,0.22497186064720154,0.12674270570278168,0.42170238494873047,0.9787481427192688,0.36945199966430664,0.8309728748062573,0.2365318089723587,0.13412876427173615,0.4415050148963928,0.9557992219924927,0.39032065868377686,0.22804249823093414,0.12869524955749512,0.43243408203125,0.976711094379425,0.38133230805397034
93,0.8309823270807314,0.22498378157615662,0.12675026059150696,0.4216729402542114,0.9788647890090942,0.36940884590148926,0.8309823270807314,0.23652851581573486,0.13412664830684662,0.4413662254810333,0.9560192823410034,0.3901461660861969,0.22804249823093414,0.12869524955749512,0.43243408203125,0.976711094379425,0.38133230805397034
94,0.8309868566552686,0.22499488294124603,0.12675730884075165,0.42163917422294617,0.9789843559265137,0.36936068534851074,0.8309868566552686,0.2365254908800125,0.13412469625473022,0.4412299692630768,0.9562364816665649,0.3899747133255005,0.22804249823093414,0.12869524955749512,0.43243408203125,0.976711094379425,0.38133230805397034
95,0.8309836535928828,0.22500592470169067,0.12676432728767395,0.4216066896915436,0.9791012406349182,0.3693142235279083,0.8309836535928828,0.23652248084545135,0.13412275910377502,0.44110307097435,0.9564377069473267,0.38981515169143677,0.22804249823093414,0.12869524955749512,0.43243408203125,0.976711094379425,0.38133230805397034
96,0.8309732226857508,0.22501754760742188,0.1267717182636261,0.4215802848339081,0.9792113304138184,0.36927497386932373,0.8309732226857508,0.23652032017707825,0.134121373295784,0.4409913420677185,0.9566174149513245,0.38967442512512207,0.22804249823093414,0.12869524955749512,0.43243408203125,0.976711094379425,0.38133230805397034
97,0.8309583232220811,0.2250300943851471,0.1267796754837036,0.42156338691711426,0.9793102741241455,0.3692471981048584,0.8309583232220811,0.2365196943283081,0.13412097096443176,0.440900593996048,0.9567694067955017,0.3895595371723175,0.22804249823093414,0.12869524955749512,0.43243408203125,0.976711094379425,0.38133230805397034
98,0.8309411309843,0.22504475712776184,0.12678897380828857,0.42156097292900085,0.9793967008590698,0.36923640966415405,0.8309411309843,0.236522376537323,0.13412269949913025,0.4408343434333801,0.9568970203399658,0.38947397470474243,0.22804249823093414,0.12869524955749512,0.43243408203125,0.976711094379425,0.38133230805397034
99,0.830925813836175,0.22506093978881836,0.12679924070835114,0.42157408595085144,0.9794653058052063,0.36924439668655396,0.830925813836175,0.23652680218219757,0.13412554562091827,0.44079267978668213,0.9569917321205139,0.38941875100135803,0.22804249823093414,0.12869524955749512,0.43243408203125,0.976711094379425,0.38133230805397034
100,0.8309093781487074,0.22507913410663605,0.12681080400943756,0.4216049611568451,0.9795153737068176,0.36927348375320435,0.8309093781487074,0.2365328073501587,0.13412940502166748,0.440778523683548,0.9570478796958923,0.38939759135246277,0.22804249823093414,0.12869524955749512,0.43243408203125,0.976711094379425,0.38133230805397034
101,0.8308989591488951,0.2250993698835373,0.12682364881038666,0.42165473103523254,0.9795446991920471,0.3693251311779022,0.8308989591488951,0.23654261231422424,0.13413570821285248,0.44079020619392395,0.9570797681808472,0.3894072473049164,0.22804249823093414,0.12869524955749512,0.43243408203125,0.976711094379425,0.38133230805397034
102,0.830894486442424,0.22512046992778778,0.12683704495429993,0.4217207431793213,0.9795513153076172,0.36939671635627747,0.830894486442424,0.2365565150976181,0.1341446489095688,0.4408298134803772,0.9570856690406799,0.38945022225379944,0.22804249823093414,0.12869524955749512,0.43243408203125,0.976711094379425,0.38133230805397034
103,0.8308860600970431,0.225143700838089,0.12685178220272064,0.42180392146110535,0.9795408248901367,0.3694887161254883,0.8308860600970431,0.23657356202602386,0.13415561616420746,0.44089391827583313,0.9570662975311279,0.38952261209487915,0.22804249823093414,0.12869524955749512,0.43243408203125,0.976711094379425,0.38133230805397034
104,0.83088069098802,0.2251676470041275,0.12686699628829956,0.42190036177635193,0.9795119762420654,0.3695968687534332,0.83088069098802,0.23659156262874603,0.13416719436645508,0.44096773862838745,0.9570353031158447,0.38960689306259155,0.22804249823093414,0.12869524955749512,0.43243408203125,0.976711094379425,0.38133230805397034
105,0.8308692370798623,0.22519256174564362,0.12688280642032623,0.4220033586025238,0.9794772863388062,0.36971279978752136,0.8308692370798623,0.23661012947559357,0.13417913019657135,0.4410369396209717,0.9570152163505554,0.3896849751472473,0.22804249823093414,0.12869524955749512,0.43243408203125,0.976711094379425,0.38133230805397034
106,0.8308483345374134,0.2252182513475418,0.1268991082906723,0.42210501432418823,0.9794491529464722,0.36982661485671997,0.8308483345374134,0.23662610352039337,0.1341894119977951,0.4410914480686188,0.9570065140724182,0.3897457718849182,0.22804249823093414,0.12869524955749512,0.43243408203125,0.976711094379425,0.38133230805397034
107,0.8308275321339432,0.2252434492111206,0.1269151270389557,0.4221992492675781,0.9794309139251709,0.3699314296245575,0.8308275321339432,0.2366396188735962,0.1341981142759323,0.4411337077617645,0.9570057988166809,0.3897922933101654,0.22804249823093414,0.12869524955749512,0.43243408203125,0.976711094379425,0.38133230805397034
108,0.8308096177041059,0.2252683937549591,0.12693096697330475,0.4222879707813263,0.97942054271698,0.37002941966056824,0.8308096177041059,0.2366517335176468,0.1342058926820755,0.44117021560668945,0.9570074081420898,0.3898322880268097,0.22804249823093414,0.12869524955749512,0.43243408203125,0.976711094379425,0.38133230805397034
109,0.8307895787995397,0.22529339790344238,0.1269468516111374,0.42237478494644165,0.979413628578186,0.37012505531311035,0.8307895787995397,0.23666423559188843,0.13421393930912018,0.4412079453468323,0.957008957862854,0.3898736238479614,0.22804249823093414,0.12869524955749512,0.43243408203125,0.976711094379425,0.38133230805397034
110,0.8307665305621585,0.22531923651695251,0.12696325778961182,0.4224635660648346,0.9794080257415771,0.37022268772125244,0.8307665305621585,0.23667757213115692,0.13422252237796783,0.44125276803970337,0.9570029377937317,0.38992348313331604,0.22804249823093414,0.12869524955749512,0.43243408203125,0.976711094379425,0.38133230805397034
111,0.8307400639472836,0.225346177816391,0.12698036432266235,0.422558456659317,0.9793983101844788,0.370327353477478,0.8307400639472836,0.23669300973415375,0.13423244655132294,0.441312313079834,0.9569827318191528,0.38999098539352417,0.22804249823093414,0.12869524955749512,0.43243408203125,0.976711094379425,0.38133230805397034
112,0.8307091574249736,0.22537535429000854,0.1269988864660263,0.42266494035720825,0.9793813824653625,0.3704454004764557,0.8307091574249736,0.23671051859855652,0.13424371182918549,0.4413924217224121,0.9569382071495056,0.3900834619998932,0.22804249823093414,0.12869524955749512,0.43243408203125,0.976711094379425,0.38133230805397034
113,0.8306745726485498,0.2254066914319992,0.1270187944173813,0.4227868914604187,0.9793502688407898,0.370581716299057,0.8306745726485498,0.23673133552074432,0.13425709307193756,0.441497802734375,0.9568678736686707,0.39020636677742004,0.22804249823093414,0.12869524955749512,0.43243408203125,0.976711094379425,0.38133230805397034
114,0.8306332619070298,0.22544065117835999,0.1270403414964676,0.42292672395706177,0.9793033599853516,0.37073904275894165,0.8306332619070298,0.23676034808158875,0.13427576422691345,0.441643625497818,0.9567716717720032,0.3903762698173523,0.22804249823093414,0.12869524955749512,0.43243408203125,0.976711094379425,0.38133230805397034
115,0.8305676701625578,0.22547830641269684,0.1270642727613449,0.42309027910232544,0.9792370200157166,0.3709242045879364,0.8305676701625578,0.23682326078414917,0.13431623578071594,0.44194483757019043,0.9565884470939636,0.390725702047348,0.22804249823093414,0.12869524955749512,0.43243408203125,0.976711094379425,0.38133230805397034
116,0.8304256587662806,0.2255246341228485,0.12709370255470276,0.4233035743236542,0.9791346788406372,0.3711671233177185,0.8304256587662806,0.23703616857528687,0.13445322215557098,0.443073034286499,0.9557794332504272,0.3920466899871826,0.22804249823093414,0.12869524955749512,0.43243408203125,0.976711094379425,0.38133230805397034
117,0.8299912245623441,0.2256048172712326,0.12714463472366333,0.42372655868530273,0.9788658022880554,0.3716549575328827,0.8299912245623441,0.23717021942138672,0.13453948497772217,0.445724219083786,0.9519347548484802,0.3953443765640259,0.22804249823093414,0.12869524955749512,0.43243408203125,0.976711094379425,0.38133230805397034
118,0.829592559072016,0.2258245199918747,0.1272841840982437,0.4254123568534851,0.97722989320755,0.37365230917930603,0.829592559072016,0.23746778070926666,0.13473103940486908,0.4477092921733856,0.9500862956047058,0.3977109491825104,0.22804249823093414,0.12869524955749512,0.43243408203125,0.976711094379425,0.38133230805397034
119,0.8297825465485023,0.22593413293361664,0.12735384702682495,0.42609208822250366,0.9766859412193298,0.374446839094162,0.8297825465485023,0.23757730424404144,0.13480153679847717,0.44952067732810974,0.9475429654121399,0.39995574951171875,0.22804249823093414,0.12869524955749512,0.43243408203125,0.976711094379425,0.38133230805397034
120,0.8293035377646226,0.22610090672969818,0.12745985388755798,0.42723459005355835,0.9756712913513184,0.3757917284965515,0.8293035377646226,0.2375437319278717,0.1347799301147461,0.451229453086853,0.9444266557693481,0.40214473009109497,0.22804249823093414,0.12869524955749512,0.43243408203125,0.976711094379425,0.38133230805397034
121,0.8331651204591635,0.2262578308582306,0.1275596022605896,0.42955780029296875,0.9725854992866516,0.37862229347229004,0.8331651204591635,0.23762185871601105,0.13483023643493652,0.4513929486274719,0.9445526003837585,0.40231195092201233,0.22804249823093414,0.12869524955749512,0.43243408203125,0.976711094379425,0.38133230805397034
122,0.8322924851291569,0.22621439397335052,0.1275319755077362,0.4294571578502655,0.9725157022476196,0.3785187304019928,0.8322924851291569,0.2376314252614975,0.13483639061450958,0.4512556195259094,0.9448389410972595,0.40213245153427124,0.22804249823093414,0.12869524955749512,0.43243408203125,0.976711094379425,0.38133230805397034
123,0.8307786690343837,0.2262279987335205,0.12754063308238983,0.4294601082801819,0.9725863337516785,0.3785153329372406,0.8307786690343837,0.23763133585453033,0.1348363310098648,0.45111343264579773,0.9450832605361938,0.4019518196582794,0.22804249823093414,0.12869524955749512,0.43243408203125,0.976711094379425,0.38133230805397034
124,0.8306721035149067,0.2262437343597412,0.1275506466627121,0.42945152521133423,0.9726883769035339,0.3784964084625244,0.8306721035149067,0.23762622475624084,0.13483305275440216,0.4509947597980499,0.9452609419822693,0.4018036425113678,0.22804249823093414,0.12869524955749512,0.43243408203125,0.976711094379425,0.38133230805397034
125,0.8307103430984772,0.22625862061977386,0.127560093998909,0.4294498860836029,0.9727739095687866,0.3784865736961365,0.8307103430984772,0.23762734234333038,0.13483376801013947,0.45093464851379395,0.9453702569007874,0.4017266631126404,0.22804249823093414,0.12869524955749512,0.43243408203125,0.976711094379425,0.38133230805397034
126,0.8306996357618792,0.22627630829811096,0.12757132947444916,0.4294753670692444,0.9728286266326904,0.3785093426704407,0.8306996357618792,0.23763836920261383,0.13484086096286774,0.4509606659412384,0.9453829526901245,0.4017539918422699,0.22804249823093414,0.12869524955749512,0.43243408203125,0.976711094379425,0.38133230805397034
127,0.8307588407110178,0.22629548609256744,0.12758353352546692,0.42954012751579285,0.97282475233078,0.3785805106163025,0.8307588407110178,0.23765605688095093,0.13485226035118103,0.451086163520813,0.945259153842926,0.40190431475639343,0.22804249823093414,0.12869524955749512,0.43243408203125,0.976711094379425,0.38133230805397034
128,0.8309154762424882,0.2263125330209732,0.12759436666965485,0.42963707447052,0.972754180431366,0.378693163394928,0.8309154762424882,0.23768757283687592,0.13487255573272705,0.4513044059276581,0.9450477361679077,0.40216532349586487,0.22804249823093414,0.12869524955749512,0.43243408203125,0.976711094379425,0.38133230805397034
129,0.8310269847653331,0.22632822394371033,0.12760433554649353,0.42975980043411255,0.9726320505142212,0.3788388669490814,0.8310269847653331,0.2377256155014038,0.13489705324172974,0.4515836834907532,0.944765031337738,0.40250054001808167,0.22804249823093414,0.12869524955749512,0.43243408203125,0.976711094379425,0.38133230805397034
130,0.8310942010394244,0.22634369134902954,0.12761418521404266,0.42990219593048096,0.9724750518798828,0.37900933623313904,0.8310942010394244,0.23776401579380035,0.13492178916931152,0.45189881324768066,0.9444223046302795,0.4028811454772949,0.22804249823093414,0.12869524955749512,0.43243408203125,0.976711094379425,0.38133230805397034
131,0.8311407106130084,0.2263592928647995,0.12762410938739777,0.4300576150417328,0.9722966551780701,0.37919601798057556,0.8311407106130084,0.23780113458633423,0.13494567573070526,0.45223468542099,0.9440368413925171,0.4032887816429138,0.22804249823093414,0.12869524955749512,0.43243408203125,0.976711094379425,0.38133230805397034
132,0.8311767958677769,0.22637486457824707,0.1276339888572693,0.43022000789642334,0.9721059203147888,0.379391610622406,0.8311767958677769,0.23783646523952484,0.13496844470500946,0.45257678627967834,0.9436312317848206,0.40370529890060425,0.22804249823093414,0.12869524955749512,0.43243408203125,0.976711094379425,0.38133230805397034
133,0.8312029705249206,0.226389542222023,0.12764333188533783,0.43038299679756165,0.9719093441963196,0.3795883059501648,0.8312029705249206,0.23787063360214233,0.13499045372009277,0.4529098868370056,0.9432347416877747,0.40411102771759033,0.22804249823093414,0.12869524955749512,0.43243408203125,0.976711094379425,0.38133230805397034
134,0.8312130168037554,0.22640347480773926,0.12765218317508698,0.43054062128067017,0.9717177152633667,0.379778653383255,0.8312130168037554,0.2379044145345688,0.1350122094154358,0.4532216489315033,0.942872941493988,0.40448981523513794,0.22804249823093414,0.12869524955749512,0.43243408203125,0.976711094379425,0.38133230805397034
135,0.8312098572204308,0.22641649842262268,0.12766046822071075,0.4306875765323639,0.9715391397476196,0.3799561560153961,0.8312098572204308,0.23793666064739227,0.13503298163414001,0.4535065293312073,0.9425492882728577,0.4048352837562561,0.22804249823093414,0.12869524955749512,0.43243408203125,0.976711094379425,0.38133230805397034
136,0.8312046475693993,0.2264283001422882,0.12766797840595245,0.4308212697505951,0.9713764786720276,0.38011765480041504,0.8312046475693993,0.2379678338766098,0.13505305349826813,0.4537639617919922,0.9422672390937805,0.40514642000198364,0.22804249823093414,0.12869524955749512,0.43243408203125,0.976711094379425,0.38133230805397034
137,0.8312025518322773,0.22643889486789703,0.12767469882965088,0.430941641330719,0.9712297916412354,0.3802630603313446,0.8312025518322773,0.23799820244312286,0.13507261872291565,0.45399564504623413,0.9420253038406372,0.40542519092559814,0.22804249823093414,0.12869524955749512,0.43243408203125,0.976711094379425,0.38133230805397034
138,0.8312012309771952,0.2264481633901596,0.12768059968948364,0.4310489296913147,0.9710980653762817,0.38039276003837585,0.8312012309771952,0.23802529275417328,0.13509008288383484,0.4541999101638794,0.941813588142395,0.4056708812713623,0.22804249823093414,0.12869524955749512,0.43243408203125,0.976711094379425,0.38133230805397034
139,0.8311957972557723,0.22645626962184906,0.12768574059009552,0.43114417791366577,0.9709804058074951,0.38050803542137146,0.8311957972557723,0.23804998397827148,0.13510598242282867,0.4543728530406952,0.9416433572769165,0.405877947807312,0.22804249823093414,0.12869524955749512,0.43243408203125,0.976711094379425,0.38133230805397034
140,0.8311814093053038,0.22646379470825195,0.12769053876399994,0.43122732639312744,0.9708802103996277,0.3806084096431732,0.8311814093053038,0.2380691021680832,0.135118305683136,0.45450955629348755,0.9415066838264465,0.40604186058044434,0.22804249823093414,0.12869524955749512,0.43243408203125,0.976711094379425,0.38133230805397034
141,0.8311592602082968,0.22647081315517426,0.1276950091123581,0.4312977194786072,0.970798909664154,0.3806929886341095,0.8311592602082968,0.23808027803897858,0.13512550294399261,0.4546033442020416,0.941402792930603,0.4061553180217743,0.22804249823093414,0.12869524955749512,0.43243408203125,0.976711094379425,0.38133230805397034
142,0.8311312940785129,0.22647689282894135,0.1276988685131073,0.4313538074493408,0.9707369208335876,0.380760133266449,0.8311312940785129,0.23808808624744415,0.13513052463531494,0.45465952157974243,0.9413463473320007,0.40622273087501526,0.22804249823093414,0.12869524955749512,0.43243408203125,0.976711094379425,0.38133230805397034
143,0.8310862451881182,0.22648319602012634,0.12770287692546844,0.43139517307281494,0.970701277256012,0.3808087110519409,0.8310862451881182,0.23809374868869781,0.13513417541980743,0.4546758830547333,0.9413474202156067,0.4062406122684479,0.22804249823093414,0.12869524955749512,0.43243408203125,0.976711094379425,0.38133230805397034
144,0.8310469708107866,0.22648891806602478,0.12770651280879974,0.43142038583755493,0.9706898927688599,0.3808373510837555,0.8310469708107866,0.23809726536273956,0.1351364403963089,0.4546568691730499,0.9413985013961792,0.4062146246433258,0.22804249823093414,0.12869524955749512,0.43243408203125,0.976711094379425,0.38133230805397034
145,0.831006449404718,0.22649438679218292,0.1277099847793579,0.4314306974411011,0.9707024693489075,0.3808475136756897,0.831006449404718,0.2380976527929306,0.1351366937160492,0.4546041190624237,0.9414916038513184,0.4061473608016968,0.22804249823093414,0.12869524955749512,0.43243408203125,0.976711094379425,0.38133230805397034
146,0.8309727391878046,0.2264992892742157,0.12771311402320862,0.4314264953136444,0.9707369208335876,0.38083964586257935,0.8309727391878046,0.2380947470664978,0.13513481616973877,0.4545249044895172,0.9416131973266602,0.4060481786727905,0.22804249823093414,0.12869524955749512,0.43243408203125,0.976711094379425,0.38133230805397034
147,0.8309508872299178,0.22650352120399475,0.1277157962322235,0.4314083456993103,0.9707913398742676,0.38081470131874084,0.8309508872299178,0.23808865249156952,0.1351308971643448,0.45442721247673035,0.9417502880096436,0.4059270918369293,0.22804249823093414,0.12869524955749512,0.43243408203125,0.976711094379425,0.38133230805397034
148,0.8309430007305709,0.22650666534900665,0.1277177929878235,0.431378573179245,0.9708595871925354,0.38077569007873535,0.8309430007305709,0.23808148503303528,0.1351262778043747,0.4543171226978302,0.9419031143188477,0.40579086542129517,0.22804249823093414,0.12869524955749512,0.43243408203125,0.976711094379425,0.38133230805397034
149,0.8309399320885764,0.22650915384292603,0.12771938741207123,0.4313397705554962,0.970939576625824,0.38072577118873596,0.8309399320885764,0.23807251453399658,0.13512049615383148,0.4541962742805481,0.9420650601387024,0.4056418538093567,0.22804249823093414,0.12869524955749512,0.43243408203125,0.976711094379425,0.38133230805397034
150,0.8309430352314159,0.22651073336601257,0.12772038578987122,0.4312937259674072,0.9710270166397095,0.38066717982292175,0.8309430352314159,0.23806367814540863,0.13511480391025543,0.4540683627128601,0.9422399997711182,0.40548381209373474,0.22804249823093414,0.12869524955749512,0.43243408203125,0.976711094379425,0.38133230805397034
151,0.8309458968468512,0.22651156783103943,0.1277209371328354,0.43124163150787354,0.9711205363273621,0.38060152530670166,0.8309458968468512,0.23805402219295502,0.1351085752248764,0.45393475890159607,0.9424203634262085,0.4053189754486084,0.22804249823093414,0.12869524955749512,0.43243408203125,0.976711094379425,0.38133230805397034
152,0.8309489876506806,0.22651179134845734,0.12772107124328613,0.43118545413017273,0.9712178111076355,0.3805308938026428,0.8309489876506806,0.23804402351379395,0.13510213792324066,0.45379704236984253,0.9426060914993286,0.40514904260635376,0.22804249823093414,0.12869524955749512,0.43243408203125,0.976711094379425,0.38133230805397034
153,0.8309516748999378,0.2265116423368454,0.12772096693515778,0.4311259388923645,0.9713184833526611,0.3804563879966736,0.8309516748999378,0.23803403973579407,0.13509570062160492,0.4536566436290741,0.942796528339386,0.4049757122993469,0.22804249823093414,0.12869524955749512,0.43243408203125,0.976711094379425,0.38133230805397034
154,0.830954139178109,0.22651100158691406,0.12772054970264435,0.4310639798641205,0.9714207053184509,0.3803790211677551,0.830954139178109,0.2380232810974121,0.13508877158164978,0.4535137116909027,0.9429872035980225,0.40479958057403564,0.22804249823093414,0.12869524955749512,0.43243408203125,0.976711094379425,0.38133230805397034
155,0.8309555885654556,0.2265101820230484,0.12772004306316376,0.4310005009174347,0.9715246558189392,0.38029977679252625,0.8309555885654556,0.23801206052303314,0.13508154451847076,0.45336923003196716,0.943178117275238,0.4046217203140259,0.22804249823093414,0.12869524955749512,0.43243408203125,0.976711094379425,0.38133230805397034
156,0.8309554872888346,0.22650915384292603,0.12771937251091003,0.43093588948249817,0.9716291427612305,0.38021937012672424,0.8309554872888346,0.2380005270242691,0.13507412374019623,0.45322364568710327,0.9433693289756775,0.40444260835647583,0.22804249823093414,0.12869524955749512,0.43243408203125,0.976711094379425,0.38133230805397034
157,0.8309543194860578,0.22650809586048126,0.1277187019586563,0.43087083101272583,0.9717344045639038,0.3801383376121521,0.8309543194860578,0.2379888892173767,0.13506662845611572,0.45307791233062744,0.9435602426528931,0.40426337718963623,0.22804249823093414,0.12869524955749512,0.43243408203125,0.976711094379425,0.38133230805397034
158,0.8309528867636585,0.2265070676803589,0.12771804630756378,0.43080565333366394,0.9718399047851562,0.38005712628364563,0.8309528867636585,0.2379772663116455,0.13505913317203522,0.45293235778808594,0.9437508583068848,0.40408435463905334,0.22804249823093414,0.12869524955749512,0.43243408203125,0.976711094379425,0.38133230805397034
159,0.8309515105149057,0.22650595009326935,0.12771734595298767,0.4307406544685364,0.9719447493553162,0.37997618317604065,0.8309515105149057,0.23796594142913818,0.13505183160305023,0.4527878165245056,0.9439412355422974,0.40390652418136597,0.22804249823093414,0.12869524955749512,0.43243408203125,0.976711094379425,0.38133230805397034
160,0.8309501046665213,0.22650481760501862,0.12771661579608917,0.4306758642196655,0.9720490574836731,0.37989553809165955,0.8309501046665213,0.23795458674430847,0.13504453003406525,0.45264458656311035,0.944129228591919,0.4037303030490875,0.22804249823093414,0.12869524955749512,0.43243408203125,0.976711094379425,0.38133230805397034
161,0.8309485461681374,0.22650374472141266,0.12771594524383545,0.4306117296218872,0.9721526503562927,0.3798156678676605,0.8309485461681374,0.2379436045885086,0.13503745198249817,0.4525032043457031,0.9443159103393555,0.4035562574863434,0.22804249823093414,0.12869524955749512,0.43243408203125,0.976711094379425,0.38133230805397034
162,0.8309467636523058,0.22650271654129028,0.12771528959274292,0.43054845929145813,0.9722549915313721,0.37973687052726746,0.8309467636523058,0.23793265223503113,0.13503038883209229,0.4523634612560272,0.9444998502731323,0.40338432788848877,0.22804249823093414,0.12869524955749512,0.43243408203125,0.976711094379425,0.38133230805397034
163,0.8309447310977048,0.22650179266929626,0.12771470844745636,0.4304863214492798,0.9723559617996216,0.37965938448905945,0.8309447310977048,0.23792186379432678,0.13502344489097595,0.45222583413124084,0.9446809887886047,0.4032149910926819,0.22804249823093414,0.12869524955749512,0.43243408203125,0.976711094379425,0.38133230805397034
164,0.8309424668758787,0.2265009731054306,0.12771418690681458,0.4304254651069641,0.9724553227424622,0.3795835077762604,0.8309424668758787,0.2379113882780075,0.13501669466495514,0.4520907402038574,0.9448594450950623,0.40304866433143616,0.22804249823093414,0.12869524955749512,0.43243408203125,0.976711094379425,0.38133230805397034
165,0.830940002132758,0.22650037705898285,0.12771379947662354,0.43036624789237976,0.9725531339645386,0.3795095682144165,0.830940002132758,0.23790085315704346,0.13500991463661194,0.4519581198692322,0.9450331926345825,0.4028855562210083,0.22804249823093414,0.12869524955749512,0.43243408203125,0.976711094379425,0.38133230805397034
166,0.8309373744454207,0.22649988532066345,0.12771348655223846,0.43030858039855957,0.9726487994194031,0.37943756580352783,0.8309373744454207,0.2378907948732376,0.13500343263149261,0.4518284499645233,0.9452043175697327,0.4027259647846222,0.22804249823093414,0.12869524955749512,0.43243408203125,0.976711094379425,0.38133230805397034
167,0.8309345882789546,0.2264994978904724,0.12771324813365936,0.4302527904510498,0.972741961479187,0.37936773896217346,0.8309345882789546,0.2378813922405243,0.1349973827600479,0.45170193910598755,0.9453734755516052,0.4025700092315674,0.22804249823093414,0.12869524955749512,0.43243408203125,0.976711094379425,0.38133230805397034
168,0.8309315784334691,0.2264992892742157,0.12771311402320862,0.43019890785217285,0.9728327989578247,0.3793003261089325,0.8309315784334691,0.23787231743335724,0.13499152660369873,0.4515789747238159,0.9455381035804749,0.40241843461990356,0.22804249823093414,0.12869524955749512,0.43243408203125,0.976711094379425,0.38133230805397034
169,0.8309282412663181,0.22649936378002167,0.1277131587266922,0.43014705181121826,0.9729217290878296,0.37923529744148254,0.8309282412663181,0.23786373436450958,0.1349859982728958,0.4514598250389099,0.9456987977027893,0.40227141976356506,0.22804249823093414,0.12869524955749512,0.43243408203125,0.976711094379425,0.38133230805397034
170,0.8309244913450102,0.22649967670440674,0.1277133673429489,0.4300975203514099,0.9730080366134644,0.37917304039001465,0.8309244913450102,0.23785549402236938,0.1349806934595108,0.45134419202804565,0.9458551406860352,0.4021286964416504,0.22804249823093414,0.12869524955749512,0.43243408203125,0.976711094379425,0.38133230805397034
171,0.8309203044761533,0.22650031745433807,0.12771376967430115,0.43005043268203735,0.9730919599533081,0.3791136145591736,0.8309203044761533,0.2378474324941635,0.13497550785541534,0.4512324333190918,0.9460058212280273,0.4019908308982849,0.22804249823093414,0.12869524955749512,0.43243408203125,0.976711094379425,0.38133230805397034
172,0.8309156218446394,0.2265012264251709,0.12771432101726532,0.4300056993961334,0.9731733798980713,0.37905704975128174,0.8309156218446394,0.23783956468105316,0.13497044146060944,0.4511244595050812,0.9461507797241211,0.4018577039241791,0.22804249823093414,0.12869524955749512,0.43243408203125,0.976711094379425,0.38133230805397034
173,0.8309102588906614,0.22650235891342163,0.12771505117416382,0.42996346950531006,0.9732518196105957,0.37900349497795105,0.8309102588906614,0.237832173705101,0.1349656730890274,0.45102089643478394,0.9462907314300537,0.40172991156578064,0.22804249823093414,0.12869524955749512,0.43243408203125,0.976711094379425,0.38133230805397034
174,0.8309040078727229,0.22650381922721863,0.12771598994731903,0.4299238920211792,0.9733275771141052,0.37895309925079346,0.8309040078727229,0.23782505095005035,0.1349610835313797,0.45092159509658813,0.9464247226715088,0.40160736441612244,0.22804249823093414,0.12869524955749512,0.43243408203125,0.976711094379425,0.38133230805397034
175,0.8308965978145826,0.22650575637817383,0.12771722674369812,0.4298873245716095,0.9734007120132446,0.3789062798023224,0.8308965978145826,0.2378186136484146,0.1349569410085678,0.4508272111415863,0.9465538263320923,0.4014907479286194,0.22804249823093414,0.12869524955749512,0.43243408203125,0.976711094379425,0.38133230805397034
176,0.8308878411901,0.22650814056396484,0.1277187317609787,0.4298540949821472,0.9734706282615662,0.3788633346557617,0.8308878411901,0.23781266808509827,0.134953111410141,0.45073816180229187,0.9466762542724609,0.40138065814971924,0.22804249823093414,0.12869524955749512,0.43243408203125,0.976711094379425,0.38133230805397034
177,0.8308782622431198,0.22651109099388123,0.12772060930728912,0.42982470989227295,0.973537266254425,0.37882494926452637,0.8308782622431198,0.23780745267868042,0.13494975864887238,0.45065516233444214,0.9467921257019043,0.4012778699398041,0.22804249823093414,0.12869524955749512,0.43243408203125,0.976711094379425,0.38133230805397034
178,0.8308692979549399,0.2265145480632782,0.1277228146791458,0.42979925870895386,0.973599910736084,0.3787911832332611,0.8308692979549399,0.23780275881290436,0.13494674861431122,0.4505777657032013,0.9469010233879089,0.4011819362640381,0.22804249823093414,0.12869524955749512,0.43243408203125,0.976711094379425,0.38133230805397034
179,0.8308622151411338,0.22651837766170502,0.1277252435684204,0.42977774143218994,0.9736579060554504,0.37876221537590027,0.8308622151411338,0.23779866099357605,0.1349440962076187,0.450506329536438,0.9470025897026062,0.4010932743549347,0.22804249823093414,0.12869524955749512,0.43243408203125,0.976711094379425,0.38133230805397034
180,0.8308568738959758,0.22652268409729004,0.12772800028324127,0.4297601580619812,0.9737119078636169,0.3787379264831543,0.8308568738959758,0.2377951741218567,0.13494184613227844,0.4504409730434418,0.9470970034599304,0.40101200342178345,0.22804249823093414,0.12869524955749512,0.43243408203125,0.976711094379425,0.38133230805397034
181,0.8308525060371523,0.22652730345726013,0.12773092091083527,0.429746150970459,0.9737614393234253,0.37871795892715454,0.8308525060371523,0.23779210448265076,0.13493987917900085,0.4503812789916992,0.9471839070320129,0.4009377062320709,0.22804249823093414,0.12869524955749512,0.43243408203125,0.976711094379425,0.38133230805397034
182,0.8308489425661156,0.2265324592590332,0.1277341991662979,0.42973607778549194,0.9738073945045471,0.37870264053344727,0.8308489425661156,0.2377893477678299,0.1349380910396576,0.45032623410224915,0.9472643733024597,0.4008691906929016,0.22804249823093414,0.12869524955749512,0.43243408203125,0.976711094379425,0.38133230805397034
183,0.8308464837834699,0.2265378087759018,0.1277376115322113,0.4297291338443756,0.9738489389419556,0.378691166639328,0.8308464837834699,0.23778730630874634,0.13493677973747253,0.4502759873867035,0.9473402500152588,0.4008064270019531,0.22804249823093414,0.12869524955749512,0.43243408203125,0.976711094379425,0.38133230805397034
184,0.8308443879182636,0.2265433520078659,0.12774112820625305,0.42972487211227417,0.9738869667053223,0.3786829113960266,0.8308443879182636,0.23778575658798218,0.13493578135967255,0.45022982358932495,0.9474116563796997,0.4007485508918762,0.22804249823093414,0.12869524955749512,0.43243408203125,0.976711094379425,0.38133230805397034
185,0.830841768292885,0.22654898464679718,0.12774470448493958,0.4297228157520294,0.9739217758178711,0.3786774277687073,0.830841768292885,0.23778443038463593,0.1349349319934845,0.45018693804740906,0.947478711605072,0.40069472789764404,0.22804249823093414,0.12869524955749512,0.43243408203125,0.976711094379425,0.38133230805397034
186,0.8308383458499907,0.22655470669269562,0.12774835526943207,0.4297226667404175,0.9739538431167603,0.3786742687225342,0.8308383458499907,0.23778364062309265,0.1349344104528427,0.4501470923423767,0.947543203830719,0.4006444811820984,0.22804249823093414,0.12869524955749512,0.43243408203125,0.976711094379425,0.38133230805397034
187,0.8308341179085186,0.22656075656414032,0.12775219976902008,0.42972442507743835,0.9739844799041748,0.37867337465286255,0.8308341179085186,0.23778308928012848,0.13493406772613525,0.4501104950904846,0.9476034045219421,0.4005982577800751,0.22804249823093414,0.12869524955749512,0.43243408203125,0.976711094379425,0.38133230805397034
188,0.8308291099837328,0.22656689584255219,0.12775610387325287,0.42972803115844727,0.9740124940872192,0.37867462635040283,0.8308291099837328,0.23778283596038818,0.13493391871452332,0.45007699728012085,0.9476599097251892,0.4005557894706726,0.22804249823093414,0.12869524955749512,0.43243408203125,0.976711094379425,0.38133230805397034
189,0.8308233038273332,0.22657336294651031,0.12776023149490356,0.42973366379737854,0.97403883934021,0.3786783218383789,0.8308233038273332,0.2377830445766449,0.13493403792381287,0.45004644989967346,0.9477135539054871,0.4005168676376343,0.22804249823093414,0.12869524955749512,0.43243408203125,0.976711094379425,0.38133230805397034
190,0.8308166292271331,0.22658024728298187,0.12776458263397217,0.4297417402267456,0.9740631580352783,0.3786848187446594,0.8308166292271331,0.23778414726257324,0.13493473827838898,0.4500207006931305,0.9477635622024536,0.4004835784435272,0.22804249823093414,0.12869524955749512,0.43243408203125,0.976711094379425,0.38133230805397034
191,0.8308090632665763,0.22658756375312805,0.12776923179626465,0.4297528564929962,0.9740849137306213,0.37869498133659363,0.8308090632665763,0.23778682947158813,0.13493648171424866,0.4500022232532501,0.9478095769882202,0.4004586935043335,0.22804249823093414,0.12869524955749512,0.43243408203125,0.976711094379425,0.38133230805397034
192,0.8308010355092319,0.22659547626972198,0.12777428328990936,0.4297676682472229,0.9741036891937256,0.37870943546295166,0.8308010355092319,0.23779110610485077,0.13493923842906952,0.44999033212661743,0.9478524327278137,0.40044134855270386,0.22804249823093414,0.12869524955749512,0.43243408203125,0.976711094379425,0.38133230805397034
193,0.8307937384195452,0.22660383582115173,0.12777957320213318,0.4297863245010376,0.974118173122406,0.378728449344635,0.8307937384195452,0.23779624700546265,0.13494254648685455,0.4499848484992981,0.9478887915611267,0.40043169260025024,0.22804249823093414,0.12869524955749512,0.43243408203125,0.976711094379425,0.38133230805397034
194,0.8307880817982125,0.22661246359348297,0.1277850866317749,0.42980867624282837,0.9741279482841492,0.3787520229816437,0.8307880817982125,0.23780189454555511,0.13494616746902466,0.4499845504760742,0.947918713092804,0.4004283845424652,0.22804249823093414,0.12869524955749512,0.43243408203125,0.976711094379425,0.38133230805397034
195,0.8307835601199559,0.22662140429019928,0.12779076397418976,0.42983412742614746,0.9741342067718506,0.37877923250198364,0.8307835601199559,0.23780815303325653,0.1349502056837082,0.44998812675476074,0.9479453563690186,0.4004296660423279,0.22804249823093414,0.12869524955749512,0.43243408203125,0.976711094379425,0.38133230805397034
196,0.8307787302136798,0.22663064301013947,0.12779663503170013,0.4298619031906128,0.9741381406784058,0.37880921363830566,0.8307787302136798,0.23781464993953705,0.13495439291000366,0.4499930739402771,0.9479708075523376,0.4004325866699219,0.22804249823093414,0.12869524955749512,0.43243408203125,0.976711094379425,0.38133230805397034
197,0.8307723730065271,0.22664007544517517,0.12780264019966125,0.4298907518386841,0.9741412997245789,0.37884053587913513,0.8307723730065271,0.23782098293304443,0.13495847582817078,0.4499976336956024,0.9479960799217224,0.40043509006500244,0.22804249823093414,0.12869524955749512,0.43243408203125,0.976711094379425,0.38133230805397034
198,0.8307643157734844,0.22664959728717804,0.12780869007110596,0.429919570684433,0.9741448163986206,0.3788716793060303,0.8307643157734844,0.23782718181610107,0.13496245443820953,0.45000043511390686,0.9480235576629639,0.4004354178905487,0.22804249823093414,0.12869524955749512,0.43243408203125,0.976711094379425,0.38133230805397034
199,0.8307552499645601,0.22665905952453613,0.12781472504138947,0.42994755506515503,0.974149763584137,0.3789018392562866,0.8307552499645601,0.23783259093761444,0.1349659562110901,0.4499993920326233,0.948053777217865,0.4004312753677368,0.22804249823093414,0.12869524955749512,0.43243408203125,0.976711094379425,0.38133230805397034
