,train_loss,train_dice,train_iou,train_acc,train_sens,train_spec,val_loss,val_dice,val_iou,val_acc,val_sens,val_spec,test_dice,test_iou,test_acc,test_sens,test_spec
0,0.9494624635451601,0.15763068199157715,0.08555868268013,0.11257743835449219,0.9681307673454285,0.03231849893927574,0.9494624635451601,0.0,0.0,0.90557861328125,0.0,0.9957050085067749,0.0,0.0,0.9141693115234375,0.0,1.0
1,0.8855598359696728,0.14525017142295837,0.07831254601478577,0.5113577842712402,0.48393192887306213,0.5139315724372864,0.8855598359696728,0.0,0.0,0.90753173828125,0.0,0.9978525042533875,0.0,0.0,0.9141693115234375,0.0,1.0
2,0.8036885456944205,0.13512380421161652,0.07245725393295288,0.6456769108772278,0.32275763154029846,0.6759672164916992,0.8036885456944205,0.0,0.0,0.9081827998161316,0.0,0.9985683560371399,0.0,0.0,0.9141693115234375,0.0,1.0
3,0.7183419097743111,0.1263069361448288,0.06741068512201309,0.7128093242645264,0.2420426458120346,0.7569730281829834,0.7183419097743111,0.0,0.0,0.90850830078125,0.0,0.9989262223243713,0.0,0.0,0.9141693115234375,0.0,1.0
4,0.6935188165311625,0.11857721209526062,0.06302528828382492,0.7531053423881531,0.19365930557250977,0.8055807948112488,0.6935188165311625,0.0,0.0,0.908703625202179,0.0,0.9991409778594971,0.0,0.0,0.9141693115234375,0.0,1.0
5,0.6931509371618085,0.11173348873853683,0.05917252227663994,0.779957115650177,0.16137371957302094,0.8379831314086914,0.6931509371618085,0.0,0.0,0.9088338017463684,0.0,0.9992841482162476,0.0,0.0,0.9141693115234375,0.0,1.0
6,0.6931473685176939,0.10562767088413239,0.05575866624712944,0.799117922782898,0.13828405737876892,0.8611249923706055,0.6931473685176939,0.0,0.0,0.9089268445968628,0.0,0.9993864297866821,0.0,0.0,0.9141693115234375,0.0,1.0
7,0.6931471908275604,0.10016070306301117,0.05272061750292778,0.8135011196136475,0.12099256366491318,0.878483772277832,0.6931471908275604,0.0,0.0,0.90899658203125,0.0,0.9994631409645081,0.0,0.0,0.9141693115234375,0.0,1.0
8,0.6931471825696709,0.09523522853851318,0.04999842122197151,0.8246950507164001,0.10755357891321182,0.8919860124588013,0.6931471825696709,0.0,0.0,0.9090508222579956,0.0,0.9995228052139282,0.0,0.0,0.9141693115234375,0.0,1.0
9,0.6931471824653812,0.09077422320842743,0.047545045614242554,0.8336557149887085,0.0968078002333641,0.9027883410453796,0.6931471824653812,0.0,0.0,0.9090942144393921,0.0,0.9995704889297485,0.0,0.0,0.9141693115234375,0.0,1.0
10,0.6931471824646002,0.0867094174027443,0.04531952366232872,0.840981125831604,0.08800798654556274,0.911625862121582,0.6931471824646002,0.0,0.0,0.9091297388076782,0.0,0.9996095299720764,0.0,0.0,0.9141693115234375,0.0,1.0
11,0.6931471824645996,0.08299862593412399,0.04329606890678406,0.847096860408783,0.08068522065877914,0.9189913868904114,0.6931471824645996,0.0,0.0,0.9091593623161316,0.0,0.9996420741081238,0.0,0.0,0.9141693115234375,0.0,1.0
12,0.6931471824645996,0.07958546280860901,0.041441816836595535,0.8522576689720154,0.07447526603937149,0.9252225160598755,0.6931471824645996,0.0,0.0,0.9091843962669373,0.0,0.99966961145401,0.0,0.0,0.9141693115234375,0.0,1.0
13,0.6931471824645996,0.07643958181142807,0.03973859176039696,0.856676459312439,0.06914905458688736,0.9305631518363953,0.6931471824645996,0.0,0.0,0.9092058539390564,0.0,0.9996932148933411,0.0,0.0,0.9141693115234375,0.0,1.0
14,0.6931471824645996,0.07353325933218002,0.03817001357674599,0.8605067133903503,0.06453429907560349,0.935191810131073,0.6931471824645996,0.0,0.0,0.9092244505882263,0.0,0.999713659286499,0.0,0.0,0.9141693115234375,0.0,1.0
15,0.6931471824645996,0.07084160298109055,0.03672150894999504,0.8638617992401123,0.06049951910972595,0.9392421841621399,0.6931471824645996,0.0,0.0,0.90924072265625,0.0,0.9997315406799316,0.0,0.0,0.9141693115234375,0.0,1.0
16,0.6931471824645996,0.06834063678979874,0.03537923842668533,0.8668234348297119,0.05694039165973663,0.9428161382675171,0.6931471824645996,0.0,0.0,0.9092550873756409,0.0,0.9997473359107971,0.0,0.0,0.9141693115234375,0.0,1.0
17,0.6931471824645996,0.06601148098707199,0.034132301807403564,0.8694586157798767,0.05377841740846634,0.9459932446479797,0.6931471824645996,0.0,0.0,0.9092678427696228,0.0,0.9997614026069641,0.0,0.0,0.9141693115234375,0.0,1.0
18,0.6931471824645996,0.06383422017097473,0.0329693965613842,0.8718129396438599,0.05094705894589424,0.9488354921340942,0.6931471824645996,0.0,0.0,0.9092792868614197,0.0,0.9997739195823669,0.0,0.0,0.9141693115234375,0.0,1.0
19,0.6931471824645996,0.061798229813575745,0.03188431262969971,0.873936653137207,0.048401664942502975,0.9513939023017883,0.6931471824645996,0.0,0.0,0.909289538860321,0.0,0.9997852444648743,0.0,0.0,0.9141693115234375,0.0,1.0
20,0.6931471824645996,0.0598878376185894,0.03086823597550392,0.8758575916290283,0.04609819874167442,0.9537085890769958,0.6931471824645996,0.0,0.0,0.909298837184906,0.0,0.9997954964637756,0.0,0.0,0.9141693115234375,0.0,1.0
21,0.6931471824645996,0.05809196084737778,0.029914887621998787,0.8776037096977234,0.04400394856929779,0.9558128714561462,0.6931471824645996,0.0,0.0,0.9093073010444641,0.0,0.9998047947883606,0.0,0.0,0.9141693115234375,0.0,1.0
22,0.6931471824645996,0.056400906294584274,0.029018796980381012,0.8791984915733337,0.04209200292825699,0.9577342867851257,0.6931471824645996,0.0,0.0,0.9093150496482849,0.0,0.9998132586479187,0.0,0.0,0.9141693115234375,0.0,1.0
23,0.6931471824645996,0.05480504035949707,0.028174573555588722,0.8806594014167786,0.04033875837922096,0.9594953060150146,0.6931471824645996,0.0,0.0,0.9093220829963684,0.0,0.9998210668563843,0.0,0.0,0.9141693115234375,0.0,1.0
24,0.6931471824645996,0.0532977469265461,0.02737847901880741,0.8820051550865173,0.03872651979327202,0.9611155986785889,0.6931471824645996,0.0,0.0,0.9093286395072937,0.0,0.9998282194137573,0.0,0.0,0.9141693115234375,0.0,1.0
25,0.6931471824645996,0.051871903240680695,0.02662653662264347,0.8832491636276245,0.03723898530006409,0.9626113772392273,0.6931471824645996,0.0,0.0,0.9093345999717712,0.0,0.9998348355293274,0.0,0.0,0.9141693115234375,0.0,1.0
26,0.6931471824645996,0.0505157895386219,0.025912387296557426,0.8843899369239807,0.03585689142346382,0.9639959335327148,0.6931471824645996,0.0,0.0,0.9093402028083801,0.0,0.9998409152030945,0.0,0.0,0.9141693115234375,0.0,1.0
27,0.6931471824645996,0.04923204705119133,0.02523726411163807,0.8854573369026184,0.03457694500684738,0.9652818441390991,0.6931471824645996,0.0,0.0,0.9093453288078308,0.0,0.9998465776443481,0.0,0.0,0.9141693115234375,0.0,1.0
28,0.6931471824645996,0.04801168292760849,0.02459629625082016,0.886450469493866,0.033384982496500015,0.9664790630340576,0.6931471824645996,0.0,0.0,0.9093501567840576,0.0,0.9998518824577332,0.0,0.0,0.9141693115234375,0.0,1.0
29,0.6931471824645996,0.04685091972351074,0.02398737519979477,0.8873788118362427,0.03227299824357033,0.9675964117050171,0.6931471824645996,0.0,0.0,0.9093546271324158,0.0,0.9998568296432495,0.0,0.0,0.9141693115234375,0.0,1.0
30,0.6931471824645996,0.04574394226074219,0.0234073419123888,0.88824462890625,0.031231751665472984,0.9686417579650879,0.6931471824645996,0.0,0.0,0.9093588590621948,0.0,0.999861478805542,0.0,0.0,0.9141693115234375,0.0,1.0
31,0.6931471824645996,0.04468805342912674,0.022854691371321678,0.8890563249588013,0.030255582183599472,0.9696216583251953,0.6931471824645996,0.0,0.0,0.90936279296875,0.0,0.9998657703399658,0.0,0.0,0.9141693115234375,0.0,1.0
32,0.6931471824645996,0.043680138885974884,0.022327708080410957,0.8898197412490845,0.029338883236050606,0.9705421924591064,0.6931471824645996,0.0,0.0,0.9093664884567261,0.0,0.9998698234558105,0.0,0.0,0.9141693115234375,0.0,1.0
33,0.6931471824645996,0.04271585866808891,0.021824046969413757,0.8905359506607056,0.028475362807512283,0.9714086055755615,0.6931471824645996,0.0,0.0,0.909369945526123,0.0,0.999873697757721,0.0,0.0,0.9141693115234375,0.0,1.0
34,0.6931471824645996,0.04179393872618675,0.021342972293496132,0.8912132382392883,0.02766183577477932,0.9722254276275635,0.6931471824645996,0.0,0.0,0.9093732833862305,0.0,0.9998772740364075,0.0,0.0,0.9141693115234375,0.0,1.0
35,0.6931471824645996,0.04091133549809456,0.02088283933699131,0.8918537497520447,0.026893818750977516,0.9729970693588257,0.6931471824645996,0.0,0.0,0.9093763828277588,0.0,0.9998806715011597,0.0,0.0,0.9141693115234375,0.0,1.0
36,0.6931471824645996,0.040063776075839996,0.020441366359591484,0.8924556374549866,0.026166044175624847,0.973726749420166,0.6931471824645996,0.0,0.0,0.9093793034553528,0.0,0.9998838901519775,0.0,0.0,0.9141693115234375,0.0,1.0
37,0.6931471824645996,0.03925123065710068,0.02001849003136158,0.893027663230896,0.02547713741660118,0.9744181632995605,0.6931471824645996,0.0,0.0,0.9093820452690125,0.0,0.9998869895935059,0.0,0.0,0.9141693115234375,0.0,1.0
38,0.6931471824645996,0.03847090154886246,0.019612710922956467,0.8935699462890625,0.0248235035687685,0.975074052810669,0.6931471824645996,0.0,0.0,0.9093847274780273,0.0,0.9998898506164551,0.0,0.0,0.9141693115234375,0.0,1.0
39,0.6931471824645996,0.03772060573101044,0.01922285184264183,0.894084095954895,0.024202246218919754,0.9756971597671509,0.6931471824645996,0.0,0.0,0.9093872308731079,0.0,0.9998926520347595,0.0,0.0,0.9141693115234375,0.0,1.0
40,0.6931471824645996,0.037000954151153564,0.018849195912480354,0.8945788741111755,0.02361290715634823,0.9762899875640869,0.6931471824645996,0.0,0.0,0.9093896150588989,0.0,0.9998952150344849,0.0,0.0,0.9141693115234375,0.0,1.0
41,0.6931471824645996,0.036306820809841156,0.01848904974758625,0.8950457572937012,0.02305043488740921,0.9768545031547546,0.6931471824645996,0.0,0.0,0.9093918800354004,0.0,0.9998977184295654,0.0,0.0,0.9141693115234375,0.0,1.0
42,0.6931471824645996,0.03563826531171799,0.018142415210604668,0.8954910635948181,0.02251414768397808,0.9773926138877869,0.6931471824645996,0.0,0.0,0.9093940258026123,0.0,0.9999001026153564,0.0,0.0,0.9141693115234375,0.0,1.0
43,0.6931471824645996,0.03499468043446541,0.017808949574828148,0.8959184885025024,0.022002875804901123,0.9779064655303955,0.6931471824645996,0.0,0.0,0.9093961119651794,0.0,0.9999023675918579,0.0,0.0,0.9141693115234375,0.0,1.0
44,0.6931471824645996,0.03437425196170807,0.01748768985271454,0.8963279724121094,0.021514564752578735,0.9783974885940552,0.6931471824645996,0.0,0.0,0.909398078918457,0.0,0.9999045729637146,0.0,0.0,0.9141693115234375,0.0,1.0
45,0.6931471824645996,0.033774714916944504,0.017177438363432884,0.8967173099517822,0.021046891808509827,0.97886723279953,0.6931471824645996,0.0,0.0,0.9093999266624451,0.0,0.9999066591262817,0.0,0.0,0.9141693115234375,0.0,1.0
46,0.6931471824645996,0.03319508582353592,0.01687767170369625,0.8970880508422852,0.020598620176315308,0.9793168306350708,0.6931471824645996,0.0,0.0,0.9094017744064331,0.0,0.9999086260795593,0.0,0.0,0.9141693115234375,0.0,1.0
47,0.6931471824645996,0.03263599053025246,0.016588689759373665,0.8974464535713196,0.02016979083418846,0.9797477126121521,0.6931471824645996,0.0,0.0,0.9094035029411316,0.0,0.9999105334281921,0.0,0.0,0.9141693115234375,0.0,1.0
48,0.6931471824645996,0.03209545090794563,0.016309455037117004,0.8977904319763184,0.019758477807044983,0.9801610708236694,0.6931471824645996,0.0,0.0,0.9094051718711853,0.0,0.9999123215675354,0.0,0.0,0.9141693115234375,0.0,1.0
49,0.6931471824645996,0.03157280012965202,0.016039608046412468,0.8981214761734009,0.01936381123960018,0.980557918548584,0.6931471824645996,0.0,0.0,0.9094067215919495,0.0,0.9999141097068787,0.0,0.0,0.9141693115234375,0.0,1.0
50,0.6931471824645996,0.031065840274095535,0.01577799767255783,0.8984360098838806,0.018983813002705574,0.9809390902519226,0.6931471824645996,0.0,0.0,0.9094082713127136,0.0,0.9999157786369324,0.0,0.0,0.9141693115234375,0.0,1.0
51,0.6931471824645996,0.03057558462023735,0.015525137074291706,0.8987407684326172,0.01861894689500332,0.9813056588172913,0.6931471824645996,0.0,0.0,0.909409761428833,0.0,0.9999173879623413,0.0,0.0,0.9141693115234375,0.0,1.0
52,0.6931471824645996,0.030099917203187943,0.015279920771718025,0.8990318775177002,0.018267367035150528,0.9816583395004272,0.6931471824645996,0.0,0.0,0.9094111323356628,0.0,0.9999189376831055,0.0,0.0,0.9141693115234375,0.0,1.0
53,0.6931471824645996,0.02963908575475216,0.015042465180158615,0.8993130326271057,0.017929010093212128,0.9819980263710022,0.6931471824645996,0.0,0.0,0.9094125032424927,0.0,0.9999204874038696,0.0,0.0,0.9141693115234375,0.0,1.0
54,0.6931471824645996,0.02919195592403412,0.014812176115810871,0.8995832800865173,0.017602818086743355,0.9823253154754639,0.6931471824645996,0.0,0.0,0.9094138145446777,0.0,0.9999219179153442,0.0,0.0,0.9141693115234375,0.0,1.0
55,0.6931471824645996,0.02875879593193531,0.014589181169867516,0.8998462557792664,0.017288774251937866,0.9826409220695496,0.6931471824645996,0.0,0.0,0.9094151258468628,0.0,0.9999232888221741,0.0,0.0,0.9141693115234375,0.0,1.0
56,0.6931471824645996,0.028337858617305756,0.014372573234140873,0.9000985026359558,0.016985420137643814,0.9829455018043518,0.6931471824645996,0.0,0.0,0.9094163179397583,0.0,0.9999246597290039,0.0,0.0,0.9141693115234375,0.0,1.0
57,0.6931471824645996,0.02792944945394993,0.014162499457597733,0.9003434181213379,0.01669280044734478,0.983239471912384,0.6931471824645996,0.0,0.0,0.9094175100326538,0.0,0.999925971031189,0.0,0.0,0.9141693115234375,0.0,1.0
58,0.6931471824645996,0.027532724663615227,0.01395852118730545,0.9005803465843201,0.01641015149652958,0.9835236668586731,0.6931471824645996,0.0,0.0,0.9094186425209045,0.0,0.9999272227287292,0.0,0.0,0.9141693115234375,0.0,1.0
59,0.6931471824645996,0.027146881446242332,0.013760214671492577,0.9008084535598755,0.01613675057888031,0.9837982654571533,0.6931471824645996,0.0,0.0,0.9094197750091553,0.0,0.9999284148216248,0.0,0.0,0.9141693115234375,0.0,1.0
60,0.6931471824645996,0.02677142806351185,0.013567321933805943,0.901028037071228,0.015872115269303322,0.9840638637542725,0.6931471824645996,0.0,0.0,0.9094208478927612,0.0,0.9999296069145203,0.0,0.0,0.9141693115234375,0.0,1.0
61,0.6931471824645996,0.02640625275671482,0.013379781506955624,0.9012407064437866,0.015616046264767647,0.984320878982544,0.6931471824645996,0.0,0.0,0.9094218611717224,0.0,0.999930739402771,0.0,0.0,0.9141693115234375,0.0,1.0
62,0.6931471824645996,0.02605091594159603,0.013197359628975391,0.9014466404914856,0.015368113294243813,0.984569787979126,0.6931471824645996,0.0,0.0,0.9094228744506836,0.0,0.999931812286377,0.0,0.0,0.9141693115234375,0.0,1.0
63,0.6931471824645996,0.025704702362418175,0.013019684702157974,0.9016449451446533,0.015127714723348618,0.9848107695579529,0.6931471824645996,0.0,0.0,0.909423828125,0.0,0.9999328851699829,0.0,0.0,0.9141693115234375,0.0,1.0
64,0.6931471824645996,0.02536831982433796,0.0128471152856946,0.901840090751648,0.014895238913595676,0.985044538974762,0.6931471824645996,0.0,0.0,0.9094247817993164,0.0,0.9999338984489441,0.0,0.0,0.9141693115234375,0.0,1.0
65,0.6931471824645996,0.02504029870033264,0.012678890489041805,0.9020280838012695,0.014669572003185749,0.985271155834198,0.6931471824645996,0.0,0.0,0.909425675868988,0.0,0.9999349117279053,0.0,0.0,0.9141693115234375,0.0,1.0
66,0.6931471824645996,0.0247208159416914,0.012515099719166756,0.9022109508514404,0.014450754038989544,0.9854909777641296,0.6931471824645996,0.0,0.0,0.9094265699386597,0.0,0.9999359250068665,0.0,0.0,0.9141693115234375,0.0,1.0
67,0.6931471824645996,0.024409307166934013,0.012355447746813297,0.9023882746696472,0.014238317497074604,0.9857043027877808,0.6931471824645996,0.0,0.0,0.9094274044036865,0.0,0.9999368190765381,0.0,0.0,0.9141693115234375,0.0,1.0
68,0.6931471824645996,0.024105358868837357,0.01219971850514412,0.9025596380233765,0.014031903818249702,0.9859115481376648,0.6931471824645996,0.0,0.0,0.9094282388687134,0.0,0.9999377727508545,0.0,0.0,0.9141693115234375,0.0,1.0
69,0.6931471824645996,0.023808855563402176,0.012047851458191872,0.9027259945869446,0.013831370510160923,0.9861127734184265,0.6931471824645996,0.0,0.0,0.9094290733337402,0.0,0.9999386668205261,0.0,0.0,0.9141693115234375,0.0,1.0
70,0.6931471824645996,0.023519454523921013,0.01189966406673193,0.9028871655464172,0.01363641768693924,0.9863082766532898,0.6931471824645996,0.0,0.0,0.9094298481941223,0.0,0.999939501285553,0.0,0.0,0.9141693115234375,0.0,1.0
71,0.6931471824645996,0.023236965760588646,0.011755058541893959,0.9030437469482422,0.01344685722142458,0.9864985346794128,0.6931471824645996,0.0,0.0,0.9094306230545044,0.0,0.9999403357505798,0.0,0.0,0.9141693115234375,0.0,1.0
72,0.6931471824645996,0.022961214184761047,0.011613941751420498,0.9031961560249329,0.01326251681894064,0.9866834282875061,0.6931471824645996,0.0,0.0,0.9094313383102417,0.0,0.9999411702156067,0.0,0.0,0.9141693115234375,0.0,1.0
73,0.6931471824645996,0.022692613303661346,0.01147652231156826,0.9033474326133728,0.013083616271615028,0.9868634343147278,0.6931471824645996,0.0,0.0,0.909432053565979,0.0,0.9999419450759888,0.0,0.0,0.9141693115234375,0.0,1.0
74,0.6931471824645996,0.02242961898446083,0.011342008598148823,0.9034919142723083,0.012909078039228916,0.9870386123657227,0.6931471824645996,0.0,0.0,0.9094327688217163,0.0,0.9999427199363708,0.0,0.0,0.9141693115234375,0.0,1.0
75,0.6931471824645996,0.022172557190060616,0.011210561729967594,0.9036323428153992,0.012739071622490883,0.987209141254425,0.6931471824645996,0.0,0.0,0.9094334840774536,0.0,0.9999434947967529,0.0,0.0,0.9141693115234375,0.0,1.0
76,0.6931471824645996,0.021920805796980858,0.011081865057349205,0.9037666916847229,0.01257314719259739,0.9873750805854797,0.6931471824645996,0.0,0.0,0.9094341397285461,0.0,0.9999442100524902,0.0,0.0,0.9141693115234375,0.0,1.0
77,0.6931471824645996,0.02167530171573162,0.010956392623484135,0.9039003252983093,0.012411878444254398,0.9875370264053345,0.6931471824645996,0.0,0.0,0.9094347953796387,0.0,0.9999449253082275,0.0,0.0,0.9141693115234375,0.0,1.0
78,0.6931471824645996,0.02143547497689724,0.010833851993083954,0.9040316939353943,0.012254851870238781,0.9876947999000549,0.6931471824645996,0.0,0.0,0.9094353914260864,0.0,0.9999456405639648,0.0,0.0,0.9141693115234375,0.0,1.0
79,0.6931471824645996,0.021200882270932198,0.010714014992117882,0.904159665107727,0.012101738713681698,0.9878486394882202,0.6931471824645996,0.0,0.0,0.909436047077179,0.0,0.9999462962150574,0.0,0.0,0.9141693115234375,0.0,1.0
80,0.6931471824645996,0.020971061661839485,0.010596642270684242,0.9042831063270569,0.011952203698456287,0.9879986047744751,0.6931471824645996,0.0,0.0,0.9094366431236267,0.0,0.9999469518661499,0.0,0.0,0.9141693115234375,0.0,1.0
81,0.6931471824645996,0.02074647694826126,0.010481970384716988,0.904404878616333,0.011806519702076912,0.9881449937820435,0.6931471824645996,0.0,0.0,0.9094372391700745,0.0,0.9999476075172424,0.0,0.0,0.9141693115234375,0.0,1.0
82,0.6931471824645996,0.020526636391878128,0.010369746014475822,0.9045237302780151,0.011664332821965218,0.9882878065109253,0.6931471824645996,0.0,0.0,0.9094377756118774,0.0,0.999948263168335,0.0,0.0,0.9141693115234375,0.0,1.0
83,0.6931471824645996,0.020311439409852028,0.010259916074573994,0.9046398997306824,0.011525551788508892,0.9884272813796997,0.6931471824645996,0.0,0.0,0.9094383716583252,0.0,0.9999488592147827,0.0,0.0,0.9141693115234375,0.0,1.0
84,0.6931471824645996,0.020100682973861694,0.010152376256883144,0.9047532081604004,0.011390019208192825,0.9885634183883667,0.6931471824645996,0.0,0.0,0.9094389081001282,0.0,0.9999494552612305,0.0,0.0,0.9141693115234375,0.0,1.0
85,0.6931471824645996,0.019894208759069443,0.010047043673694134,0.9048636555671692,0.01125760655850172,0.9886963963508606,0.6931471824645996,0.0,0.0,0.9094394445419312,0.0,0.9999500513076782,0.0,0.0,0.9141693115234375,0.0,1.0
86,0.6931471824645996,0.01969177834689617,0.009943794459104538,0.9049708247184753,0.011128137819468975,0.988826334476471,0.6931471824645996,0.0,0.0,0.9094399809837341,0.0,0.999950647354126,0.0,0.0,0.9141693115234375,0.0,1.0
87,0.6931471824645996,0.019493596628308296,0.009842732921242714,0.9050763845443726,0.011001722887158394,0.9889532923698425,0.6931471824645996,0.0,0.0,0.9094404578208923,0.0,0.999951183795929,0.0,0.0,0.9141693115234375,0.0,1.0
88,0.6931471824645996,0.019299427047371864,0.009743737988173962,0.9051797986030579,0.010878187604248524,0.9890773296356201,0.6931471824645996,0.0,0.0,0.9094409942626953,0.0,0.9999517202377319,0.0,0.0,0.9141693115234375,0.0,1.0
89,0.6931471824645996,0.019108934327960014,0.009646635502576828,0.9052802920341492,0.010757298208773136,0.9891988039016724,0.6931471824645996,0.0,0.0,0.9094414710998535,0.0,0.9999522566795349,0.0,0.0,0.9141693115234375,0.0,1.0
90,0.6931471824645996,0.018922289833426476,0.009551513008773327,0.9053791761398315,0.010639145039021969,0.9893174767494202,0.6931471824645996,0.0,0.0,0.9094419479370117,0.0,0.9999527931213379,0.0,0.0,0.9141693115234375,0.0,1.0
91,0.6931471824645996,0.018739191815257072,0.009458215907216072,0.9054755568504333,0.010523519478738308,0.9894335865974426,0.6931471824645996,0.0,0.0,0.9094424247741699,0.0,0.9999533295631409,0.0,0.0,0.9141693115234375,0.0,1.0
92,0.6931471824645996,0.018559789285063744,0.009366817772388458,0.9055707454681396,0.010410495102405548,0.9895471334457397,0.6931471824645996,0.0,0.0,0.9094428420066833,0.0,0.9999538064002991,0.0,0.0,0.9141693115234375,0.0,1.0
93,0.6931471824645996,0.018383648246526718,0.009277096949517727,0.905663251876831,0.010299785993993282,0.9896584749221802,0.6931471824645996,0.0,0.0,0.9094433188438416,0.0,0.9999542832374573,0.0,0.0,0.9141693115234375,0.0,1.0
94,0.6931471824645996,0.018210776150226593,0.009189058095216751,0.9057536125183105,0.010191379114985466,0.98976731300354,0.6931471824645996,0.0,0.0,0.909443736076355,0.0,0.9999547600746155,0.0,0.0,0.9141693115234375,0.0,1.0
95,0.6931471824645996,0.01804094947874546,0.009102584794163704,0.9058411121368408,0.010085121728479862,0.9898738861083984,0.6931471824645996,0.0,0.0,0.9094441533088684,0.0,0.9999552369117737,0.0,0.0,0.9141693115234375,0.0,1.0
96,0.6931471824645996,0.01787433959543705,0.00901776272803545,0.9059271812438965,0.009981105104088783,0.9899781942367554,0.6931471824645996,0.0,0.0,0.9094445705413818,0.0,0.9999557137489319,0.0,0.0,0.9141693115234375,0.0,1.0
97,0.6931471824645996,0.017710834741592407,0.008934536948800087,0.9060119390487671,0.009879248216748238,0.9900805354118347,0.6931471824645996,0.0,0.0,0.9094449877738953,0.0,0.9999561905860901,0.0,0.0,0.9141693115234375,0.0,1.0
98,0.6931471824645996,0.01755017787218094,0.008852772414684296,0.9060942530632019,0.009779375046491623,0.9901807308197021,0.6931471824645996,0.0,0.0,0.9094454050064087,0.0,0.9999566078186035,0.0,0.0,0.9141693115234375,0.0,1.0
99,0.6931471824645996,0.01739240065217018,0.008772487752139568,0.9061748385429382,0.009681496769189835,0.9902788400650024,0.6931471824645996,0.0,0.0,0.9094458222389221,0.0,0.9999570250511169,0.0,0.0,0.9141693115234375,0.0,1.0
100,0.6931471824645996,0.01723775826394558,0.008693809621036053,0.9062556624412537,0.009585757739841938,0.9903751611709595,0.6931471824645996,0.0,0.0,0.9094461798667908,0.0,0.9999575018882751,0.0,0.0,0.9141693115234375,0.0,1.0
101,0.6931471824645996,0.017085831612348557,0.008616526611149311,0.9063348770141602,0.00949188880622387,0.9904695153236389,0.6931471824645996,0.0,0.0,0.9094465374946594,0.0,0.9999579191207886,0.0,0.0,0.9141693115234375,0.0,1.0
102,0.6931471824645996,0.016936469823122025,0.008540558628737926,0.9064120054244995,0.009399783797562122,0.9905620813369751,0.6931471824645996,0.0,0.0,0.9094469547271729,0.0,0.9999582767486572,0.0,0.0,0.9141693115234375,0.0,1.0
103,0.6931471824645996,0.016789549961686134,0.0084658432751894,0.9064868092536926,0.009309358894824982,0.9906527996063232,0.6931471824645996,0.0,0.0,0.9094473123550415,0.0,0.9999586939811707,0.0,0.0,0.9141693115234375,0.0,1.0
104,0.6931471824645996,0.016645172610878944,0.00839243270456791,0.9065603613853455,0.009220668114721775,0.9907418489456177,0.6931471824645996,0.0,0.0,0.9094476699829102,0.0,0.9999591112136841,0.0,0.0,0.9141693115234375,0.0,1.0
105,0.6931471824645996,0.016503095626831055,0.008320202119648457,0.9066314697265625,0.009133550338447094,0.9908291697502136,0.6931471824645996,0.0,0.0,0.9094480276107788,0.0,0.9999594688415527,0.0,0.0,0.9141693115234375,0.0,1.0
106,0.6931471824645996,0.01636373996734619,0.008249365724623203,0.9067031741142273,0.009048258885741234,0.9909148812294006,0.6931471824645996,0.0,0.0,0.9094483852386475,0.0,0.9999598860740662,0.0,0.0,0.9141693115234375,0.0,1.0
107,0.6931471824645996,0.01622653380036354,0.008179630152881145,0.9067724943161011,0.00896443147212267,0.9909989833831787,0.6931471824645996,0.0,0.0,0.9094486832618713,0.0,0.9999602437019348,0.0,0.0,0.9141693115234375,0.0,1.0
108,0.6931471824645996,0.01609157770872116,0.008111048489809036,0.9068402647972107,0.008882123976945877,0.9910815954208374,0.6931471824645996,0.0,0.0,0.90944904088974,0.0,0.9999606013298035,0.0,0.0,0.9141693115234375,0.0,1.0
109,0.6931471824645996,0.015959041193127632,0.008043705485761166,0.9069079756736755,0.008801432326436043,0.9911625981330872,0.6931471824645996,0.0,0.0,0.9094493389129639,0.0,0.9999609589576721,0.0,0.0,0.9141693115234375,0.0,1.0
110,0.6931471824645996,0.015828507021069527,0.007977388799190521,0.9069735407829285,0.0087220948189497,0.9912422895431519,0.6931471824645996,0.0,0.0,0.9094496965408325,0.0,0.9999613165855408,0.0,0.0,0.9141693115234375,0.0,1.0
111,0.6931471824645996,0.01570027880370617,0.00791225116699934,0.9070390462875366,0.00864428747445345,0.9913203716278076,0.6931471824645996,0.0,0.0,0.9094499945640564,0.0,0.9999616742134094,0.0,0.0,0.9141693115234375,0.0,1.0
112,0.6931471824645996,0.015574144199490547,0.007848186418414116,0.9071035385131836,0.008567876182496548,0.9913972616195679,0.6931471824645996,0.0,0.0,0.9094502925872803,0.0,0.9999619722366333,0.0,0.0,0.9141693115234375,0.0,1.0
113,0.6931471824645996,0.015449827536940575,0.007785052992403507,0.9071657657623291,0.008492688648402691,0.9914727210998535,0.6931471824645996,0.0,0.0,0.9094505906105042,0.0,0.999962329864502,0.0,0.0,0.9141693115234375,0.0,1.0
114,0.6931471824645996,0.015327353961765766,0.007722862530499697,0.9072261452674866,0.008418732322752476,0.9915468692779541,0.6931471824645996,0.0,0.0,0.909450888633728,0.0,0.9999626278877258,0.0,0.0,0.9141693115234375,0.0,1.0
115,0.6931471824645996,0.015207040123641491,0.00766177661716938,0.9072869420051575,0.0083461944013834,0.9916197657585144,0.6931471824645996,0.0,0.0,0.9094511866569519,0.0,0.9999629855155945,0.0,0.0,0.9141693115234375,0.0,1.0
116,0.6931471824645996,0.015088758431375027,0.007601729594171047,0.9073476791381836,0.008274990133941174,0.9916914105415344,0.6931471824645996,0.0,0.0,0.9094514846801758,0.0,0.9999632835388184,0.0,0.0,0.9141693115234375,0.0,1.0
117,0.6931471824645996,0.01497210469096899,0.007542516104876995,0.9074060916900635,0.008204871788620949,0.9917617440223694,0.6931471824645996,0.0,0.0,0.9094517827033997,0.0,0.9999635815620422,0.0,0.0,0.9141693115234375,0.0,1.0
118,0.6931471824645996,0.014857216738164425,0.007484205532819033,0.9074634313583374,0.008135917596518993,0.9918310642242432,0.6931471824645996,0.0,0.0,0.9094520211219788,0.0,0.9999638795852661,0.0,0.0,0.9141693115234375,0.0,1.0
119,0.6931471824645996,0.014744161628186703,0.007426831871271133,0.9075202941894531,0.008068161085247993,0.9918991327285767,0.6931471824645996,0.0,0.0,0.9094523191452026,0.0,0.9999642372131348,0.0,0.0,0.9141693115234375,0.0,1.0
120,0.6931471824645996,0.014632628299295902,0.0073702372610569,0.9075750708580017,0.008001414127647877,0.9919660687446594,0.6931471824645996,0.0,0.0,0.9094525575637817,0.0,0.9999644756317139,0.0,0.0,0.9141693115234375,0.0,1.0
121,0.6931471824645996,0.01452293898910284,0.007314584217965603,0.9076300263404846,0.007935862988233566,0.9920319318771362,0.6931471824645996,0.0,0.0,0.9094528555870056,0.0,0.9999647736549377,0.0,0.0,0.9141693115234375,0.0,1.0
122,0.6931471824645996,0.014414600096642971,0.00725962221622467,0.9076822996139526,0.007871209643781185,0.9920966625213623,0.6931471824645996,0.0,0.0,0.9094530940055847,0.0,0.9999650716781616,0.0,0.0,0.9141693115234375,0.0,1.0
123,0.6931471824645996,0.014308042824268341,0.007205570116639137,0.907734751701355,0.0078077069483697414,0.992160439491272,0.6931471824645996,0.0,0.0,0.9094533324241638,0.0,0.9999653697013855,0.0,0.0,0.9141693115234375,0.0,1.0
124,0.6931471824645996,0.014203024096786976,0.007152304518967867,0.9077863097190857,0.007745204959064722,0.9922231435775757,0.6931471824645996,0.0,0.0,0.9094536304473877,0.0,0.9999656677246094,0.0,0.0,0.9141693115234375,0.0,1.0
125,0.6931471824645996,0.014099618420004845,0.007099861744791269,0.9078375697135925,0.007683745119720697,0.9922848343849182,0.6931471824645996,0.0,0.0,0.9094538688659668,0.0,0.9999659061431885,0.0,0.0,0.9141693115234375,0.0,1.0
126,0.6931471824645996,0.013997749425470829,0.00704820454120636,0.9078883528709412,0.007623278070241213,0.9923456311225891,0.6931471824645996,0.0,0.0,0.9094541072845459,0.0,0.9999662041664124,0.0,0.0,0.9141693115234375,0.0,1.0
127,0.6931471824645996,0.013897244818508625,0.006997243966907263,0.9079376459121704,0.007563697174191475,0.9924054145812988,0.6931471824645996,0.0,0.0,0.909454345703125,0.0,0.9999664425849915,0.0,0.0,0.9141693115234375,0.0,1.0
128,0.6931471824645996,0.013798242434859276,0.006947049871087074,0.9079866409301758,0.007505081593990326,0.9924643039703369,0.6931471824645996,0.0,0.0,0.9094545841217041,0.0,0.9999666810035706,0.0,0.0,0.9141693115234375,0.0,1.0
129,0.6931471824645996,0.01370072178542614,0.0068976120091974735,0.9080354571342468,0.007447415497153997,0.9925222396850586,0.6931471824645996,0.0,0.0,0.9094548225402832,0.0,0.9999669790267944,0.0,0.0,0.9141693115234375,0.0,1.0
130,0.6931471824645996,0.01360439695417881,0.006848785560578108,0.9080823063850403,0.007390527054667473,0.9925793409347534,0.6931471824645996,0.0,0.0,0.9094550609588623,0.0,0.9999672174453735,0.0,0.0,0.9141693115234375,0.0,1.0
131,0.6931471824645996,0.013509497046470642,0.006800685543566942,0.9081290364265442,0.007334547583013773,0.9926355481147766,0.6931471824645996,0.0,0.0,0.9094552993774414,0.0,0.9999674558639526,0.0,0.0,0.9141693115234375,0.0,1.0
132,0.6931471824645996,0.013415776193141937,0.006753188092261553,0.9081740975379944,0.007279330398887396,0.992690920829773,0.6931471824645996,0.0,0.0,0.9094554781913757,0.0,0.9999676942825317,0.0,0.0,0.9141693115234375,0.0,1.0
133,0.6931471824645996,0.013323599472641945,0.006706476677209139,0.9082202315330505,0.007225086446851492,0.9927453994750977,0.6931471824645996,0.0,0.0,0.9094557166099548,0.0,0.9999679327011108,0.0,0.0,0.9141693115234375,0.0,1.0
134,0.6931471824645996,0.013232523575425148,0.00666032824665308,0.9082646369934082,0.00717155309394002,0.9927992224693298,0.6931471824645996,0.0,0.0,0.9094559550285339,0.0,0.9999681711196899,0.0,0.0,0.9141693115234375,0.0,1.0
135,0.6931471824645996,0.013142616488039494,0.006614775862544775,0.9083077907562256,0.0071187675930559635,0.9928521513938904,0.6931471824645996,0.0,0.0,0.9094561338424683,0.0,0.999968409538269,0.0,0.0,0.9141693115234375,0.0,1.0
136,0.6931471824645996,0.01305398903787136,0.006569875869899988,0.908350944519043,0.007066791411489248,0.9929043054580688,0.6931471824645996,0.0,0.0,0.9094563722610474,0.0,0.9999686479568481,0.0,0.0,0.9141693115234375,0.0,1.0
137,0.6931471824645996,0.012966698035597801,0.0065256571397185326,0.9083943963050842,0.007015656214207411,0.99295574426651,0.6931471824645996,0.0,0.0,0.9094565510749817,0.0,0.9999688863754272,0.0,0.0,0.9141693115234375,0.0,1.0
138,0.6931471824645996,0.012880478985607624,0.006481984630227089,0.90843665599823,0.006965205073356628,0.9930064082145691,0.6931471824645996,0.0,0.0,0.9094567894935608,0.0,0.9999691247940063,0.0,0.0,0.9141693115234375,0.0,1.0
139,0.6931471824645996,0.01279533188790083,0.006438859738409519,0.9084778428077698,0.00691543472930789,0.9930562973022461,0.6931471824645996,0.0,0.0,0.9094569683074951,0.0,0.9999693036079407,0.0,0.0,0.9141693115234375,0.0,1.0
140,0.6931471824645996,0.01271134801208973,0.006396326702088118,0.9085187911987305,0.0068663968704640865,0.9931055903434753,0.6931471824645996,0.0,0.0,0.9094571471214294,0.0,0.9999695420265198,0.0,0.0,0.9141693115234375,0.0,1.0
141,0.6931471824645996,0.012628328055143356,0.006354286335408688,0.908558189868927,0.006817973218858242,0.9931541681289673,0.6931471824645996,0.0,0.0,0.9094573259353638,0.0,0.9999697804450989,0.0,0.0,0.9141693115234375,0.0,1.0
142,0.6931471824645996,0.012546410784125328,0.006312806624919176,0.9085971713066101,0.006770242005586624,0.9932020306587219,0.6931471824645996,0.0,0.0,0.9094575643539429,0.0,0.9999699592590332,0.0,0.0,0.9141693115234375,0.0,1.0
143,0.6931471824645996,0.012465733103454113,0.006271958816796541,0.9086369276046753,0.006723281927406788,0.993249237537384,0.6931471824645996,0.0,0.0,0.9094577431678772,0.0,0.9999701976776123,0.0,0.0,0.9141693115234375,0.0,1.0
144,0.6931471824645996,0.01238599419593811,0.006231589708477259,0.9086756110191345,0.006676915101706982,0.9932957887649536,0.6931471824645996,0.0,0.0,0.9094579219818115,0.0,0.9999703764915466,0.0,0.0,0.9141693115234375,0.0,1.0
145,0.6931471824645996,0.01230729091912508,0.006191747263073921,0.9087137579917908,0.0066311960108578205,0.9933417439460754,0.6931471824645996,0.0,0.0,0.9094581007957458,0.0,0.999970555305481,0.0,0.0,0.9141693115234375,0.0,1.0
146,0.6931471824645996,0.012229610234498978,0.006152425892651081,0.9087517261505127,0.006586115341633558,0.9933870434761047,0.6931471824645996,0.0,0.0,0.9094582796096802,0.0,0.9999707937240601,0.0,0.0,0.9141693115234375,0.0,1.0
147,0.6931471824645996,0.012152866460382938,0.006113581825047731,0.9087888598442078,0.006541621871292591,0.9934316873550415,0.6931471824645996,0.0,0.0,0.9094584584236145,0.0,0.9999709725379944,0.0,0.0,0.9141693115234375,0.0,1.0
148,0.6931471824645996,0.012077041901648045,0.006075206212699413,0.908825159072876,0.006497703492641449,0.9934756755828857,0.6931471824645996,0.0,0.0,0.9094586372375488,0.0,0.9999711513519287,0.0,0.0,0.9141693115234375,0.0,1.0
149,0.6931471824645996,0.012002160772681236,0.0060373106971383095,0.9088611006736755,0.006454372778534889,0.9935193061828613,0.6931471824645996,0.0,0.0,0.9094588160514832,0.0,0.9999713897705078,0.0,0.0,0.9141693115234375,0.0,1.0
150,0.6931471824645996,0.011928253807127476,0.005999911110848188,0.9088968634605408,0.00641164556145668,0.9935622215270996,0.6931471824645996,0.0,0.0,0.9094589948654175,0.0,0.9999715685844421,0.0,0.0,0.9141693115234375,0.0,1.0
151,0.6931471824645996,0.011855165474116802,0.005962928291410208,0.9089315533638,0.006369431037455797,0.9936045408248901,0.6931471824645996,0.0,0.0,0.9094591736793518,0.0,0.9999717473983765,0.0,0.0,0.9141693115234375,0.0,1.0
152,0.6931471824645996,0.011783082038164139,0.005926456768065691,0.9089666604995728,0.006327834911644459,0.9936463236808777,0.6931471824645996,0.0,0.0,0.9094593524932861,0.0,0.9999719262123108,0.0,0.0,0.9141693115234375,0.0,1.0
153,0.6931471824645996,0.011711863800883293,0.005890425760298967,0.9090012311935425,0.0062867747619748116,0.993687629699707,0.6931471824645996,0.0,0.0,0.9094594717025757,0.0,0.9999721050262451,0.0,0.0,0.9141693115234375,0.0,1.0
154,0.6931471824645996,0.011641518212854862,0.005854838527739048,0.9090355634689331,0.006246253848075867,0.9937283396720886,0.6931471824645996,0.0,0.0,0.90945965051651,0.0,0.9999722838401794,0.0,0.0,0.9141693115234375,0.0,1.0
155,0.6931471824645996,0.011571931652724743,0.005819638259708881,0.909068763256073,0.006206205580383539,0.993768572807312,0.6931471824645996,0.0,0.0,0.9094598293304443,0.0,0.9999724626541138,0.0,0.0,0.9141693115234375,0.0,1.0
156,0.6931471824645996,0.011503256857395172,0.005784900858998299,0.909102201461792,0.006166715640574694,0.9938082098960876,0.6931471824645996,0.0,0.0,0.9094600081443787,0.0,0.9999726414680481,0.0,0.0,0.9141693115234375,0.0,1.0
157,0.6931471824645996,0.011435389518737793,0.005750574637204409,0.9091351628303528,0.006127724424004555,0.9938474297523499,0.6931471824645996,0.0,0.0,0.9094601273536682,0.0,0.9999728202819824,0.0,0.0,0.9141693115234375,0.0,1.0
158,0.6931471824645996,0.01136828400194645,0.005716636311262846,0.9091675281524658,0.006089203059673309,0.9938859939575195,0.6931471824645996,0.0,0.0,0.9094603061676025,0.0,0.9999729990959167,0.0,0.0,0.9141693115234375,0.0,1.0
159,0.6931471824645996,0.011301945894956589,0.005683088209480047,0.9091993570327759,0.006051153875887394,0.9939243197441101,0.6931471824645996,0.0,0.0,0.9094604253768921,0.0,0.9999731779098511,0.0,0.0,0.9141693115234375,0.0,1.0
160,0.6931471824645996,0.011236356571316719,0.005649920552968979,0.9092305898666382,0.006013565696775913,0.9939620494842529,0.6931471824645996,0.0,0.0,0.9094606041908264,0.0,0.9999732971191406,0.0,0.0,0.9141693115234375,0.0,1.0
161,0.6931471824645996,0.011171541176736355,0.005617146845906973,0.9092615246772766,0.0059764510951936245,0.9939993619918823,0.6931471824645996,0.0,0.0,0.909460723400116,0.0,0.999973475933075,0.0,0.0,0.9141693115234375,0.0,1.0
162,0.6931471824645996,0.011107416823506355,0.005584724247455597,0.9092916250228882,0.00593976117670536,0.9940361380577087,0.6931471824645996,0.0,0.0,0.9094609022140503,0.0,0.9999736547470093,0.0,0.0,0.9141693115234375,0.0,1.0
163,0.6931471824645996,0.011044028215110302,0.005552676040679216,0.9093214869499207,0.00590352201834321,0.994072437286377,0.6931471824645996,0.0,0.0,0.9094610214233398,0.0,0.9999738335609436,0.0,0.0,0.9141693115234375,0.0,1.0
164,0.6931471824645996,0.010981411673128605,0.005521020386368036,0.9093514084815979,0.005867752246558666,0.9941084384918213,0.6931471824645996,0.0,0.0,0.9094612002372742,0.0,0.9999739527702332,0.0,0.0,0.9141693115234375,0.0,1.0
165,0.6931471824645996,0.010919421911239624,0.005489682778716087,0.9093803763389587,0.005832368042320013,0.9941439628601074,0.6931471824645996,0.0,0.0,0.9094613194465637,0.0,0.9999741315841675,0.0,0.0,0.9141693115234375,0.0,1.0
166,0.6931471824645996,0.010858099907636642,0.00545868556946516,0.9094085693359375,0.005797392223030329,0.9941790103912354,0.6931471824645996,0.0,0.0,0.909461498260498,0.0,0.9999743103981018,0.0,0.0,0.9141693115234375,0.0,1.0
167,0.6931471824645996,0.010797526687383652,0.005428067874163389,0.9094370603561401,0.005762869492173195,0.9942136406898499,0.6931471824645996,0.0,0.0,0.9094616174697876,0.0,0.9999744296073914,0.0,0.0,0.9141693115234375,0.0,1.0
168,0.6931471824645996,0.010737626813352108,0.005397793371230364,0.9094652533531189,0.005728756543248892,0.9942478537559509,0.6931471824645996,0.0,0.0,0.9094617366790771,0.0,0.9999746084213257,0.0,0.0,0.9141693115234375,0.0,1.0
169,0.6931471824645996,0.010678501799702644,0.005367911420762539,0.9094941020011902,0.0056951092556118965,0.9942817091941833,0.6931471824645996,0.0,0.0,0.9094618558883667,0.0,0.9999747276306152,0.0,0.0,0.9141693115234375,0.0,1.0
170,0.6931471824645996,0.01061998214572668,0.005338337738066912,0.9095222353935242,0.0056618317030370235,0.9943151473999023,0.6931471824645996,0.0,0.0,0.909462034702301,0.0,0.9999749064445496,0.0,0.0,0.9141693115234375,0.0,1.0
171,0.6931471824645996,0.010561986826360226,0.0053090304136276245,0.9095491170883179,0.00562887592241168,0.9943482279777527,0.6931471824645996,0.0,0.0,0.9094621539115906,0.0,0.9999750256538391,0.0,0.0,0.9141693115234375,0.0,1.0
172,0.6931471824645996,0.01050469372421503,0.005280079785734415,0.9095761775970459,0.005596342496573925,0.9943807721138,0.6931471824645996,0.0,0.0,0.9094622731208801,0.0,0.9999751448631287,0.0,0.0,0.9141693115234375,0.0,1.0
173,0.6931471824645996,0.010447928681969643,0.005251397378742695,0.9096022248268127,0.005564131308346987,0.9944131970405579,0.6931471824645996,0.0,0.0,0.9094623923301697,0.0,0.999975323677063,0.0,0.0,0.9141693115234375,0.0,1.0
174,0.6931471824645996,0.01039189100265503,0.00522308424115181,0.9096289873123169,0.005532355979084969,0.9944450855255127,0.6931471824645996,0.0,0.0,0.909462571144104,0.0,0.9999754428863525,0.0,0.0,0.9141693115234375,0.0,1.0
175,0.6931471824645996,0.01033637672662735,0.0051950374618172646,0.9096547961235046,0.005500899627804756,0.9944766759872437,0.6931471824645996,0.0,0.0,0.9094626903533936,0.0,0.9999756217002869,0.0,0.0,0.9141693115234375,0.0,1.0
176,0.6931471824645996,0.010281507857143879,0.005167318508028984,0.9096808433532715,0.005469829775393009,0.9945078492164612,0.6931471824645996,0.0,0.0,0.9094628095626831,0.0,0.9999757409095764,0.0,0.0,0.9141693115234375,0.0,1.0
177,0.6931471824645996,0.010227186605334282,0.005139876622706652,0.909706175327301,0.005439090542495251,0.9945387244224548,0.6931471824645996,0.0,0.0,0.9094629287719727,0.0,0.999975860118866,0.0,0.0,0.9141693115234375,0.0,1.0
178,0.6931471824645996,0.010173432528972626,0.005112722981721163,0.9097313284873962,0.005408693104982376,0.9945692420005798,0.6931471824645996,0.0,0.0,0.9094630479812622,0.0,0.9999759793281555,0.0,0.0,0.9141693115234375,0.0,1.0
179,0.6931471824645996,0.010120241902768612,0.0050858561880886555,0.9097561240196228,0.0053786346688866615,0.9945994019508362,0.6931471824645996,0.0,0.0,0.9094631671905518,0.0,0.9999761581420898,0.0,0.0,0.9141693115234375,0.0,1.0
180,0.6931471824645996,0.010067627765238285,0.00505928136408329,0.9097809195518494,0.005348921287804842,0.9946292638778687,0.6931471824645996,0.0,0.0,0.9094632863998413,0.0,0.9999762773513794,0.0,0.0,0.9141693115234375,0.0,1.0
181,0.6931471824645996,0.010015519335865974,0.005032963585108519,0.9098050594329834,0.005319512449204922,0.9946587681770325,0.6931471824645996,0.0,0.0,0.9094634056091309,0.0,0.999976396560669,0.0,0.0,0.9141693115234375,0.0,1.0
182,0.6931471824645996,0.009963971562683582,0.005006930325180292,0.9098291397094727,0.00529043935239315,0.9946879148483276,0.6931471824645996,0.0,0.0,0.9094635248184204,0.0,0.9999765157699585,0.0,0.0,0.9141693115234375,0.0,1.0
183,0.6931471824645996,0.00991298072040081,0.004981179255992174,0.9098533391952515,0.005261697806417942,0.9947168231010437,0.6931471824645996,0.0,0.0,0.90946364402771,0.0,0.999976634979248,0.0,0.0,0.9141693115234375,0.0,1.0
184,0.6931471824645996,0.009862558916211128,0.004955717362463474,0.9098775386810303,0.0052332947961986065,0.9947453737258911,0.6931471824645996,0.0,0.0,0.9094637632369995,0.0,0.9999767541885376,0.0,0.0,0.9141693115234375,0.0,1.0
185,0.6931471824645996,0.009812602773308754,0.004930491559207439,0.9099012017250061,0.0052051725797355175,0.9947736263275146,0.6931471824645996,0.0,0.0,0.9094638824462891,0.0,0.9999769330024719,0.0,0.0,0.9141693115234375,0.0,1.0
186,0.6931471824645996,0.009763207286596298,0.004905550740659237,0.9099251627922058,0.0051773833110928535,0.9948015809059143,0.6931471824645996,0.0,0.0,0.9094640016555786,0.0,0.9999770522117615,0.0,0.0,0.9141693115234375,0.0,1.0
187,0.6931471824645996,0.009714207611978054,0.004880810622125864,0.90994793176651,0.0051498329266905785,0.9948292374610901,0.6931471824645996,0.0,0.0,0.9094640612602234,0.0,0.999977171421051,0.0,0.0,0.9141693115234375,0.0,1.0
188,0.6931471824645996,0.009665791876614094,0.004856366664171219,0.909971296787262,0.005122626665979624,0.994856595993042,0.6931471824645996,0.0,0.0,0.9094641804695129,0.0,0.9999772906303406,0.0,0.0,0.9141693115234375,0.0,1.0
189,0.6931471824645996,0.009617854841053486,0.004832165315747261,0.90999436378479,0.005095707252621651,0.99488365650177,0.6931471824645996,0.0,0.0,0.9094642996788025,0.0,0.9999774098396301,0.0,0.0,0.9141693115234375,0.0,1.0
190,0.6931471824645996,0.00957032386213541,0.004808169789612293,0.9100165963172913,0.00506902951747179,0.9949104189872742,0.6931471824645996,0.0,0.0,0.909464418888092,0.0,0.9999775290489197,0.0,0.0,0.9141693115234375,0.0,1.0
191,0.6931471824645996,0.009523252956569195,0.004784408025443554,0.9100385308265686,0.005042626988142729,0.9949369430541992,0.6931471824645996,0.0,0.0,0.9094645380973816,0.0,0.9999776482582092,0.0,0.0,0.9141693115234375,0.0,1.0
192,0.6931471824645996,0.009476643986999989,0.00476088048890233,0.9100602865219116,0.0050164987333118916,0.9949631690979004,0.6931471824645996,0.0,0.0,0.9094645977020264,0.0,0.9999777674674988,0.0,0.0,0.9141693115234375,0.0,1.0
193,0.6931471824645996,0.009430470876395702,0.004737574607133865,0.9100816249847412,0.004990628454834223,0.9949891567230225,0.6931471824645996,0.0,0.0,0.9094647169113159,0.0,0.9999778866767883,0.0,0.0,0.9141693115234375,0.0,1.0
194,0.6931471824645996,0.009384781122207642,0.004714513197541237,0.9101030230522156,0.004965044558048248,0.9950147867202759,0.6931471824645996,0.0,0.0,0.9094648361206055,0.0,0.9999779462814331,0.0,0.0,0.9141693115234375,0.0,1.0
195,0.6931471824645996,0.009339469484984875,0.0046916441060602665,0.9101237058639526,0.004939686506986618,0.9950402975082397,0.6931471824645996,0.0,0.0,0.909464955329895,0.0,0.9999780654907227,0.0,0.0,0.9141693115234375,0.0,1.0
196,0.6931471824645996,0.009294684045016766,0.004669040907174349,0.9101450443267822,0.00491463765501976,0.995065450668335,0.6931471824645996,0.0,0.0,0.9094650149345398,0.0,0.9999781847000122,0.0,0.0,0.9141693115234375,0.0,1.0
197,0.6931471824645996,0.009250277653336525,0.004646630492061377,0.910165548324585,0.0048898132517933846,0.9950903654098511,0.6931471824645996,0.0,0.0,0.9094651341438293,0.0,0.9999783039093018,0.0,0.0,0.9141693115234375,0.0,1.0
198,0.6931471824645996,0.009206312708556652,0.004624444060027599,0.910186231136322,0.004865249153226614,0.9951150417327881,0.6931471824645996,0.0,0.0,0.9094652533531189,0.0,0.9999784231185913,0.0,0.0,0.9141693115234375,0.0,1.0
199,0.6931471824645996,0.009162772446870804,0.004602472297847271,0.91020667552948,0.00484093651175499,0.995139479637146,0.6931471824645996,0.0,0.0,0.9094653129577637,0.0,0.9999785423278809,0.0,0.0,0.9141693115234375,0.0,1.0
