,train_loss,train_dice,train_iou,train_acc,train_sens,train_spec,val_loss,val_dice,val_iou,val_acc,val_sens,val_spec,test_dice,test_iou,test_acc,test_sens,test_spec
0,1.3696354471459755,0.15793056786060333,0.08573541045188904,0.08591938018798828,0.9995662569999695,0.00022010003158356994,1.3696354471459755,0.216428741812706,0.12134572118520737,0.6335678100585938,0.5590863227844238,0.6409804821014404,0.4677048921585083,0.30523160099983215,0.8372802734375,0.8328889012336731,0.8376925587654114
1,1.3405646615196356,0.17897897958755493,0.09828495979309082,0.3139925003051758,0.8719375729560852,0.2616577446460724,1.3405646615196356,0.18565310537815094,0.10232502967119217,0.7686195373535156,0.2913857102394104,0.8161155581474304,0.4677048921585083,0.30523160099983215,0.8372802734375,0.8328889012336731,0.8376925587654114
2,1.3059762670279063,0.17223097383975983,0.09423016011714935,0.513164222240448,0.5905998945236206,0.5059008002281189,1.3059762670279063,0.168402761220932,0.09194311499595642,0.8052952885627747,0.2178017497062683,0.863764762878418,0.4677048921585083,0.30523160099983215,0.8372802734375,0.8328889012336731,0.8376925587654114
3,1.2731280996142014,0.17033985257148743,0.09309922158718109,0.594839334487915,0.48501184582710266,0.6051410436630249,1.2731280996142014,0.16291968524456024,0.08868402242660522,0.8120174407958984,0.20210300385951996,0.8727182745933533,0.4677048921585083,0.30523160099983215,0.8372802734375,0.8328889012336731,0.8376925587654114
4,1.26303562063359,0.17350764572620392,0.09499505162239075,0.6292669177055359,0.4537850022315979,0.6457269787788391,1.26303562063359,0.16710059344768524,0.09116800874471664,0.8066970705986023,0.21422791481018066,0.8656616806983948,0.4677048921585083,0.30523160099983215,0.8372802734375,0.8328889012336731,0.8376925587654114
5,1.259351893632016,0.1803385615348816,0.0991055965423584,0.6390547752380371,0.46302494406700134,0.6555662155151367,1.259351893632016,0.17922502756118774,0.09843392670154572,0.7973759770393372,0.24440886080265045,0.8524092435836792,0.4677048921585083,0.30523160099983215,0.8372802734375,0.8328889012336731,0.8376925587654114
6,1.256871387876621,0.18779192864894867,0.1036260649561882,0.6362361907958984,0.4903860092163086,0.6499168276786804,1.256871387876621,0.1885605901479721,0.10409481823444366,0.7853840589523315,0.27549126744270325,0.8361303806304932,0.4677048921585083,0.30523160099983215,0.8372802734375,0.8328889012336731,0.8376925587654114
7,1.2563252955618682,0.19403187930583954,0.10743929445743561,0.6281814575195312,0.5219095349311829,0.6381496787071228,1.2563252955618682,0.1967206597328186,0.1090909093618393,0.7683124542236328,0.3134271800518036,0.8135842680931091,0.4677048921585083,0.30523160099983215,0.8372802734375,0.8328889012336731,0.8376925587654114
8,1.2553232393438027,0.19894027709960938,0.11045736819505692,0.6185683012008667,0.5523107051849365,0.6247832179069519,1.2553232393438027,0.20248635113239288,0.1126483604311943,0.7509867548942566,0.3492451608181,0.7909694910049438,0.4677048921585083,0.30523160099983215,0.8372802734375,0.8328889012336731,0.8376925587654114
9,1.2532586312654717,0.20286725461483002,0.11288389563560486,0.6094855070114136,0.5794653296470642,0.6123014092445374,1.2532586312654717,0.2065543383359909,0.11517208069562912,0.736981213092804,0.37822824716567993,0.7726855874061584,0.4677048921585083,0.30523160099983215,0.8372802734375,0.8328889012336731,0.8376925587654114
10,1.250914355524268,0.2061191350221634,0.11490128189325333,0.6025474071502686,0.6016685366630554,0.6026298403739929,1.250914355524268,0.2085292637348175,0.11640141159296036,0.7277547717094421,0.3962253928184509,0.7607497572898865,0.4677048921585083,0.30523160099983215,0.8372802734375,0.8328889012336731,0.8376925587654114
11,1.249171661991625,0.20893070101737976,0.11665141582489014,0.5996583104133606,0.6164920926094055,0.5980793237686157,1.249171661991625,0.21011321246623993,0.11738934367895126,0.726159393787384,0.40237975120544434,0.7583830952644348,0.4677048921585083,0.30523160099983215,0.8372802734375,0.8328889012336731,0.8376925587654114
12,1.2484332437878516,0.21125528216362,0.11810257285833359,0.6013368964195251,0.6225669980049133,0.5993455648422241,1.2484332437878516,0.21061135828495026,0.11770039051771164,0.717304527759552,0.41663858294487,0.7472278475761414,0.4677048921585083,0.30523160099983215,0.8372802734375,0.8328889012336731,0.8376925587654114
13,1.246297696924259,0.21349553763866425,0.1195046603679657,0.6002980470657349,0.6326053142547607,0.5972676873207092,1.246297696924259,0.21156057715415955,0.11829359084367752,0.7052634358406067,0.4368678331375122,0.7319750785827637,0.4677048921585083,0.30523160099983215,0.8372802734375,0.8328889012336731,0.8376925587654114
14,1.2454926570084823,0.21550719439983368,0.12076666951179504,0.596640408039093,0.646061897277832,0.5920047163963318,1.2454926570084823,0.2121371328830719,0.11865420639514923,0.6948999762535095,0.4537929892539978,0.7188958525657654,0.4677048921585083,0.30523160099983215,0.8372802734375,0.8328889012336731,0.8376925587654114
15,1.2444081635070128,0.21720245480537415,0.12183240801095963,0.5936996936798096,0.6573116779327393,0.5877329707145691,1.2444081635070128,0.21200305223464966,0.11857029795646667,0.6872210502624512,0.4648411273956299,0.7093530893325806,0.4677048921585083,0.30523160099983215,0.8372802734375,0.8328889012336731,0.8376925587654114
16,1.2429345637878617,0.21860376000404358,0.12271487712860107,0.5925527811050415,0.6646095514297485,0.5857939720153809,1.2429345637878617,0.2119295448064804,0.11852429807186127,0.6812820434570312,0.47345900535583496,0.70196533203125,0.4677048921585083,0.30523160099983215,0.8372802734375,0.8328889012336731,0.8376925587654114
17,1.240887033118634,0.21987727284431458,0.12351806461811066,0.5921521782875061,0.6702309250831604,0.5848284363746643,1.240887033118634,0.21212173998355865,0.11864453554153442,0.6762898564338684,0.4814284145832062,0.6956831812858582,0.4677048921585083,0.30523160099983215,0.8372802734375,0.8328889012336731,0.8376925587654114
18,1.2377496870642517,0.2211732715368271,0.12433663010597229,0.5918046832084656,0.675878643989563,0.5839186310768127,1.2377496870642517,0.21364754438400269,0.11960001289844513,0.6774023175239563,0.4841626286506653,0.6966341733932495,0.4677048921585083,0.30523160099983215,0.8372802734375,0.8328889012336731,0.8376925587654114
19,1.2347173157373579,0.22305475175380707,0.12552711367607117,0.5945612788200378,0.6786646246910095,0.5866724848747253,1.2347173157373579,0.21498626470565796,0.12043968588113785,0.6842891573905945,0.47760874032974243,0.7048587203025818,0.4677048921585083,0.30523160099983215,0.8372802734375,0.8328889012336731,0.8376925587654114
20,1.232533342399241,0.2243293821811676,0.1263350546360016,0.6043425798416138,0.6671708226203918,0.5984493494033813,1.232533342399241,0.21733462810516357,0.12191567569971085,0.6834651231765747,0.4855384826660156,0.7031635046005249,0.4677048921585083,0.30523160099983215,0.8372802734375,0.8328889012336731,0.8376925587654114
21,1.2318037170598672,0.22607865929603577,0.1274457424879074,0.605156660079956,0.6725064516067505,0.5988393425941467,1.2318037170598672,0.2183348834514618,0.122545525431633,0.6897836327552795,0.4786481559276581,0.7107965350151062,0.4677048921585083,0.30523160099983215,0.8372802734375,0.8328889012336731,0.8376925587654114
22,1.2284885837847925,0.22705315053462982,0.12806543707847595,0.6135270595550537,0.6619206070899963,0.6089878082275391,1.2284885837847925,0.22043435275554657,0.1238698661327362,0.693048894405365,0.47945189476013184,0.7143068313598633,0.4677048921585083,0.30523160099983215,0.8372802734375,0.8328889012336731,0.8376925587654114
23,1.225783918026556,0.2290133535861969,0.12931402027606964,0.6170839667320251,0.6631724238395691,0.6127609014511108,1.225783918026556,0.22171401977539062,0.1246786043047905,0.6993570327758789,0.473101407289505,0.7218747735023499,0.4677048921585083,0.30523160099983215,0.8372802734375,0.8328889012336731,0.8376925587654114
24,1.2232427634152099,0.2306702435016632,0.1303715705871582,0.6243692636489868,0.6566728353500366,0.6213392019271851,1.2232427634152099,0.22268007695674896,0.1252899318933487,0.7035275101661682,0.4691537320613861,0.7268532514572144,0.4677048921585083,0.30523160099983215,0.8372802734375,0.8328889012336731,0.8376925587654114
25,1.2189129495692141,0.23215004801750183,0.13131776452064514,0.6302968263626099,0.6517100930213928,0.6282883286476135,1.2189129495692141,0.22399403154850006,0.12612245976924896,0.7062650918960571,0.46835610270500183,0.7299426198005676,0.4677048921585083,0.30523160099983215,0.8372802734375,0.8328889012336731,0.8376925587654114
26,1.2171255525504654,0.23374156653881073,0.13233716785907745,0.6346583962440491,0.6497835516929626,0.63323974609375,1.2171255525504654,0.22478441894054413,0.12662383913993835,0.7103842496871948,0.4638901352882385,0.7349162101745605,0.4677048921585083,0.30523160099983215,0.8372802734375,0.8328889012336731,0.8376925587654114
27,1.2168896216814495,0.2348158210515976,0.13302627205848694,0.6406826376914978,0.6429075598716736,0.6404739022254944,1.2168896216814495,0.2266584187746048,0.1278144121170044,0.7084985375404358,0.4719439446926117,0.7320412993431091,0.4677048921585083,0.30523160099983215,0.8372802734375,0.8328889012336731,0.8376925587654114
28,1.2209194451271315,0.2357100546360016,0.13360054790973663,0.6391401886940002,0.6488845348358154,0.6382261514663696,1.2209194451271315,0.22701266407966614,0.12803974747657776,0.714049756526947,0.46389251947402954,0.7389463186264038,0.4677048921585083,0.30523160099983215,0.8372802734375,0.8328889012336731,0.8376925587654114
29,1.215675507647346,0.23693345487117767,0.13438716530799866,0.6464940309524536,0.6399847269058228,0.6471046209335327,1.215675507647346,0.22830286622047424,0.1288612186908722,0.7174652218818665,0.4617273509502411,0.7429171204566956,0.4677048921585083,0.30523160099983215,0.8372802734375,0.8328889012336731,0.8376925587654114
30,1.2059208414928109,0.23875539004802704,0.13556064665317535,0.6515095829963684,0.6372776627540588,0.6528445482254028,1.2059208414928109,0.22995878756046295,0.12991729378700256,0.7193745970726013,0.46292659640312195,0.7448972463607788,0.4677048921585083,0.30523160099983215,0.8372802734375,0.8328889012336731,0.8376925587654114
31,1.2056567134737508,0.2405564785003662,0.1367230862379074,0.6539630889892578,0.6390765905380249,0.6553594470024109,1.2056567134737508,0.23079964518547058,0.13045431673526764,0.7244307994842529,0.45674678683280945,0.7510716319084167,0.4677048921585083,0.30523160099983215,0.8372802734375,0.8328889012336731,0.8376925587654114
32,1.2112613436948798,0.2416614592075348,0.13743741810321808,0.6602063179016113,0.6313474774360657,0.6629132032394409,1.2112613436948798,0.23308894038200378,0.1319189816713333,0.7242142558097839,0.4630177319049835,0.7502094507217407,0.4677048921585083,0.30523160099983215,0.8372802734375,0.8328889012336731,0.8376925587654114
33,1.210853223813226,0.24287742376327515,0.1382245421409607,0.6599430441856384,0.6360357403755188,0.6621854901313782,1.210853223813226,0.2347196489572525,0.1329646110534668,0.726186215877533,0.4639095962047577,0.7522888779640198,0.4677048921585083,0.30523160099983215,0.8372802734375,0.8328889012336731,0.8376925587654114
34,1.1999750962234466,0.24455590546131134,0.13931286334991455,0.6626750230789185,0.6366975903511047,0.6651116609573364,1.1999750962234466,0.23560117185115814,0.1335306614637375,0.7303281426429749,0.45913687348365784,0.7573180794715881,0.4677048921585083,0.30523160099983215,0.8372802734375,0.8328889012336731,0.8376925587654114
35,1.2052445932758582,0.24570639431476593,0.14006003737449646,0.6678689122200012,0.6308040022850037,0.6713455319404602,1.2052445932758582,0.2365957498550415,0.13416998088359833,0.7340092062950134,0.4553738534450531,0.76173996925354,0.4677048921585083,0.30523160099983215,0.8372802734375,0.8328889012336731,0.8376925587654114
36,1.1990846487855165,0.24709400534629822,0.14096252620220184,0.6725528836250305,0.6265727877616882,0.6768657565116882,1.1990846487855165,0.23882630467414856,0.13560642302036285,0.7358971834182739,0.45774179697036743,0.7635801434516907,0.4677048921585083,0.30523160099983215,0.8372802734375,0.8328889012336731,0.8376925587654114
37,1.1978577064236249,0.248658686876297,0.14198188483715057,0.6744106411933899,0.6282687187194824,0.6787387728691101,1.1978577064236249,0.24103282392024994,0.1370309740304947,0.7373711466789246,0.46072816848754883,0.7649036049842834,0.4677048921585083,0.30523160099983215,0.8372802734375,0.8328889012336731,0.8376925587654114
38,1.197412180205033,0.2501251697540283,0.14293892681598663,0.6759655475616455,0.6301859021186829,0.680259644985199,1.197412180205033,0.24223990738391876,0.1378117799758911,0.7405262589454651,0.45820149779319763,0.7686241865158081,0.4677048921585083,0.30523160099983215,0.8372802734375,0.8328889012336731,0.8376925587654114
39,1.191402282574532,0.25170043110847473,0.14396874606609344,0.6800684332847595,0.627443253993988,0.6850045919418335,1.191402282574532,0.24315614998340607,0.1384051889181137,0.7440274953842163,0.4542776346206665,0.7728644609451294,0.4677048921585083,0.30523160099983215,0.8372802734375,0.8328889012336731,0.8376925587654114
40,1.192849024623646,0.2530509829521179,0.1448531448841095,0.6846143007278442,0.62297123670578,0.6903963685035706,1.192849024623646,0.24475519359111786,0.13944227993488312,0.7461584806442261,0.4544183611869812,0.7751935124397278,0.4677048921585083,0.30523160099983215,0.8372802734375,0.8328889012336731,0.8376925587654114
41,1.1848442607365208,0.25476735830307007,0.14597906172275543,0.6876925230026245,0.6225054264068604,0.693807065486908,1.1848442607365208,0.24687719345092773,0.14082147181034088,0.7474318146705627,0.4573439359664917,0.7763023376464844,0.4677048921585083,0.30523160099983215,0.8372802734375,0.8328889012336731,0.8376925587654114
42,1.1876733448499104,0.25636035203933716,0.14702601730823517,0.689329206943512,0.6244499087333679,0.6954148411750793,1.1876733448499104,0.24798749387264252,0.14154444634914398,0.7508314251899719,0.4538863003253937,0.7803844809532166,0.4677048921585083,0.30523160099983215,0.8372802734375,0.8328889012336731,0.8376925587654114
43,1.18593381620617,0.25789302587509155,0.14803515374660492,0.6936887502670288,0.6206473112106323,0.7005400061607361,1.18593381620617,0.24999776482582092,0.14285576343536377,0.7531179785728455,0.4545818567276001,0.7828293442726135,0.4677048921585083,0.30523160099983215,0.8372802734375,0.8328889012336731,0.8376925587654114
44,1.177964039343343,0.2596198320388794,0.14917424321174622,0.6965611577033997,0.6203877925872803,0.7037060856819153,1.177964039343343,0.25211766362190247,0.14424185454845428,0.7548207640647888,0.45656514167785645,0.784504234790802,0.4677048921585083,0.30523160099983215,0.8372802734375,0.8328889012336731,0.8376925587654114
45,1.177512084020951,0.2613063454627991,0.150288924574852,0.6987732648849487,0.62128084897995,0.7060420513153076,1.177512084020951,0.2535038888454437,0.1451500654220581,0.758022665977478,0.4539216160774231,0.7882878184318542,0.4677048921585083,0.30523160099983215,0.8372802734375,0.8328889012336731,0.8376925587654114
46,1.1789973476010194,0.26282429695129395,0.1512940376996994,0.7027687430381775,0.6178709864616394,0.710732102394104,1.1789973476010194,0.2558605372905731,0.14669737219810486,0.7596545815467834,0.45649272203445435,0.7898263335227966,0.4677048921585083,0.30523160099983215,0.8372802734375,0.8328889012336731,0.8376925587654114
47,1.1736984553216945,0.26448768377304077,0.1523975133895874,0.7049093842506409,0.6186995506286621,0.7129958271980286,1.1736984553216945,0.2578819692134857,0.1480279266834259,0.7618751525878906,0.4570900797843933,0.7922084331512451,0.4677048921585083,0.30523160099983215,0.8372802734375,0.8328889012336731,0.8376925587654114
48,1.1700839913575831,0.2661855220794678,0.15352597832679749,0.7076219916343689,0.618374764919281,0.7159932851791382,1.1700839913575831,0.2595185935497284,0.1491074562072754,0.7647445201873779,0.4554526209831238,0.7955263257026672,0.4677048921585083,0.30523160099983215,0.8372802734375,0.8328889012336731,0.8376925587654114
49,1.1710712139665596,0.26778531074523926,0.15459133684635162,0.7111064791679382,0.6160202622413635,0.7200254201889038,1.1710712139665596,0.26189616322517395,0.1506793200969696,0.7656724452972412,0.4592869281768799,0.7961650490760803,0.4677048921585083,0.30523160099983215,0.8372802734375,0.8328889012336731,0.8376925587654114
50,1.170692222870592,0.2693294882774353,0.1556214988231659,0.7125252485275269,0.6178327202796936,0.7214072942733765,1.170692222870592,0.26352888345718384,0.1517612487077713,0.7683568000793457,0.45786893367767334,0.7992576360702515,0.4677048921585083,0.30523160099983215,0.8372802734375,0.8328889012336731,0.8376925587654114
51,1.168657844759477,0.27085646986961365,0.15664201974868774,0.7159595489501953,0.61519855260849,0.7254108786582947,1.168657844759477,0.2658202648162842,0.15328307449817657,0.7691757678985596,0.46165356040000916,0.7997814416885376,0.4677048921585083,0.30523160099983215,0.8372802734375,0.8328889012336731,0.8376925587654114
52,1.166249222095899,0.27243372797966003,0.15769802033901215,0.7173923850059509,0.6169942021369934,0.7268096208572388,1.166249222095899,0.26768437027931213,0.15452410280704498,0.7716070413589478,0.4611652195453644,0.8025032877922058,0.4677048921585083,0.30523160099983215,0.8372802734375,0.8328889012336731,0.8376925587654114
53,1.1626989574015734,0.27405107021331787,0.15878286957740784,0.7205348014831543,0.6151230931282043,0.7304223775863647,1.1626989574015734,0.2697641849517822,0.1559118777513504,0.7729874849319458,0.4632548391819,0.8038132190704346,0.4677048921585083,0.30523160099983215,0.8372802734375,0.8328889012336731,0.8376925587654114
54,1.1587451004010303,0.27571025490760803,0.15989790856838226,0.7224907875061035,0.6159237027168274,0.7324867248535156,1.1587451004010303,0.27189600467681885,0.15733784437179565,0.7749680876731873,0.4641972780227661,0.8058971166610718,0.4677048921585083,0.30523160099983215,0.8372802734375,0.8328889012336731,0.8376925587654114
55,1.155252033968949,0.27744361758232117,0.16106507182121277,0.7249857783317566,0.6156969666481018,0.7352369427680969,1.155252033968949,0.2740364670753479,0.15877310931682587,0.7770141959190369,0.46496453881263733,0.8080704808235168,0.4677048921585083,0.30523160099983215,0.8372802734375,0.8328889012336731,0.8376925587654114
56,1.1534207527231737,0.27917852997779846,0.16223563253879547,0.727542519569397,0.6152644157409668,0.7380741238594055,1.1534207527231737,0.27625927329063416,0.16026738286018372,0.7778587937355042,0.4683947265148163,0.8086577653884888,0.4677048921585083,0.30523160099983215,0.8372802734375,0.8328889012336731,0.8376925587654114
57,1.1558711684627345,0.2807936370372772,0.16332748532295227,0.7290153503417969,0.6168609857559204,0.7395352125167847,1.1558711684627345,0.2772442400455475,0.16093075275421143,0.7801405787467957,0.46587038040161133,0.8114178776741028,0.4677048921585083,0.30523160099983215,0.8372802734375,0.8328889012336731,0.8376925587654114
58,1.1730078417786172,0.2818908989429474,0.16407044231891632,0.7320922017097473,0.6131755113601685,0.7432464957237244,1.1730078417786172,0.27874910831451416,0.16194573044776917,0.7795605659484863,0.4706147015094757,0.8103079199790955,0.4677048921585083,0.30523160099983215,0.8372802734375,0.8328889012336731,0.8376925587654114
59,1.1655815803026406,0.28300896286964417,0.16482847929000854,0.732362687587738,0.6159451007843018,0.7432825565338135,1.1655815803026406,0.2806759476661682,0.16324792802333832,0.7813304662704468,0.4713222086429596,0.8121836185455322,0.4677048921585083,0.30523160099983215,0.8372802734375,0.8328889012336731,0.8376925587654114
60,1.150728574403163,0.28458505868911743,0.16589869558811188,0.7345771193504333,0.6156037449836731,0.7457367181777954,1.150728574403163,0.2822859585285187,0.16433824598789215,0.7833262085914612,0.4707532227039337,0.8144345283508301,0.4677048921585083,0.30523160099983215,0.8372802734375,0.8328889012336731,0.8376925587654114
61,1.1562091661219256,0.28599539399147034,0.1668580323457718,0.7371471524238586,0.6138743162155151,0.7487101554870605,1.1562091661219256,0.2840892970561981,0.16556189954280853,0.7840120792388916,0.4734504520893097,0.8149202466011047,0.4677048921585083,0.30523160099983215,0.8372802734375,0.8328889012336731,0.8376925587654114
62,1.1493551412287908,0.2874816060066223,0.1678706854581833,0.7384849190711975,0.6152045726776123,0.7500485181808472,1.1493551412287908,0.2859748601913452,0.16684411466121674,0.7847864031791687,0.47613829374313354,0.8155041337013245,0.4677048921585083,0.30523160099983215,0.8372802734375,0.8328889012336731,0.8376925587654114
63,1.1460350694025878,0.28904470801353455,0.16893765330314636,0.7399774789810181,0.6163715720176697,0.7515715956687927,1.1460350694025878,0.2876482903957367,0.16798444092273712,0.7865817546844482,0.4760449230670929,0.8174874782562256,0.4677048921585083,0.30523160099983215,0.8372802734375,0.8328889012336731,0.8376925587654114
64,1.152131700514338,0.29040998220443726,0.16987113654613495,0.7423785924911499,0.6147447228431702,0.7543505430221558,1.152131700514338,0.2896827459335327,0.1693737804889679,0.7873888611793518,0.47896674275398254,0.8180841207504272,0.4677048921585083,0.30523160099983215,0.8372802734375,0.8328889012336731,0.8376925587654114
65,1.1430986558446392,0.29201164841651917,0.1709682047367096,0.7438274025917053,0.6160495281219482,0.7558128237724304,1.1430986558446392,0.2917782962322235,0.17080828547477722,0.7884175777435303,0.48151782155036926,0.8189613223075867,0.4677048921585083,0.30523160099983215,0.8372802734375,0.8328889012336731,0.8376925587654114
66,1.1404300810619716,0.29364797472953796,0.17209112644195557,0.7454063296318054,0.6171096563339233,0.757440447807312,1.1404300810619716,0.29359960556030273,0.17205792665481567,0.790119469165802,0.48186537623405457,0.8207979798316956,0.4677048921585083,0.30523160099983215,0.8372802734375,0.8328889012336731,0.8376925587654114
67,1.1451755813515427,0.2950911521911621,0.17308327555656433,0.7476460337638855,0.6159453988075256,0.7599994540214539,1.1451755813515427,0.29561731219291687,0.1734454482793808,0.7909693717956543,0.48459625244140625,0.8214607238769531,0.4677048921585083,0.30523160099983215,0.8372802734375,0.8328889012336731,0.8376925587654114
68,1.1397873631997864,0.2966444194316864,0.17415300011634827,0.7490100264549255,0.6172008514404297,0.7613735795021057,1.1397873631997864,0.2976114749908447,0.17482003569602966,0.7920957803726196,0.4866139888763428,0.8224984407424927,0.4677048921585083,0.30523160099983215,0.8372802734375,0.8328889012336731,0.8376925587654114
69,1.1357814393152634,0.2982577085494995,0.1752661019563675,0.750622570514679,0.6179879903793335,0.7630636096000671,1.1357814393152634,0.2994196116924286,0.17606915533542633,0.7935115098953247,0.48749157786369324,0.823967695236206,0.4677048921585083,0.30523160099983215,0.8372802734375,0.8328889012336731,0.8376925587654114
70,1.1375058880081022,0.2997668385505676,0.17630928754806519,0.7525787949562073,0.6175707578659058,0.7652424573898315,1.1375058880081022,0.30123797059059143,0.17732802033424377,0.7940621376037598,0.4904172122478485,0.8242819309234619,0.4677048921585083,0.30523160099983215,0.8372802734375,0.8328889012336731,0.8376925587654114
71,1.1364565759435554,0.30124011635780334,0.17732945084571838,0.7536904811859131,0.6191201210021973,0.7663130760192871,1.1364565759435554,0.3030654191970825,0.1785959005355835,0.7952516078948975,0.49182868003845215,0.8254493474960327,0.4677048921585083,0.30523160099983215,0.8372802734375,0.8328889012336731,0.8376925587654114
72,1.1331153540588281,0.302764892578125,0.1783871352672577,0.7554085850715637,0.6192646026611328,0.7681788206100464,1.1331153540588281,0.30502140522003174,0.17995598912239075,0.7962878346443176,0.49388387799263,0.8263841867446899,0.4677048921585083,0.30523160099983215,0.8372802734375,0.8328889012336731,0.8376925587654114
73,1.130352536565992,0.3043399155139923,0.17948171496391296,0.7569438815116882,0.6199795007705688,0.7697910070419312,1.130352536565992,0.30701813101768494,0.18134763836860657,0.7970801591873169,0.49661022424697876,0.8269839882850647,0.4677048921585083,0.30523160099983215,0.8372802734375,0.8328889012336731,0.8376925587654114
74,1.1301445106230292,0.3058772683143616,0.18055203557014465,0.758217990398407,0.6212176084518433,0.7710685133934021,1.1301445106230292,0.3087516129016876,0.18255847692489624,0.7984052300453186,0.49739715456962585,0.8283626437187195,0.4677048921585083,0.30523160099983215,0.8372802734375,0.8328889012336731,0.8376925587654114
75,1.133408737374693,0.3072933256626129,0.1815396398305893,0.7600178718566895,0.6207138299942017,0.7730845212936401,1.133408737374693,0.31039685010910034,0.1837099939584732,0.7985638976097107,0.5008462071418762,0.8281938433647156,0.4677048921585083,0.30523160099983215,0.8372802734375,0.8328889012336731,0.8376925587654114
76,1.1355030469640663,0.30857914686203003,0.18243783712387085,0.7606993913650513,0.6226969361305237,0.773643970489502,1.1355030469640663,0.3118971586227417,0.18476200103759766,0.7999082207679749,0.500998318195343,0.8296567797660828,0.4677048921585083,0.30523160099983215,0.8372802734375,0.8328889012336731,0.8376925587654114
77,1.1373607736093958,0.3098650574684143,0.1833374947309494,0.7625136375427246,0.621707558631897,0.7757211327552795,1.1373607736093958,0.31357815861701965,0.18594297766685486,0.800697922706604,0.5029392838478088,0.8303319215774536,0.4677048921585083,0.30523160099983215,0.8372802734375,0.8328889012336731,0.8376925587654114
78,1.1252725332007882,0.3113289475440979,0.18436332046985626,0.7637584209442139,0.6226914525032043,0.7769904136657715,1.1252725332007882,0.31503060460090637,0.18696525692939758,0.800748884677887,0.5062106847763062,0.8300623893737793,0.4677048921585083,0.30523160099983215,0.8372802734375,0.8328889012336731,0.8376925587654114
79,1.1319585954862328,0.31256598234176636,0.185231551527977,0.7643923759460449,0.6246099472045898,0.7775038480758667,1.1319585954862328,0.31642359495162964,0.1879473477602005,0.8020635843276978,0.5061235427856445,0.8315165638923645,0.4677048921585083,0.30523160099983215,0.8372802734375,0.8328889012336731,0.8376925587654114
80,1.1404738482663044,0.3137160837650299,0.18603990972042084,0.7661519646644592,0.6232689023017883,0.7795543074607849,1.1404738482663044,0.31811919808387756,0.18914496898651123,0.8030281662940979,0.5076150894165039,0.8324286937713623,0.4677048921585083,0.30523160099983215,0.8372802734375,0.8328889012336731,0.8376925587654114
81,1.123151488422568,0.3151400685310364,0.18704232573509216,0.7675254344940186,0.6237149834632874,0.7810147404670715,1.123151488422568,0.3184714615345001,0.18939410150051117,0.8017971515655518,0.5116174221038818,0.8306768536567688,0.4677048921585083,0.30523160099983215,0.8372802734375,0.8328889012336731,0.8376925587654114
82,1.147152171959263,0.3158520460128784,0.18754412233829498,0.7673534154891968,0.6262376308441162,0.7805898785591125,1.147152171959263,0.3199385702610016,0.19043272733688354,0.8030056357383728,0.5119425654411316,0.8319732546806335,0.4677048921585083,0.30523160099983215,0.8372802734375,0.8328889012336731,0.8376925587654114
83,1.1322243780271504,0.31707754731178284,0.18840891122817993,0.7689422369003296,0.6254945397377014,0.782397449016571,1.1322243780271504,0.32135891914367676,0.19144000113010406,0.8042060136795044,0.5121515989303589,0.8332723379135132,0.4677048921585083,0.30523160099983215,0.8372802734375,0.8328889012336731,0.8376925587654114
84,1.1333725645392985,0.3182668089866638,0.18924929201602936,0.7705096006393433,0.6246693730354309,0.7841893434524536,1.1333725645392985,0.32269740104675293,0.19239075481891632,0.8042773008346558,0.5151134133338928,0.8330559134483337,0.4677048921585083,0.30523160099983215,0.8372802734375,0.8328889012336731,0.8376925587654114
85,1.1286228873681652,0.3193962872028351,0.19004857540130615,0.771061360836029,0.626416802406311,0.7846289873123169,1.1286228873681652,0.3241819143295288,0.1934470385313034,0.8047074675559998,0.5174800753593445,0.8332933187484741,0.4677048921585083,0.30523160099983215,0.8372802734375,0.8328889012336731,0.8376925587654114
86,1.1230472281866517,0.3206363916397095,0.19092734158039093,0.7718446850776672,0.6278414130210876,0.7853521108627319,1.1230472281866517,0.32555851340293884,0.1944281905889511,0.8057907223701477,0.5178498029708862,0.8344475626945496,0.4677048921585083,0.30523160099983215,0.8372802734375,0.8328889012336731,0.8376925587654114
87,1.1279614363074768,0.3218352496623993,0.19177810847759247,0.7732617855072021,0.6273820400238037,0.786945104598999,1.1279614363074768,0.32702118158340454,0.19547246396541595,0.8067702651023865,0.5186775922775269,0.8354422450065613,0.4677048921585083,0.30523160099983215,0.8372802734375,0.8328889012336731,0.8376925587654114
88,1.1225050666466587,0.32309138774871826,0.19267088174819946,0.7745519280433655,0.627409040927887,0.7883537411689758,1.1225050666466587,0.328314870595932,0.19639761745929718,0.8068060874938965,0.5216356515884399,0.8351872563362122,0.4677048921585083,0.30523160099983215,0.8372802734375,0.8328889012336731,0.8376925587654114
89,1.126260057429425,0.3241524398326874,0.1934259831905365,0.7749938368797302,0.6292217969894409,0.7886671423912048,1.126260057429425,0.32985547184944153,0.19750121235847473,0.8074941635131836,0.5234172344207764,0.8357664942741394,0.4677048921585083,0.30523160099983215,0.8372802734375,0.8328889012336731,0.8376925587654114
90,1.116909104225983,0.32543879747390747,0.19434277713298798,0.7759706377983093,0.6301760077476501,0.7896459698677063,1.116909104225983,0.3312629163265228,0.19851122796535492,0.808490514755249,0.5240305662155151,0.8368009924888611,0.4677048921585083,0.30523160099983215,0.8372802734375,0.8328889012336731,0.8376925587654114
91,1.1226403922309096,0.3266468048095703,0.1952049434185028,0.7772786617279053,0.6299500465393066,0.7910979986190796,1.1226403922309096,0.3327876031398773,0.1996072679758072,0.8092871904373169,0.525450587272644,0.8375356197357178,0.4677048921585083,0.30523160099983215,0.8372802734375,0.8328889012336731,0.8376925587654114
92,1.115741155395868,0.3279266953468323,0.19611983001232147,0.7783510088920593,0.6305721402168274,0.7922125458717346,1.115741155395868,0.3341778516769409,0.20060843229293823,0.8094818592071533,0.5282076597213745,0.8374752998352051,0.4677048921585083,0.30523160099983215,0.8372802734375,0.8328889012336731,0.8376925587654114
93,1.121972713490861,0.3290001451969147,0.19688820838928223,0.7788423299789429,0.6322436332702637,0.7925931811332703,1.121972713490861,0.33566561341285706,0.20168165862560272,0.8103082776069641,0.5294409394264221,0.8382611870765686,0.4677048921585083,0.30523160099983215,0.8372802734375,0.8328889012336731,0.8376925587654114
94,1.1151339622351426,0.33024364709854126,0.1977795511484146,0.7799423336982727,0.6326492428779602,0.7937583327293396,1.1151339622351426,0.3370994031429291,0.20271776616573334,0.811184823513031,0.5303900241851807,0.8391305208206177,0.4677048921585083,0.30523160099983215,0.8372802734375,0.8328889012336731,0.8376925587654114
95,1.11701523311618,0.33144411444664,0.1986413449048996,0.781095027923584,0.6327571272850037,0.7950089573860168,1.11701523311618,0.33856844902038574,0.20378123223781586,0.8116244673728943,0.5326416492462158,0.8393898010253906,0.4677048921585083,0.30523160099983215,0.8372802734375,0.8328889012336731,0.8376925587654114
96,1.1145403112591747,0.3326129615306854,0.1994815617799759,0.7817937135696411,0.6340704560279846,0.795650064945221,1.1145403112591747,0.34000110626220703,0.2048201560974121,0.8121906518936157,0.5344453454017639,0.8398328423500061,0.4677048921585083,0.30523160099983215,0.8372802734375,0.8328889012336731,0.8376925587654114
97,1.1125369353769,0.33380433917045593,0.20033924281597137,0.7825912237167358,0.6351498365402222,0.7964210510253906,1.1125369353769,0.34133657813072205,0.2057902216911316,0.8129898905754089,0.5353444218635559,0.8406221866607666,0.4677048921585083,0.30523160099983215,0.8372802734375,0.8328889012336731,0.8376925587654114
98,1.1139461743768027,0.3349881172180176,0.20119266211986542,0.7836416363716125,0.6354517340660095,0.7975416779518127,1.1139461743768027,0.34269803762435913,0.20678074657917023,0.813679575920105,0.5366067886352539,0.8412548303604126,0.4677048921585083,0.30523160099983215,0.8372802734375,0.8328889012336731,0.8376925587654114
99,1.1109014878026189,0.3361800014972687,0.20205312967300415,0.78456711769104,0.636124849319458,0.7984908819198608,1.1109014878026189,0.3440210819244385,0.20774489641189575,0.8140103816986084,0.5388064980506897,0.8413996696472168,0.4677048921585083,0.30523160099983215,0.8372802734375,0.8328889012336731,0.8376925587654114
100,1.1123600370797262,0.33727917075157166,0.20284776389598846,0.7851757407188416,0.6374573707580566,0.7990316152572632,1.1123600370797262,0.34540462493896484,0.20875480771064758,0.8146646618843079,0.5402098298072815,0.8419793248176575,0.4677048921585083,0.30523160099983215,0.8372802734375,0.8328889012336731,0.8376925587654114
101,1.1095077095332826,0.33845099806785583,0.2036961168050766,0.7860779762268066,0.6381139159202576,0.7999569177627563,1.1095077095332826,0.3467460572719574,0.20973558723926544,0.8153699040412903,0.5413534641265869,0.8426409959793091,0.4677048921585083,0.30523160099983215,0.8372802734375,0.8328889012336731,0.8376925587654114
102,1.1099705159528175,0.33960407972335815,0.20453199744224548,0.7870324850082397,0.6385439038276672,0.8009605407714844,1.1099705159528175,0.3480685353279114,0.210704043507576,0.8157916069030762,0.5432769060134888,0.8429132103919983,0.4677048921585083,0.30523160099983215,0.8372802734375,0.8328889012336731,0.8376925587654114
103,1.1086780154935325,0.3407175540924072,0.20534032583236694,0.7877013683319092,0.6397040486335754,0.8015834093093872,1.1086780154935325,0.34938979148864746,0.21167318522930145,0.8163099884986877,0.5449088215827942,0.8433207869529724,0.4677048921585083,0.30523160099983215,0.8372802734375,0.8328889012336731,0.8376925587654114
104,1.1072770934378315,0.3418479561805725,0.20616203546524048,0.7884523868560791,0.6406543254852295,0.8023156523704529,1.1072770934378315,0.3506813645362854,0.2126220315694809,0.8169768452644348,0.546021580696106,0.8439432978630066,0.4677048921585083,0.30523160099983215,0.8372802734375,0.8328889012336731,0.8376925587654114
105,1.1079214375652797,0.34297990798950195,0.20698601007461548,0.7893607020378113,0.6411185264587402,0.8032656311988831,1.1079214375652797,0.3519666790962219,0.21356776356697083,0.8174570202827454,0.5476691722869873,0.8443072438240051,0.4677048921585083,0.30523160099983215,0.8372802734375,0.8328889012336731,0.8376925587654114
106,1.10580794837023,0.34409621357917786,0.20779967308044434,0.7900891900062561,0.6420716047286987,0.8039730787277222,1.10580794837023,0.35322776436805725,0.21449708938598633,0.8178539276123047,0.5495057702064514,0.8445608615875244,0.4677048921585083,0.30523160099983215,0.8372802734375,0.8328889012336731,0.8376925587654114
107,1.1058603413993175,0.34517666697502136,0.20858824253082275,0.790743350982666,0.643139660358429,0.8045885562896729,1.1058603413993175,0.3544953763484955,0.21543268859386444,0.8184921145439148,0.550624668598175,0.8451512455940247,0.4677048921585083,0.30523160099983215,0.8372802734375,0.8328889012336731,0.8376925587654114
108,1.1061288419176036,0.3462832570075989,0.20939698815345764,0.7916215658187866,0.6435815095901489,0.8055076003074646,1.1061288419176036,0.35574331879615784,0.21635517477989197,0.8189396858215332,0.5522682070732117,0.8454797863960266,0.4677048921585083,0.30523160099983215,0.8372802734375,0.8328889012336731,0.8376925587654114
109,1.1039915957121202,0.3473644554615021,0.21018819510936737,0.7923046350479126,0.6445406079292297,0.8061648011207581,1.1039915957121202,0.35698390007019043,0.21727357804775238,0.8193483948707581,0.5540098547935486,0.8457558751106262,0.4677048921585083,0.30523160099983215,0.8372802734375,0.8328889012336731,0.8376925587654114
110,1.1037091711981404,0.348421573638916,0.21096277236938477,0.7929385304450989,0.6455745697021484,0.8067611455917358,1.1037091711981404,0.358211874961853,0.21818405389785767,0.8199651837348938,0.5550776720046997,0.8463277220726013,0.4677048921585083,0.30523160099983215,0.8372802734375,0.8328889012336731,0.8376925587654114
111,1.1043716003250181,0.3494987487792969,0.21175312995910645,0.7937765717506409,0.6460175514221191,0.8076363205909729,1.1043716003250181,0.3594169020652771,0.21907880902290344,0.8203206062316895,0.5568910241127014,0.8465380668640137,0.4677048921585083,0.30523160099983215,0.8372802734375,0.8328889012336731,0.8376925587654114
112,1.1029184060984487,0.35052114725112915,0.21250420808792114,0.7943580150604248,0.6470975875854492,0.8081709146499634,1.1029184060984487,0.3606320023536682,0.21998240053653717,0.8208258748054504,0.5582613348960876,0.846957266330719,0.4677048921585083,0.30523160099983215,0.8372802734375,0.8328889012336731,0.8376925587654114
113,1.1014336178982942,0.3515830338001251,0.21328528225421906,0.7950789332389832,0.6478418707847595,0.808889627456665,1.1014336178982942,0.36183515191078186,0.22087840735912323,0.8213085532188416,0.5596681833267212,0.8473479151725769,0.4677048921585083,0.30523160099983215,0.8372802734375,0.8328889012336731,0.8376925587654114
114,1.1008483045498445,0.35263538360595703,0.21406035125255585,0.7957795262336731,0.6486121416091919,0.8095836639404297,1.1008483045498445,0.36300358176231384,0.22174982726573944,0.8216525912284851,0.5614222288131714,0.8475516438484192,0.4677048921585083,0.30523160099983215,0.8372802734375,0.8328889012336731,0.8376925587654114
115,1.1008057829208526,0.353641539812088,0.2148023098707199,0.7963548898696899,0.649639904499054,0.8101165890693665,1.1008057829208526,0.36417919397354126,0.22262786328792572,0.8222236037254333,0.562475323677063,0.8480746746063232,0.4677048921585083,0.30523160099983215,0.8372802734375,0.8328889012336731,0.8376925587654114
116,1.1014830164447145,0.3546828627586365,0.21557116508483887,0.7971434593200684,0.6500771045684814,0.8109381794929504,1.1014830164447145,0.36526671051979065,0.2234412282705307,0.8224548697471619,0.5643864274024963,0.8481387495994568,0.4677048921585083,0.30523160099983215,0.8372802734375,0.8328889012336731,0.8376925587654114
117,1.1018625074927284,0.3556111752986908,0.21625739336013794,0.7975922226905823,0.6512734889984131,0.8113168478012085,1.1018625074927284,0.36634811758995056,0.22425110638141632,0.82305508852005,0.5651065111160278,0.8487270474433899,0.4677048921585083,0.30523160099983215,0.8372802734375,0.8328889012336731,0.8376925587654114
118,1.1035550643893064,0.3566078841686249,0.2169950306415558,0.7983992695808411,0.6515026092529297,0.8121780753135681,1.1035550643893064,0.3674164414405823,0.22505222260951996,0.8233112096786499,0.566889762878418,0.8488312363624573,0.4677048921585083,0.30523160099983215,0.8372802734375,0.8328889012336731,0.8376925587654114
119,1.100712154823786,0.35752829909324646,0.2176770120859146,0.7988559603691101,0.6526381373405457,0.8125709891319275,1.100712154823786,0.36856669187545776,0.22591593861579895,0.8238190412521362,0.5680630207061768,0.8492727875709534,0.4677048921585083,0.30523160099983215,0.8372802734375,0.8328889012336731,0.8376925587654114
120,1.0983163833640481,0.35853880643844604,0.2184266448020935,0.7995544672012329,0.6532372832298279,0.8132789134979248,1.0983163833640481,0.3697051405906677,0.2267720252275467,0.8242506980895996,0.5694482326507568,0.8496095538139343,0.4677048921585083,0.30523160099983215,0.8372802734375,0.8328889012336731,0.8376925587654114
121,1.0973570378579107,0.35952141880989075,0.2191564440727234,0.8001736402511597,0.6540060639381409,0.8138840794563293,1.0973570378579107,0.37080118060112,0.22759731113910675,0.8245943784713745,0.5710124373435974,0.849831759929657,0.4677048921585083,0.30523160099983215,0.8372802734375,0.8328889012336731,0.8376925587654114
122,1.0971791263448212,0.360462486743927,0.21985623240470886,0.8006930947303772,0.6549757122993469,0.8143612742424011,1.0971791263448212,0.37187373638153076,0.22840601205825806,0.825129508972168,0.5718920230865479,0.8503326177597046,0.4677048921585083,0.30523160099983215,0.8372802734375,0.8328889012336731,0.8376925587654114
123,1.0984818124894962,0.36143383383750916,0.2205793410539627,0.8013978004455566,0.6554141044616699,0.8150910139083862,1.0984818124894962,0.372884601354599,0.22916918992996216,0.8253606557846069,0.5736117959022522,0.8504155874252319,0.4677048921585083,0.30523160099983215,0.8372802734375,0.8328889012336731,0.8376925587654114
124,1.0990571849591708,0.36229032278060913,0.22121770679950714,0.8017803430557251,0.6565825343132019,0.8153997659683228,1.0990571849591708,0.3738967776298523,0.22993427515029907,0.8259377479553223,0.5741948485374451,0.8509920835494995,0.4677048921585083,0.30523160099983215,0.8372802734375,0.8328889012336731,0.8376925587654114
125,1.1003932983823916,0.3632429540157318,0.22192849218845367,0.8025355935096741,0.6567819118499756,0.8162071704864502,1.1003932983823916,0.37487882375717163,0.230677530169487,0.8261586427688599,0.5758758187294006,0.8510676622390747,0.4677048921585083,0.30523160099983215,0.8372802734375,0.8328889012336731,0.8376925587654114
126,1.098515302843001,0.36406657099723816,0.22254367172718048,0.8028962016105652,0.6579199433326721,0.816494882106781,1.098515302843001,0.3758825957775116,0.23143813014030457,0.8266638517379761,0.576665461063385,0.8515446186065674,0.4677048921585083,0.30523160099983215,0.8372802734375,0.8328889012336731,0.8376925587654114
127,1.0968192884493606,0.3650089502334595,0.22324830293655396,0.8035650253295898,0.6583601832389832,0.8171851634979248,1.0968192884493606,0.37691283226013184,0.23221977055072784,0.8270323276519775,0.5779709219932556,0.8518198132514954,0.4677048921585083,0.30523160099983215,0.8372802734375,0.8328889012336731,0.8376925587654114
128,1.0948780023483167,0.3659164309501648,0.22392763197422028,0.804085910320282,0.6591888666152954,0.8176771402359009,1.0948780023483167,0.37793394923210144,0.23299546539783478,0.8273711800575256,0.5793508887290955,0.852055013179779,0.4677048921585083,0.30523160099983215,0.8372802734375,0.8328889012336731,0.8376925587654114
129,1.094662433352012,0.36681491136550903,0.22460095584392548,0.8045905828475952,0.6600404977798462,0.8181492686271667,1.094662433352012,0.3789646029472351,0.2337794154882431,0.8278786540031433,0.5801844000816345,0.8525300025939941,0.4677048921585083,0.30523160099983215,0.8372802734375,0.8328889012336731,0.8376925587654114
130,1.095513848456195,0.3677556812763214,0.22530677914619446,0.8052642941474915,0.6604331731796265,0.8188493251800537,1.095513848456195,0.3798985779285431,0.23449067771434784,0.8280833959579468,0.5817972421646118,0.8525946736335754,0.4677048921585083,0.30523160099983215,0.8372802734375,0.8328889012336731,0.8376925587654114
131,1.0958482662932412,0.3685525059700012,0.22590525448322296,0.8056027293205261,0.6615476012229919,0.8191149234771729,1.0958482662932412,0.38085949420928955,0.23522330820560455,0.8286095261573792,0.5823863744735718,0.8531145453453064,0.4677048921585083,0.30523160099983215,0.8372802734375,0.8328889012336731,0.8376925587654114
132,1.0984888525305956,0.3694535195827484,0.22658267617225647,0.8063079118728638,0.6617036461830139,0.8198716044425964,1.0984888525305956,0.3817380964756012,0.23589396476745605,0.8287692070007324,0.5840148329734802,0.8531280159950256,0.4677048921585083,0.30523160099983215,0.8372802734375,0.8328889012336731,0.8376925587654114
133,1.0994194692751127,0.37013912200927734,0.22709859907627106,0.8065107464790344,0.6629579663276672,0.8199759125709534,1.0994194692751127,0.3826292157173157,0.23657487332820892,0.8293088674545288,0.5843753814697266,0.8536854982376099,0.4677048921585083,0.30523160099983215,0.8372802734375,0.8328889012336731,0.8376925587654114
134,1.0986798003302682,0.3710169792175293,0.22775989770889282,0.8071977496147156,0.6630951166152954,0.8207144141197205,1.0986798003302682,0.38360902667045593,0.23732446134090424,0.8297097682952881,0.5854249596595764,0.8540218472480774,0.4677048921585083,0.30523160099983215,0.8372802734375,0.8328889012336731,0.8376925587654114
135,1.0918145538751232,0.3718940317630768,0.22842128574848175,0.8077242970466614,0.6637729406356812,0.8212267756462097,1.0918145538751232,0.3843207061290741,0.2378694862127304,0.8297316431999207,0.5871134996414185,0.8538779020309448,0.4677048921585083,0.30523160099983215,0.8372802734375,0.8328889012336731,0.8376925587654114
136,1.0981318371489404,0.37258175015449524,0.2289404273033142,0.8079652190208435,0.6648951172828674,0.8213850855827332,1.0981318371489404,0.38519442081451416,0.23853926360607147,0.830268919467926,0.5874251127243042,0.8544375896453857,0.4677048921585083,0.30523160099983215,0.8372802734375,0.8328889012336731,0.8376925587654114
137,1.1015611589933785,0.3734132647514343,0.22956860065460205,0.8086642622947693,0.6648344397544861,0.8221552968025208,1.1015611589933785,0.3861030042171478,0.239236518740654,0.8306455612182617,0.5883735418319702,0.8547573685646057,0.4677048921585083,0.30523160099983215,0.8372802734375,0.8328889012336731,0.8376925587654114
138,1.0917486716503515,0.374254435300827,0.23020485043525696,0.8091707229614258,0.6654616594314575,0.8226504921913147,1.0917486716503515,0.3867851793766022,0.23976054787635803,0.8306398391723633,0.5900887250900269,0.8545803427696228,0.4677048921585083,0.30523160099983215,0.8372802734375,0.8328889012336731,0.8376925587654114
139,1.1016333401113676,0.3748210370540619,0.2306336909532547,0.8092709183692932,0.6667229533195496,0.8226417899131775,1.1016333401113676,0.387621134519577,0.24040332436561584,0.8311490416526794,0.5903910994529724,0.8551101088523865,0.4677048921585083,0.30523160099983215,0.8372802734375,0.8328889012336731,0.8376925587654114
140,1.0996679534782239,0.37563085556030273,0.23124723136425018,0.8099128603935242,0.6667780876159668,0.8233388066291809,1.0996679534782239,0.38851937651634216,0.24109472334384918,0.8316289782524109,0.5909438133239746,0.8555828332901001,0.4677048921585083,0.30523160099983215,0.8372802734375,0.8328889012336731,0.8376925587654114
141,1.0948666842519006,0.3764708638191223,0.23188431560993195,0.8105215430259705,0.6670268177986145,0.8239812850952148,1.0948666842519006,0.38903599977493286,0.24149273335933685,0.8315241932868958,0.5925987362861633,0.8553028702735901,0.4677048921585083,0.30523160099983215,0.8372802734375,0.8328889012336731,0.8376925587654114
142,1.1005328673013497,0.37704792618751526,0.2323223203420639,0.8106684684753418,0.6681496500968933,0.8240365982055664,1.1005328673013497,0.38994264602661133,0.24219182133674622,0.831946074962616,0.5933729410171509,0.8556897044181824,0.4677048921585083,0.30523160099983215,0.8372802734375,0.8328889012336731,0.8376925587654114
143,1.0905553197874784,0.37788429856300354,0.23295769095420837,0.8112049102783203,0.6686321496963501,0.824578046798706,1.0905553197874784,0.390769898891449,0.24283041059970856,0.8324041366577148,0.5938161611557007,0.8561492562294006,0.4677048921585083,0.30523160099983215,0.8372802734375,0.8328889012336731,0.8376925587654114
144,1.094448236494444,0.3786940276622772,0.23357346653938293,0.8117839097976685,0.6688804626464844,0.8251881003379822,1.094448236494444,0.39159977436065674,0.2434716671705246,0.8326445817947388,0.5950339436531067,0.8562924265861511,0.4677048921585083,0.30523160099983215,0.8372802734375,0.8328889012336731,0.8376925587654114
145,1.0925620450679165,0.37938588857650757,0.2341001182794571,0.8120696544647217,0.6698310375213623,0.8254115581512451,1.0925620450679165,0.3924812376499176,0.24415349960327148,0.8329534530639648,0.5961363315582275,0.8565223217010498,0.4677048921585083,0.30523160099983215,0.8372802734375,0.8328889012336731,0.8376925587654114
146,1.0888663949981638,0.38015204668045044,0.2346837967634201,0.8124541640281677,0.6706383228302002,0.8257563710212708,1.0888663949981638,0.39338743686676025,0.24485526978969574,0.833407998085022,0.596777081489563,0.8569583892822266,0.4677048921585083,0.30523160099983215,0.8372802734375,0.8328889012336731,0.8376925587654114
147,1.091968681055663,0.3809782862663269,0.23531392216682434,0.8130372762680054,0.6709005236625671,0.82636958360672,1.091968681055663,0.39427292346954346,0.2455417364835739,0.833731472492218,0.5978317260742188,0.8572090268135071,0.4677048921585083,0.30523160099983215,0.8372802734375,0.8328889012336731,0.8376925587654114
148,1.0886909987534685,0.38176703453063965,0.23591601848602295,0.813479483127594,0.6715553402900696,0.8267917633056641,1.0886909987534685,0.39509445428848267,0.24617932736873627,0.833956778049469,0.5990781188011169,0.857332706451416,0.4677048921585083,0.30523160099983215,0.8372802734375,0.8328889012336731,0.8376925587654114
149,1.0886526598108144,0.38249558210372925,0.23647268116474152,0.8138119578361511,0.6724299192428589,0.8270733952522278,1.0886526598108144,0.39593496918678284,0.24683229625225067,0.8343423008918762,0.5997920632362366,0.8576855659484863,0.4677048921585083,0.30523160099983215,0.8372802734375,0.8328889012336731,0.8376925587654114
150,1.0884893307042056,0.3832961320877075,0.23708495497703552,0.8143190145492554,0.6728744506835938,0.8275863528251648,1.0884893307042056,0.3967408537864685,0.2474590241909027,0.834676206111908,0.6006026268005371,0.8579720258712769,0.4677048921585083,0.30523160099983215,0.8372802734375,0.8328889012336731,0.8376925587654114
151,1.0875528861774244,0.3840629756450653,0.23767201602458954,0.8147525787353516,0.6734838485717773,0.828003466129303,1.0875528861774244,0.39753031730651855,0.24807359278202057,0.834924042224884,0.6016831398010254,0.8581370115280151,0.4677048921585083,0.30523160099983215,0.8372802734375,0.8328889012336731,0.8376925587654114
152,1.087370751515922,0.3847716450691223,0.23821504414081573,0.8150731325149536,0.6743347644805908,0.8282743096351624,1.087370751515922,0.39837846159935,0.2487345188856125,0.8353036642074585,0.6024282574653625,0.8584802150726318,0.4677048921585083,0.30523160099983215,0.8372802734375,0.8328889012336731,0.8376925587654114
153,1.0863743645575776,0.38556134700775146,0.23882073163986206,0.8155534267425537,0.6748300194740295,0.8287532329559326,1.0863743645575776,0.3992321789264679,0.24940048158168793,0.8356616497039795,0.6032628417015076,0.8587908744812012,0.4677048921585083,0.30523160099983215,0.8372802734375,0.8328889012336731,0.8376925587654114
154,1.0861814761571051,0.38633760809898376,0.23941665887832642,0.8160087466239929,0.6753727793693542,0.829200267791748,1.0861814761571051,0.40005213022232056,0.25004076957702637,0.8359260559082031,0.604354202747345,0.8589729070663452,0.4677048921585083,0.30523160099983215,0.8372802734375,0.8328889012336731,0.8376925587654114
155,1.0858068537058077,0.38705605268478394,0.2399687021970749,0.8163573741912842,0.6761381030082703,0.8295098543167114,1.0858068537058077,0.4008824825286865,0.25068986415863037,0.8362577557563782,0.6052218675613403,0.8592513203620911,0.4677048921585083,0.30523160099983215,0.8372802734375,0.8328889012336731,0.8376925587654114
156,1.0844625873935525,0.3878203332424164,0.240556538105011,0.8167934417724609,0.6767082810401917,0.8299333453178406,1.0844625873935525,0.4016827642917633,0.251316100358963,0.8365814685821533,0.6060409545898438,0.8595256209373474,0.4677048921585083,0.30523160099983215,0.8372802734375,0.8328889012336731,0.8376925587654114
157,1.0845779308384906,0.3885821998119354,0.24114306271076202,0.8172353506088257,0.6772451996803284,0.830366313457489,1.0845779308384906,0.4024377167224884,0.25190743803977966,0.8367950916290283,0.6071521639823914,0.8596500158309937,0.4677048921585083,0.30523160099983215,0.8372802734375,0.8328889012336731,0.8376925587654114
158,1.0847760961230384,0.38927289843559265,0.24167530238628387,0.8175457715988159,0.6780626177787781,0.8306291699409485,1.0847760961230384,0.403260201215744,0.2525523006916046,0.8371562957763672,0.6078835725784302,0.8599742650985718,0.4677048921585083,0.30523160099983215,0.8372802734375,0.8328889012336731,0.8376925587654114
159,1.0842244683138156,0.3900458514690399,0.24227143824100494,0.818015456199646,0.6785187721252441,0.8311001062393188,1.0842244683138156,0.40406638383865356,0.2531850039958954,0.8374536633491516,0.608808696269989,0.8602092266082764,0.4677048921585083,0.30523160099983215,0.8372802734375,0.8328889012336731,0.8376925587654114
160,1.082961507702735,0.390768438577652,0.24282923340797424,0.8183847665786743,0.6792008280754089,0.8314400911331177,1.082961507702735,0.4048658609390259,0.25381311774253845,0.8377549052238464,0.6097008585929871,0.8604516386985779,0.4677048921585083,0.30523160099983215,0.8372802734375,0.8328889012336731,0.8376925587654114
161,1.082970964089402,0.3914822041988373,0.24338075518608093,0.8187530040740967,0.6798583269119263,0.8317812085151672,1.082970964089402,0.40566787123680115,0.25444382429122925,0.8381180167198181,0.6103639602661133,0.8607848882675171,0.4677048921585083,0.30523160099983215,0.8372802734375,0.8328889012336731,0.8376925587654114
162,1.0828046012603991,0.3922402858734131,0.2439669966697693,0.8192093968391418,0.6803070306777954,0.8322382569313049,1.0828046012603991,0.4064027965068817,0.2550223469734192,0.8383454084396362,0.6113669872283936,0.8609350323677063,0.4677048921585083,0.30523160099983215,0.8372802734375,0.8328889012336731,0.8376925587654114
163,1.0820176868006124,0.39293575286865234,0.24450534582138062,0.8195439577102661,0.6810311675071716,0.8325363397598267,1.0820176868006124,0.40717408061027527,0.2556300461292267,0.8386383056640625,0.6122127771377563,0.8611729741096497,0.4677048921585083,0.30523160099983215,0.8372802734375,0.8328889012336731,0.8376925587654114
164,1.0815293699392379,0.3936731219291687,0.24507661163806915,0.8199541568756104,0.6815862655639648,0.8329329490661621,1.0815293699392379,0.40794119238853455,0.2562350630760193,0.8389052748680115,0.6131443977355957,0.8613738417625427,0.4677048921585083,0.30523160099983215,0.8372802734375,0.8328889012336731,0.8376925587654114
165,1.0807449244505303,0.39438262581825256,0.2456268072128296,0.8203151822090149,0.6822438836097717,0.8332660794258118,1.0807449244505303,0.4087255001068115,0.25685420632362366,0.8392171263694763,0.6139475107192993,0.8616368174552917,0.4677048921585083,0.30523160099983215,0.8372802734375,0.8328889012336731,0.8376925587654114
166,1.0802598644753596,0.3951079547405243,0.24618975818157196,0.8207108974456787,0.6828113198280334,0.8336457014083862,1.0802598644753596,0.40948906540870667,0.2574576139450073,0.8395065665245056,0.6147809028625488,0.8618721961975098,0.4677048921585083,0.30523160099983215,0.8372802734375,0.8328889012336731,0.8376925587654114
167,1.079800128454092,0.39581769704818726,0.24674110114574432,0.8210828900337219,0.6834204196929932,0.833995521068573,1.079800128454092,0.4102371335029602,0.2580493092536926,0.8397794365882874,0.615636944770813,0.8620868921279907,0.4677048921585083,0.30523160099983215,0.8372802734375,0.8328889012336731,0.8376925587654114
168,1.0795285087879172,0.39652732014656067,0.24729286134243011,0.8214532136917114,0.6840318441390991,0.8343432545661926,1.0795285087879172,0.41099515557289124,0.25864946842193604,0.840071976184845,0.61644047498703,0.8623286485671997,0.4677048921585083,0.30523160099983215,0.8372802734375,0.8328889012336731,0.8376925587654114
169,1.0789592283265599,0.39725056290626526,0.24785570800304413,0.8218477964401245,0.6845855116844177,0.8347229361534119,1.0789592283265599,0.411725252866745,0.25922802090644836,0.8403081297874451,0.6173892617225647,0.8624938130378723,0.4677048921585083,0.30523160099983215,0.8372802734375,0.8328889012336731,0.8376925587654114
170,1.0790823902922821,0.39792025089263916,0.24837735295295715,0.8221661448478699,0.6852757930755615,0.8350063562393188,1.0790823902922821,0.4124893546104431,0.2598341107368469,0.8406578898429871,0.6179828643798828,0.8628193736076355,0.4677048921585083,0.30523160099983215,0.8372802734375,0.8328889012336731,0.8376925587654114
171,1.0806880522605127,0.3986455500125885,0.2489427626132965,0.8226116895675659,0.6856306195259094,0.8354604840278625,1.0806880522605127,0.4130696654319763,0.2602948248386383,0.840740978717804,0.6191409826278687,0.8627954125404358,0.4677048921585083,0.30523160099983215,0.8372802734375,0.8328889012336731,0.8376925587654114
172,1.084253171789827,0.399172842502594,0.24935415387153625,0.8227691650390625,0.6865300536155701,0.8355482816696167,1.084253171789827,0.4137866795063019,0.2608645260334015,0.841163694858551,0.6193263530731201,0.8632417321205139,0.4677048921585083,0.30523160099983215,0.8372802734375,0.8328889012336731,0.8376925587654114
173,1.0895654537069246,0.3998720049858093,0.24990005791187286,0.8232909440994263,0.6865066885948181,0.8361212611198425,1.0895654537069246,0.4144526720046997,0.26139411330223083,0.8413680791854858,0.6202294826507568,0.8633766174316406,0.4677048921585083,0.30523160099983215,0.8372802734375,0.8328889012336731,0.8376925587654114
174,1.0817351592587028,0.40046194195747375,0.25036099553108215,0.8235479593276978,0.6871950030326843,0.8363377451896667,1.0817351592587028,0.41503989696502686,0.2618614733219147,0.8414905071258545,0.6212522983551025,0.8634093403816223,0.4677048921585083,0.30523160099983215,0.8372802734375,0.8328889012336731,0.8376925587654114
175,1.0823697680004294,0.40101125836372375,0.2507905960083008,0.8237552046775818,0.6879597306251526,0.8364927172660828,1.0823697680004294,0.4157293736934662,0.26241064071655273,0.8418300151824951,0.6216840147972107,0.8637396693229675,0.4677048921585083,0.30523160099983215,0.8372802734375,0.8328889012336731,0.8376925587654114
176,1.083532428059672,0.401691734790802,0.2513231039047241,0.8241996169090271,0.6881712079048157,0.8369589447975159,1.083532428059672,0.41639354825019836,0.26294007897377014,0.8420887589454651,0.6223660707473755,0.8639563322067261,0.4677048921585083,0.30523160099983215,0.8372802734375,0.8328889012336731,0.8376925587654114
177,1.0803243445292046,0.40234431624412537,0.2518341839313507,0.8245638608932495,0.6886119842529297,0.83731609582901,1.0803243445292046,0.4169701635837555,0.263400137424469,0.8422170877456665,0.62333744764328,0.8640007376670837,0.4677048921585083,0.30523160099983215,0.8372802734375,0.8328889012336731,0.8376925587654114
178,1.080398268086936,0.40291109681129456,0.25227847695350647,0.8247900605201721,0.6893467307090759,0.8374945521354675,1.080398268086936,0.41764944791793823,0.2639424800872803,0.8424932956695557,0.6239866614341736,0.8642399311065674,0.4677048921585083,0.30523160099983215,0.8372802734375,0.8328889012336731,0.8376925587654114
179,1.080075053171509,0.40356844663619995,0.252794086933136,0.8251610398292542,0.6897686719894409,0.8378608226776123,1.080075053171509,0.41833242774009705,0.2644882798194885,0.842757523059845,0.6246914267539978,0.8644602298736572,0.4677048921585083,0.30523160099983215,0.8372802734375,0.8328889012336731,0.8376925587654114
180,1.077943297716792,0.4042205214500427,0.2533060312271118,0.8255047798156738,0.6902797818183899,0.8381887674331665,1.077943297716792,0.418996661901474,0.2650195062160492,0.8429878950119019,0.625480592250824,0.8646350502967834,0.4677048921585083,0.30523160099983215,0.8372802734375,0.8328889012336731,0.8376925587654114
181,1.0770665762290121,0.40484756231307983,0.2537986934185028,0.8258079886436462,0.6908764839172363,0.8384644389152527,1.0770665762290121,0.4196705222129822,0.2655589282512665,0.8432618975639343,0.62611985206604,0.8648726344108582,0.4677048921585083,0.30523160099983215,0.8372802734375,0.8328889012336731,0.8376925587654114
182,1.0775539569244006,0.40550097823143005,0.2543124854564667,0.8261620402336121,0.6913439631462097,0.8388078808784485,1.0775539569244006,0.4203455150127411,0.2660996913909912,0.8435271978378296,0.6267940402030945,0.8650972843170166,0.4677048921585083,0.30523160099983215,0.8372802734375,0.8328889012336731,0.8376925587654114
183,1.0762915470922592,0.40615516901016235,0.2548273205757141,0.8265073895454407,0.6918450593948364,0.8391386866569519,1.0762915470922592,0.4209847152233124,0.2666122317314148,0.8437231183052063,0.6276532411575317,0.8652271628379822,0.4677048921585083,0.30523160099983215,0.8372802734375,0.8328889012336731,0.8376925587654114
184,1.0767290610760294,0.406762957572937,0.2553060054779053,0.826786458492279,0.6924746036529541,0.8393847942352295,1.0767290610760294,0.42167750000953674,0.26716819405555725,0.8440051674842834,0.6283032298088074,0.865472674369812,0.4677048921585083,0.30523160099983215,0.8372802734375,0.8328889012336731,0.8376925587654114
185,1.0776344316852549,0.4074346423149109,0.2558354139328003,0.8271806836128235,0.6928238868713379,0.839783251285553,1.0776344316852549,0.4222005307674408,0.2675882577896118,0.8440842032432556,0.6293331384658813,0.8654569983482361,0.4677048921585083,0.30523160099983215,0.8372802734375,0.8328889012336731,0.8376925587654114
186,1.0797995455182108,0.40793272852897644,0.25622835755348206,0.8273406624794006,0.6936116218566895,0.839884340763092,1.0797995455182108,0.4228675961494446,0.26812440156936646,0.8444335460662842,0.6296421885490417,0.8658103346824646,0.4677048921585083,0.30523160099983215,0.8372802734375,0.8328889012336731,0.8376925587654114
187,1.0814404362668049,0.4085843861103058,0.2567427456378937,0.8277670741081238,0.6937676072120667,0.8403361439704895,1.0814404362668049,0.4235072135925293,0.2686389088630676,0.8446854948997498,0.6302716135978699,0.8660247921943665,0.4677048921585083,0.30523160099983215,0.8372802734375,0.8328889012336731,0.8376925587654114
188,1.0756243278424735,0.40918850898742676,0.25722000002861023,0.8280711770057678,0.6942758560180664,0.8406210541725159,1.0756243278424735,0.4239785671234131,0.2690183222293854,0.8447483777999878,0.631233811378479,0.8659981489181519,0.4677048921585083,0.30523160099983215,0.8372802734375,0.8328889012336731,0.8376925587654114
189,1.0802478071981025,0.40965259075164795,0.25758689641952515,0.8282115459442139,0.6950415372848511,0.8407027721405029,1.0802478071981025,0.4246287941932678,0.2695421278476715,0.8450583815574646,0.6316525936126709,0.8662973046302795,0.4677048921585083,0.30523160099983215,0.8372802734375,0.8328889012336731,0.8376925587654114
190,1.077782784308299,0.4102981686592102,0.2580975890159607,0.8286053538322449,0.6953014731407166,0.8411091566085815,1.077782784308299,0.42528900504112244,0.27007436752319336,0.8453415632247925,0.6322038173675537,0.866553783416748,0.4677048921585083,0.30523160099983215,0.8372802734375,0.8328889012336731,0.8376925587654114
191,1.0755913056182864,0.4109432101249695,0.25860828161239624,0.8289764523506165,0.695647656917572,0.8414825797080994,1.0755913056182864,0.4257267117500305,0.27042749524116516,0.845373809337616,0.633204996585846,0.866489589214325,0.4677048921585083,0.30523160099983215,0.8372802734375,0.8328889012336731,0.8376925587654114
192,1.0784756771817983,0.41142189502716064,0.25898754596710205,0.8291298151016235,0.6963995099067688,0.841579794883728,1.0784756771817983,0.42638757824897766,0.2709610164165497,0.8456541299819946,0.633767306804657,0.8667418956756592,0.4677048921585083,0.30523160099983215,0.8372802734375,0.8328889012336731,0.8376925587654114
193,1.0750106490171416,0.412066787481308,0.25949886441230774,0.829498291015625,0.6967504024505615,0.8419498801231384,1.0750106490171416,0.4270307123661041,0.2714807093143463,0.8459115624427795,0.634376049041748,0.8669643402099609,0.4677048921585083,0.30523160099983215,0.8372802734375,0.8328889012336731,0.8376925587654114
194,1.0731103796852186,0.41269227862358093,0.25999516248703003,0.829828679561615,0.6971977353096008,0.8422693014144897,1.0731103796852186,0.4275854229927063,0.27192923426628113,0.8460590243339539,0.6352071166038513,0.867043673992157,0.4677048921585083,0.30523160099983215,0.8372802734375,0.8328889012336731,0.8376925587654114
195,1.07513404808574,0.4132070541381836,0.26040393114089966,0.8300248980522156,0.6978738903999329,0.8424205780029297,1.07513404808574,0.42823711037635803,0.2724565863609314,0.8463774919509888,0.6355829238891602,0.8673564195632935,0.4677048921585083,0.30523160099983215,0.8372802734375,0.8328889012336731,0.8376925587654114
196,1.0754733169197643,0.4138542413711548,0.26091817021369934,0.8304136395454407,0.6981383562088013,0.8428210020065308,1.0754733169197643,0.4288490414619446,0.27295219898223877,0.8465938568115234,0.6362754106521606,0.8675255179405212,0.4677048921585083,0.30523160099983215,0.8372802734375,0.8328889012336731,0.8376925587654114
197,1.0727409373972445,0.41441866755485535,0.2613670527935028,0.8306721448898315,0.6986977458000183,0.8430511355400085,1.0727409373972445,0.42942872643470764,0.2734220325946808,0.8467782735824585,0.637016236782074,0.8676544427871704,0.4677048921585083,0.30523160099983215,0.8372802734375,0.8328889012336731,0.8376925587654114
198,1.072262301758074,0.4149743616580963,0.26180925965309143,0.8309189677238464,0.6992784142494202,0.8432666659355164,1.072262301758074,0.4300670027732849,0.27393975853919983,0.8470652103424072,0.6374815106391907,0.8679236769676208,0.4677048921585083,0.30523160099983215,0.8372802734375,0.8328889012336731,0.8376925587654114
199,1.0740620954518905,0.41560786962509155,0.2623137831687927,0.8312922716140747,0.6995573043823242,0.8436487913131714,1.0740620954518905,0.43059036135673523,0.2743645906448364,0.8471940755844116,0.6383053660392761,0.8679834604263306,0.4677048921585083,0.30523160099983215,0.8372802734375,0.8328889012336731,0.8376925587654114
