,train_loss,train_dice,train_iou,train_acc,train_sens,train_spec,val_loss,val_dice,val_iou,val_acc,val_sens,val_spec,test_dice,test_iou,test_acc,test_sens,test_spec
0,1.3271853839612082,0.21434620022773743,0.12003794312477112,0.5938940048217773,0.6454907059669495,0.5890501141548157,1.3271853839612082,0.11366906762123108,0.060259342193603516,0.8402099609375,0.11319959908723831,0.9125645756721497,0.46056750416755676,0.2991800606250763,0.83697509765625,0.8108444213867188,0.8394284844398499
1,1.2948073404818115,0.20000560581684113,0.11111327260732651,0.6737399101257324,0.47567906975746155,0.692313551902771,1.2948073404818115,0.08393368870019913,0.043805211782455444,0.8695182800292969,0.06604012101888657,0.9494832754135132,0.46056750416755676,0.2991800606250763,0.83697509765625,0.8108444213867188,0.8394284844398499
2,1.2729797747130913,0.18387733399868011,0.10124615579843521,0.7269166111946106,0.358704149723053,0.7614577412605286,1.2729797747130913,0.07530229538679123,0.03912422060966492,0.8768946528434753,0.05537761375308037,0.9586548805236816,0.46056750416755676,0.2991800606250763,0.83697509765625,0.8108444213867188,0.8394284844398499
3,1.2639469977102489,0.17696650326251984,0.09707175940275192,0.7523219585418701,0.310482382774353,0.793769121170044,1.2639469977102489,0.09461238980293274,0.04965519160032272,0.8662109375,0.07722943276166916,0.9447331428527832,0.46056750416755676,0.2991800606250763,0.83697509765625,0.8108444213867188,0.8394284844398499
4,1.2622333312761445,0.18087054789066315,0.09942635893821716,0.7518846392631531,0.31941860914230347,0.7924510836601257,1.2622333312761445,0.11659397184848785,0.061905913054943085,0.8519698977470398,0.10792312771081924,0.926020085811615,0.46056750416755676,0.2991800606250763,0.83697509765625,0.8108444213867188,0.8394284844398499
5,1.2611298525445895,0.18739403784275055,0.10338328033685684,0.7422585487365723,0.34648627042770386,0.7793891429901123,1.2611298525445895,0.13406334817409515,0.07184775173664093,0.8377062678337097,0.13879524171352386,0.9072643518447876,0.46056750416755676,0.2991800606250763,0.83697509765625,0.8108444213867188,0.8394284844398499
6,1.259038927242777,0.19358128309249878,0.10716261714696884,0.7293781638145447,0.37875896692276,0.7622667551040649,1.259038927242777,0.15012794733047485,0.08115585148334503,0.8251549601554871,0.170612171292305,0.8902974128723145,0.46056750416755676,0.2991800606250763,0.83697509765625,0.8108444213867188,0.8394284844398499
7,1.2584479181531356,0.1988692283630371,0.11041320860385895,0.715782880783081,0.41134998202323914,0.7443391680717468,1.2584479181531356,0.1636471450328827,0.08911529928445816,0.8143024444580078,0.20071223378181458,0.875369131565094,0.46056750416755676,0.2991800606250763,0.83697509765625,0.8108444213867188,0.8394284844398499
8,1.2579976604952168,0.2030928134918213,0.11302326619625092,0.7025826573371887,0.44193294644355774,0.7270316481590271,1.2579976604952168,0.17387442290782928,0.09521493315696716,0.804495096206665,0.22729827463626862,0.8619397282600403,0.46056750416755676,0.2991800606250763,0.83697509765625,0.8108444213867188,0.8394284844398499
9,1.2573715883721592,0.20645418763160706,0.11510927975177765,0.6901569366455078,0.4699999988079071,0.7108076214790344,1.2573715883721592,0.1814243048429489,0.09976176172494888,0.7932945489883423,0.25306811928749084,0.8470597863197327,0.46056750416755676,0.2991800606250763,0.83697509765625,0.8108444213867188,0.8394284844398499
10,1.2558145558365026,0.20923471450805664,0.11684074252843857,0.6787788271903992,0.49557480216026306,0.6959627270698547,1.2558145558365026,0.18772147595882416,0.10358312726020813,0.7817140221595764,0.27866578102111816,0.8317791223526001,0.46056750416755676,0.2991800606250763,0.83697509765625,0.8108444213867188,0.8394284844398499
11,1.2558004614065483,0.21144862473011017,0.11822321265935898,0.6685145497322083,0.5182081460952759,0.6826146841049194,1.2558004614065483,0.19219213724136353,0.10631226003170013,0.7699063420295715,0.3023994266986847,0.8164343237876892,0.46056750416755676,0.2991800606250763,0.83697509765625,0.8108444213867188,0.8394284844398499
12,1.2533973011353088,0.2132537066936493,0.11935293674468994,0.6595694422721863,0.5379814505577087,0.6709752082824707,1.2533973011353088,0.19527287781238556,0.10820078104734421,0.7586828470230103,0.3234672546386719,0.8019970059394836,0.46056750416755676,0.2991800606250763,0.83697509765625,0.8108444213867188,0.8394284844398499
13,1.2523300416046241,0.21462270617485046,0.12021125108003616,0.651758074760437,0.5548446178436279,0.6608487963676453,1.2523300416046241,0.19743572175502777,0.10953047126531601,0.7482539415359497,0.34210336208343506,0.7886754870414734,0.46056750416755676,0.2991800606250763,0.83697509765625,0.8108444213867188,0.8394284844398499
14,1.2517741257413446,0.21588191390037537,0.12100189179182053,0.6453368663787842,0.5692795515060425,0.6524715423583984,1.2517741257413446,0.2005547136068344,0.11145363003015518,0.7380142211914062,0.36305350065231323,0.7753316164016724,0.46056750416755676,0.2991800606250763,0.83697509765625,0.8108444213867188,0.8394284844398499
15,1.2509539824598241,0.21708045899868011,0.12175548821687698,0.6395089030265808,0.582719624042511,0.6448363065719604,1.2509539824598241,0.2041616588830948,0.1136859878897667,0.7274627685546875,0.3862103819847107,0.7614254355430603,0.46056750416755676,0.2991800606250763,0.83697509765625,0.8108444213867188,0.8394284844398499
16,1.250149818071718,0.21832340955734253,0.12253805994987488,0.6337777972221375,0.5963004231452942,0.6372936964035034,1.250149818071718,0.20739714801311493,0.11569609493017197,0.7164086699485779,0.4099103510379791,0.7469124794006348,0.46056750416755676,0.2991800606250763,0.83697509765625,0.8108444213867188,0.8394284844398499
17,1.2488584951886583,0.21951761841773987,0.12329098582267761,0.6282153725624084,0.6096123456954956,0.6299604773521423,1.2488584951886583,0.20994240045547485,0.11728248000144958,0.7061331272125244,0.43136098980903625,0.733479380607605,0.46056750416755676,0.2991800606250763,0.83697509765625,0.8108444213867188,0.8394284844398499
18,1.247448176609713,0.22057513892650604,0.12395858019590378,0.6232250332832336,0.6216480135917664,0.6233729720115662,1.247448176609713,0.21187429130077362,0.11848960071802139,0.6978341937065125,0.4487214684486389,0.722626805305481,0.46056750416755676,0.2991800606250763,0.83697509765625,0.8108444213867188,0.8394284844398499
19,1.2466244653236416,0.22152911126613617,0.12456148117780685,0.6194044351577759,0.6314520239830017,0.6182742714881897,1.2466244653236416,0.213481605052948,0.11949588358402252,0.6972652673721313,0.45390257239341736,0.7214855551719666,0.46056750416755676,0.2991800606250763,0.83697509765625,0.8108444213867188,0.8394284844398499
20,1.2444745579498944,0.22310028970241547,0.1255558431148529,0.6226471066474915,0.6318260431289673,0.6217861175537109,1.2444745579498944,0.21566104888916016,0.12086327373981476,0.700494647026062,0.45490559935569763,0.7249365448951721,0.46056750416755676,0.2991800606250763,0.83697509765625,0.8108444213867188,0.8394284844398499
21,1.2397677409487828,0.22419318556785583,0.1262485682964325,0.628673791885376,0.6256535053253174,0.6289570927619934,1.2397677409487828,0.21820513904094696,0.1224636659026146,0.7002178430557251,0.46219655871391296,0.7239065766334534,0.46056750416755676,0.2991800606250763,0.83697509765625,0.8108444213867188,0.8394284844398499
22,1.240725857383612,0.22529399394989014,0.12694716453552246,0.6281084418296814,0.6305761933326721,0.6278769969940186,1.240725857383612,0.22026017308235168,0.12375976145267487,0.7026294469833374,0.4640161097049713,0.7263770699501038,0.46056750416755676,0.2991800606250763,0.83697509765625,0.8108444213867188,0.8394284844398499
23,1.2373187676409614,0.22613243758678436,0.12747983634471893,0.6324850916862488,0.6261786222457886,0.6330766081809998,1.2373187676409614,0.2225273847579956,0.12519314885139465,0.7044760584831238,0.4672398269176483,0.7280866503715515,0.46056750416755676,0.2991800606250763,0.83697509765625,0.8108444213867188,0.8394284844398499
24,1.2352233216215174,0.22712847590446472,0.1281132698059082,0.6353640556335449,0.6248217225074768,0.6363528370857239,1.2352233216215174,0.22474856674671173,0.126600980758667,0.7059237957000732,0.4709372818470001,0.7293104529380798,0.46056750416755676,0.2991800606250763,0.83697509765625,0.8108444213867188,0.8394284844398499
25,1.2360730944332645,0.22813691198825836,0.1287553310394287,0.6363096833229065,0.6267746686935425,0.6372039914131165,1.2360730944332645,0.2260374128818512,0.12741950154304504,0.709702730178833,0.46833017468452454,0.7337249517440796,0.46056750416755676,0.2991800606250763,0.83697509765625,0.8108444213867188,0.8394284844398499
26,1.235302140042641,0.22882625460624695,0.12919464707374573,0.6405557990074158,0.6218901872634888,0.6423065662384033,1.235302140042641,0.22776181995868683,0.12851648032665253,0.7124356627464294,0.4685041606426239,0.736712634563446,0.46056750416755676,0.2991800606250763,0.83697509765625,0.8108444213867188,0.8394284844398499
27,1.231675277549447,0.22982542216777802,0.12983201444149017,0.6435762047767639,0.6201465725898743,0.6457738280296326,1.231675277549447,0.22977161407470703,0.12979772686958313,0.7141516804695129,0.4710438549518585,0.7383465766906738,0.46056750416755676,0.2991800606250763,0.83697509765625,0.8108444213867188,0.8394284844398499
28,1.2329426910690409,0.23079435527324677,0.1304507851600647,0.6440477967262268,0.622704803943634,0.6460497379302979,1.2329426910690409,0.23117828369140625,0.13069620728492737,0.7186487317085266,0.4673250913619995,0.7436613440513611,0.46056750416755676,0.2991800606250763,0.83697509765625,0.8108444213867188,0.8394284844398499
29,1.2307868305971947,0.23164726793766022,0.13099601864814758,0.6490083336830139,0.6170052289962769,0.6520100235939026,1.2307868305971947,0.2329322099685669,0.131818488240242,0.7218872308731079,0.4665149450302124,0.747302770614624,0.46056750416755676,0.2991800606250763,0.83697509765625,0.8108444213867188,0.8394284844398499
30,1.2257384756947327,0.23261387646198273,0.1316145807504654,0.6528012752532959,0.6136446595191956,0.6564740538597107,1.2257384756947327,0.2347104400396347,0.13295860588550568,0.7227896451950073,0.46963977813720703,0.747983992099762,0.46056750416755676,0.2991800606250763,0.83697509765625,0.8108444213867188,0.8394284844398499
31,1.225086264882575,0.23397448658943176,0.13248641788959503,0.6536919474601746,0.6167709827423096,0.6571548581123352,1.225086264882575,0.2361694574356079,0.13389576971530914,0.7256455421447754,0.4685840606689453,0.7512292265892029,0.46056750416755676,0.2991800606250763,0.83697509765625,0.8108444213867188,0.8394284844398499
32,1.223690850989631,0.2349316030740738,0.13310052454471588,0.6569697856903076,0.6142141819000244,0.6609798073768616,1.223690850989631,0.23748694360256195,0.1347433626651764,0.7297185063362122,0.46500489115715027,0.7560637593269348,0.46056750416755676,0.2991800606250763,0.83697509765625,0.8108444213867188,0.8394284844398499
33,1.2214972458413336,0.23589211702346802,0.13371746242046356,0.6609105467796326,0.6104056239128113,0.6656474471092224,1.2214972458413336,0.23942486941814423,0.1359924077987671,0.731743335723877,0.46647295355796814,0.758143961429596,0.46056750416755676,0.2991800606250763,0.83697509765625,0.8108444213867188,0.8394284844398499
34,1.2220345624491273,0.23691101372241974,0.13437265157699585,0.6607887148857117,0.6140615344047546,0.6651714444160461,1.2220345624491273,0.24063293635845184,0.13677243888378143,0.7361090779304504,0.46193045377731323,0.7633962631225586,0.46056750416755676,0.2991800606250763,0.83697509765625,0.8108444213867188,0.8394284844398499
35,1.2197805993419106,0.23803752660751343,0.1350979208946228,0.6650943160057068,0.610048234462738,0.6702573299407959,1.2197805993419106,0.24245008826255798,0.13794776797294617,0.7390677332878113,0.46130451560020447,0.7667117118835449,0.46056750416755676,0.2991800606250763,0.83697509765625,0.8108444213867188,0.8394284844398499
36,1.2156992205723833,0.23938828706741333,0.13596878945827484,0.6681254506111145,0.6090268492698669,0.6736686825752258,1.2156992205723833,0.24437688291072845,0.13919666409492493,0.7412694692611694,0.46222275495529175,0.7690412402153015,0.46056750416755676,0.2991800606250763,0.83697509765625,0.8108444213867188,0.8394284844398499
37,1.2155841183904594,0.24061258137226105,0.13675926625728607,0.6697896718978882,0.6100573539733887,0.6753922700881958,1.2155841183904594,0.24502338469028473,0.13961632549762726,0.7457038760185242,0.4558926522731781,0.7745468616485596,0.46056750416755676,0.2991800606250763,0.83697509765625,0.8108444213867188,0.8394284844398499
38,1.2228558853905571,0.2413303107023239,0.13722316920757294,0.6751936078071594,0.6024262309074402,0.6820188760757446,1.2228558853905571,0.24623435735702515,0.14040322601795197,0.7438855171203613,0.4621630609035492,0.7719235420227051,0.46056750416755676,0.2991800606250763,0.83697509765625,0.8108444213867188,0.8394284844398499
39,1.2234839108409652,0.24195487797260284,0.13762718439102173,0.6736428141593933,0.607370913028717,0.6798588633537292,1.2234839108409652,0.2477460652589798,0.14138707518577576,0.7459403872489929,0.46219655871391296,0.7741795778274536,0.46056750416755676,0.2991800606250763,0.83697509765625,0.8108444213867188,0.8394284844398499
40,1.2109699418201294,0.24323561787605286,0.1384565532207489,0.6756581664085388,0.6078183650970459,0.6820215582847595,1.2109699418201294,0.24802149832248688,0.14156651496887207,0.7499865889549255,0.45550796389579773,0.7792941331863403,0.46056750416755676,0.2991800606250763,0.83697509765625,0.8108444213867188,0.8394284844398499
41,1.2203436764844415,0.24385325610637665,0.1388569474220276,0.680874228477478,0.6000584363937378,0.6884546279907227,1.2203436764844415,0.2492559552192688,0.14237144589424133,0.7528830170631409,0.4532158076763153,0.7827069163322449,0.46056750416755676,0.2991800606250763,0.83697509765625,0.8108444213867188,0.8394284844398499
42,1.2070667139998452,0.24497739970684052,0.1395864337682724,0.6841439008712769,0.5975354313850403,0.6922677755355835,1.2070667139998452,0.25102490186691284,0.1435268670320511,0.7535815834999084,0.456216961145401,0.7831763029098511,0.46056750416755676,0.2991800606250763,0.83697509765625,0.8108444213867188,0.8394284844398499
43,1.2165313697233,0.24561966955661774,0.14000363647937775,0.6831217408180237,0.6015311479568481,0.6907751560211182,1.2165313697233,0.252655565738678,0.14459402859210968,0.7550952434539795,0.45735570788383484,0.7847273349761963,0.46056750416755676,0.2991800606250763,0.83697509765625,0.8108444213867188,0.8394284844398499
44,1.2111237886918298,0.24653472006320953,0.14059855043888092,0.6837549209594727,0.6033012866973877,0.6913016438484192,1.2111237886918298,0.2535475492477417,0.14517861604690552,0.758272647857666,0.45355698466300964,0.7885990142822266,0.46056750416755676,0.2991800606250763,0.83697509765625,0.8108444213867188,0.8394284844398499
45,1.2146833195805584,0.24720242619514465,0.14103303849697113,0.6870864629745483,0.5991005301475525,0.695339560508728,1.2146833195805584,0.25470730662345886,0.14593960344791412,0.7612622976303101,0.4506966769695282,0.7921708822250366,0.46056750416755676,0.2991800606250763,0.83697509765625,0.8108444213867188,0.8394284844398499
46,1.2086504286714383,0.24807213246822357,0.14159947633743286,0.6904804110527039,0.595363438129425,0.6994026899337769,1.2086504286714383,0.25637704133987427,0.14703696966171265,0.7622572183609009,0.4527750611305237,0.793057918548584,0.46056750416755676,0.2991800606250763,0.83697509765625,0.8108444213867188,0.8394284844398499
47,1.2057138779760608,0.24909041821956635,0.14226341247558594,0.6916680932044983,0.5963233113288879,0.7006117105484009,1.2057138779760608,0.25784561038017273,0.14800387620925903,0.7621051669120789,0.45656150579452515,0.792513906955719,0.46056750416755676,0.2991800606250763,0.83697509765625,0.8108444213867188,0.8394284844398499
48,1.2105061039767229,0.24986037611961365,0.14276592433452606,0.691852331161499,0.5984278917312622,0.7006157040596008,1.2105061039767229,0.2594583034515381,0.14906756579875946,0.7647096514701843,0.45537692308425903,0.7954955101013184,0.46056750416755676,0.2991800606250763,0.83697509765625,0.8108444213867188,0.8394284844398499
49,1.1983918692550075,0.25107601284980774,0.1435602605342865,0.6951702833175659,0.5958252549171448,0.7044891119003296,1.1983918692550075,0.26047608256340027,0.14973987638950348,0.767577052116394,0.4522134065628052,0.7989631295204163,0.46056750416755676,0.2991800606250763,0.83697509765625,0.8108444213867188,0.8394284844398499
50,1.2013086845082763,0.2521415054798126,0.1442573517560959,0.6983475089073181,0.5929594039916992,0.7082332372665405,1.2013086845082763,0.2623293995857239,0.15096613764762878,0.769924521446228,0.45196375250816345,0.8015691041946411,0.46056750416755676,0.2991800606250763,0.83697509765625,0.8108444213867188,0.8394284844398499
51,1.1945524914609162,0.25348809361457825,0.14513961970806122,0.7005666494369507,0.592811107635498,0.7106744050979614,1.1945524914609162,0.26407650113105774,0.15212449431419373,0.7710828185081482,0.45375797152519226,0.8026641011238098,0.46056750416755676,0.2991800606250763,0.83697509765625,0.8108444213867188,0.8394284844398499
52,1.201351224433967,0.2543513774871826,0.1457059234380722,0.7008164525032043,0.5950255393981934,0.7107398509979248,1.201351224433967,0.2658771872520447,0.15332084894180298,0.7732104659080505,0.4537160098552704,0.8050076961517334,0.46056750416755676,0.2991800606250763,0.83697509765625,0.8108444213867188,0.8394284844398499
53,1.193888040711899,0.2554723918437958,0.14644216001033783,0.7029427289962769,0.5943008661270142,0.7131333947181702,1.193888040711899,0.26705116033554077,0.1541021466255188,0.7756960988044739,0.45144665241241455,0.8079665303230286,0.46056750416755676,0.2991800606250763,0.83697509765625,0.8108444213867188,0.8394284844398499
54,1.1971796443680662,0.25642818212509155,0.14707058668136597,0.7061932682991028,0.5907597541809082,0.7170209288597107,1.1971796443680662,0.26833376288414,0.15495696663856506,0.7768418788909912,0.4520888328552246,0.809162437915802,0.46056750416755676,0.2991800606250763,0.83697509765625,0.8108444213867188,0.8394284844398499
55,1.1896522349476697,0.2575908899307251,0.14783604443073273,0.7082353234291077,0.5902391076087952,0.7193033695220947,1.1896522349476697,0.2699304223060608,0.15602287650108337,0.7773147225379944,0.45480775833129883,0.8094117641448975,0.46056750416755676,0.2991800606250763,0.83697509765625,0.8108444213867188,0.8394284844398499
56,1.1870508358727658,0.2588686943054199,0.14867843687534332,0.7099355459213257,0.5907271504402161,0.7211171984672546,1.1870508358727658,0.27174633741378784,0.15723752975463867,0.7791426777839661,0.45524126291275024,0.8113784790039062,0.46056750416755676,0.2991800606250763,0.83697509765625,0.8108444213867188,0.8394284844398499
57,1.1829193791273274,0.26020416617393494,0.1495601385831833,0.7122328281402588,0.5901517271995544,0.7236836552619934,1.1829193791273274,0.27273887395858765,0.1579025238752365,0.7813315391540527,0.45299312472343445,0.8140089511871338,0.46056750416755676,0.2991800606250763,0.83697509765625,0.8108444213867188,0.8394284844398499
58,1.1853153865812354,0.2614477872848511,0.15038245916366577,0.7152364253997803,0.5877659320831299,0.7271928191184998,1.1853153865812354,0.2747550308704376,0.15925566852092743,0.7825223207473755,0.45511844754219055,0.8151066899299622,0.46056750416755676,0.2991800606250763,0.83697509765625,0.8108444213867188,0.8394284844398499
59,1.1931675794418086,0.2622719407081604,0.1509280651807785,0.7152882814407349,0.5901745557785034,0.7270235419273376,1.1931675794418086,0.2764618396759033,0.16040366888046265,0.7845190763473511,0.4548114836215973,0.8173327445983887,0.46056750416755676,0.2991800606250763,0.83697509765625,0.8108444213867188,0.8394284844398499
60,1.1810226672943651,0.26353389024734497,0.15176445245742798,0.7173624634742737,0.5896790027618408,0.7293392419815063,1.1810226672943651,0.278053879737854,0.16147653758525848,0.7865592837333679,0.454098641872406,0.819646954536438,0.46056750416755676,0.2991800606250763,0.83697509765625,0.8108444213867188,0.8394284844398499
61,1.17936345135801,0.26473426818847656,0.1525612324476242,0.720075786113739,0.587651789188385,0.7324969172477722,1.17936345135801,0.27960124611854553,0.16252118349075317,0.7868317365646362,0.4570223391056061,0.8196555376052856,0.46056750416755676,0.2991800606250763,0.83697509765625,0.8108444213867188,0.8394284844398499
62,1.1793195446942604,0.26590195298194885,0.153337299823761,0.7210891842842102,0.5890414118766785,0.7334750294685364,1.1793195446942604,0.28145459294319153,0.16377489268779755,0.7883895635604858,0.45786774158477783,0.8212842345237732,0.46056750416755676,0.2991800606250763,0.83697509765625,0.8108444213867188,0.8394284844398499
63,1.174147640545199,0.2672322988510132,0.1542227864265442,0.7230344414710999,0.5889266133308411,0.7356134653091431,1.174147640545199,0.2822578549385071,0.16431909799575806,0.7902892827987671,0.45556145906448364,0.823602557182312,0.46056750416755676,0.2991800606250763,0.83697509765625,0.8108444213867188,0.8394284844398499
64,1.187382701868303,0.2681363821029663,0.15482531487941742,0.7257249355316162,0.5858978629112244,0.7388405203819275,1.187382701868303,0.28416895866394043,0.16561593115329742,0.7911370992660522,0.45801129937171936,0.8242909908294678,0.46056750416755676,0.2991800606250763,0.83697509765625,0.8108444213867188,0.8394284844398499
65,1.1746092444308895,0.2693249583244324,0.15561842918395996,0.7265928387641907,0.5875809192657471,0.7396321892738342,1.1746092444308895,0.2860705554485321,0.16690917313098907,0.7922405004501343,0.45986202359199524,0.8253199458122253,0.46056750416755676,0.2991800606250763,0.83697509765625,0.8108444213867188,0.8394284844398499
66,1.1713747193054698,0.2705537974834442,0.15643954277038574,0.7278338074684143,0.5885770916938782,0.7408959269523621,1.1713747193054698,0.2875891625881195,0.1679440140724182,0.7939784526824951,0.4594131410121918,0.8272755742073059,0.46056750416755676,0.2991800606250763,0.83697509765625,0.8108444213867188,0.8394284844398499
67,1.174679560745084,0.27164140343666077,0.1571672260761261,0.7302724719047546,0.5865113735198975,0.743757426738739,1.174679560745084,0.2891402542591095,0.16900289058685303,0.793978750705719,0.4628981351852417,0.8269290328025818,0.46056750416755676,0.2991800606250763,0.83697509765625,0.8108444213867188,0.8394284844398499
68,1.1730472816909647,0.27278295159339905,0.15793205797672272,0.7314722537994385,0.5872508883476257,0.745000958442688,1.1730472816909647,0.2913816571235657,0.17053642868995667,0.7954185605049133,0.4646916389465332,0.8283336758613586,0.46056750416755676,0.2991800606250763,0.83697509765625,0.8108444213867188,0.8394284844398499
69,1.166744239316053,0.27407482266426086,0.15879876911640167,0.7333633303642273,0.5869094729423523,0.7471017837524414,1.166744239316053,0.2936517894268036,0.1720937043428421,0.796786367893219,0.46667590737342834,0.8296401500701904,0.46056750416755676,0.2991800606250763,0.83697509765625,0.8108444213867188,0.8394284844398499
70,1.1647285066699966,0.2753540277481079,0.1596582978963852,0.7348809838294983,0.5873206257820129,0.7487233281135559,1.1647285066699966,0.29591527581214905,0.1736505627632141,0.7980689406394958,0.46880728006362915,0.8308382034301758,0.46056750416755676,0.2991800606250763,0.83697509765625,0.8108444213867188,0.8394284844398499
71,1.1608354185163603,0.2766910195350647,0.16055798530578613,0.736092209815979,0.5885720252990723,0.7499306201934814,1.1608354185163603,0.29682061076164246,0.17427442967891693,0.7996159791946411,0.4672398269176483,0.8326951861381531,0.46056750416755676,0.2991800606250763,0.83697509765625,0.8108444213867188,0.8394284844398499
72,1.1756892813899762,0.27765512466430664,0.16120761632919312,0.7383562922477722,0.5863317251205444,0.7526174187660217,1.1756892813899762,0.2986745834350586,0.1755540668964386,0.7999405264854431,0.47063755989074707,0.8327139616012573,0.46056750416755676,0.2991800606250763,0.83697509765625,0.8108444213867188,0.8394284844398499
73,1.1715349550583274,0.278549462556839,0.16181087493896484,0.7387148141860962,0.5881410837173462,0.7528398633003235,1.1715349550583274,0.3002831041812897,0.17666654288768768,0.8014006614685059,0.4707985520362854,0.8343033790588379,0.46056750416755676,0.2991800606250763,0.83697509765625,0.8108444213867188,0.8394284844398499
74,1.1627859793740476,0.27970090508461,0.16258852183818817,0.7406851053237915,0.587064266204834,0.7550958395004272,1.1627859793740476,0.30219075083732605,0.17798863351345062,0.8025020360946655,0.47244998812675476,0.835349977016449,0.46056750416755676,0.2991800606250763,0.83697509765625,0.8108444213867188,0.8394284844398499
75,1.1603309497119985,0.28083112835884094,0.163352832198143,0.741963803768158,0.5874477028846741,0.7564585208892822,1.1603309497119985,0.3040114939212799,0.17925326526165009,0.8030379414558411,0.4752468764781952,0.8356608748435974,0.46056750416755676,0.2991800606250763,0.83697509765625,0.8108444213867188,0.8394284844398499
76,1.163884018289027,0.2818797528743744,0.16406287252902985,0.7427340149879456,0.5887399911880493,0.7571797370910645,1.163884018289027,0.30487993359565735,0.17985741794109344,0.8043832182884216,0.47394058108329773,0.8372700214385986,0.46056750416755676,0.2991800606250763,0.83697509765625,0.8108444213867188,0.8394284844398499
77,1.1673609774177258,0.2828506529331207,0.1647210419178009,0.7447706460952759,0.5868879556655884,0.7595810890197754,1.1673609774177258,0.3067920207977295,0.18118980526924133,0.8053869605064392,0.4757745862007141,0.8381911516189575,0.46056750416755676,0.2991800606250763,0.83697509765625,0.8108444213867188,0.8394284844398499
78,1.1589924708183168,0.28396642208099365,0.16547836363315582,0.7454538345336914,0.5885453820228577,0.7601728439331055,1.1589924708183168,0.30857113003730774,0.18243221938610077,0.80661940574646,0.4767267405986786,0.8394514322280884,0.46056750416755676,0.2991800606250763,0.83697509765625,0.8108444213867188,0.8394284844398499
79,1.1556671559817686,0.28517621755599976,0.16630057990550995,0.746802806854248,0.5889170169830322,0.7616134285926819,1.1556671559817686,0.3101089298725128,0.1835082322359085,0.8079366683959961,0.476899653673172,0.8408826589584351,0.46056750416755676,0.2991800606250763,0.83697509765625,0.8108444213867188,0.8394284844398499
80,1.1595658306859025,0.2862600088119507,0.16703815758228302,0.7486059665679932,0.5878341794013977,0.7636873722076416,1.1595658306859025,0.3105921447277069,0.18384675681591034,0.8069029450416565,0.4805501401424408,0.8393827080726624,0.46056750416755676,0.2991800606250763,0.83697509765625,0.8108444213867188,0.8394284844398499
81,1.1628185819192125,0.28712379932403564,0.16762670874595642,0.7490014433860779,0.5893880128860474,0.7639743089675903,1.1628185819192125,0.31234678626060486,0.18507759273052216,0.8078742623329163,0.48206090927124023,0.8403003811836243,0.46056750416755676,0.2991800606250763,0.83697509765625,0.8108444213867188,0.8394284844398499
82,1.1501961940353471,0.2883296310901642,0.168449267745018,0.7503126263618469,0.5897690057754517,0.7653727531433105,1.1501961940353471,0.3133048713207245,0.18575073778629303,0.8090542554855347,0.4812402129173279,0.8416794538497925,0.46056750416755676,0.2991800606250763,0.83697509765625,0.8108444213867188,0.8394284844398499
83,1.1660604264700796,0.28923770785331726,0.16906948387622833,0.7520650029182434,0.5882220268249512,0.7674346566200256,1.1660604264700796,0.3149656653404236,0.1869194507598877,0.8097984790802002,0.48307403922080994,0.8423152565956116,0.46056750416755676,0.2991800606250763,0.83697509765625,0.8108444213867188,0.8394284844398499
84,1.156545645206645,0.2901756167411804,0.16971075534820557,0.7525733709335327,0.5897071957588196,0.7678511738777161,1.156545645206645,0.31661733984947205,0.18808399140834808,0.8106788992881775,0.484527587890625,0.8431386351585388,0.46056750416755676,0.2991800606250763,0.83697509765625,0.8108444213867188,0.8394284844398499
85,1.147597858768623,0.29132917523384094,0.17050045728683472,0.75362229347229,0.5905084609985352,0.7689231038093567,1.147597858768623,0.3180145025253296,0.18907088041305542,0.8117344975471497,0.4849437177181244,0.8442578315734863,0.46056750416755676,0.2991800606250763,0.83697509765625,0.8108444213867188,0.8394284844398499
86,1.1535469296468626,0.29234081506729126,0.17119388282299042,0.7550466060638428,0.5899754166603088,0.7705309987068176,1.1535469296468626,0.31971240043640137,0.19027243554592133,0.8123274445533752,0.4872104227542877,0.8446841835975647,0.46056750416755676,0.2991800606250763,0.83697509765625,0.8108444213867188,0.8394284844398499
87,1.1477857583444009,0.29344305396080017,0.1719503253698349,0.7558220028877258,0.5912454128265381,0.771260142326355,1.1477857583444009,0.3212466239929199,0.1913602203130722,0.8132925629615784,0.488131582736969,0.845653772354126,0.46056750416755676,0.2991800606250763,0.83697509765625,0.8108444213867188,0.8394284844398499
88,1.1460700773601356,0.29454001784324646,0.17270416021347046,0.7571206092834473,0.59122633934021,0.7726821303367615,1.1460700773601356,0.32298851013183594,0.1925976723432541,0.8140186071395874,0.4901278018951416,0.8462533354759216,0.46056750416755676,0.2991800606250763,0.83697509765625,0.8108444213867188,0.8394284844398499
89,1.1463812532188613,0.2955965995788574,0.1734311282634735,0.7580587863922119,0.5919476747512817,0.7736403346061707,1.1463812532188613,0.3246227204799652,0.1937609612941742,0.8148815631866455,0.4915083944797516,0.8470647931098938,0.46056750416755676,0.2991800606250763,0.83697509765625,0.8108444213867188,0.8394284844398499
90,1.1423818017078018,0.29673510789871216,0.17421549558639526,0.7592867612838745,0.5921674966812134,0.7749629616737366,1.1423818017078018,0.3263034224510193,0.19495971500873566,0.815504789352417,0.4936181604862213,0.8475400805473328,0.46056750416755676,0.2991800606250763,0.83697509765625,0.8108444213867188,0.8394284844398499
91,1.146758825497265,0.29773154854774475,0.17490282654762268,0.7597918510437012,0.5937561988830566,0.7753661870956421,1.146758825497265,0.32692766189575195,0.19540557265281677,0.8164997100830078,0.4923517107963562,0.8487600684165955,0.46056750416755676,0.2991800606250763,0.83697509765625,0.8108444213867188,0.8394284844398499
92,1.172078622789284,0.29841920733451843,0.17537765204906464,0.7613826990127563,0.5917659997940063,0.7772929668426514,1.172078622789284,0.32799795269966125,0.19617079198360443,0.817376971244812,0.49238502979278564,0.8497213125228882,0.46056750416755676,0.2991800606250763,0.83697509765625,0.8108444213867188,0.8394284844398499
93,1.1494329476930782,0.29940924048423767,0.17606189846992493,0.7626932263374329,0.5913020968437195,0.7787700295448303,1.1494329476930782,0.3275340795516968,0.1958390176296234,0.8155592083930969,0.49624019861221313,0.8473389744758606,0.46056750416755676,0.2991800606250763,0.83697509765625,0.8108444213867188,0.8394284844398499
94,1.1900825932792287,0.2992641031742096,0.17596153914928436,0.761302649974823,0.5943558812141418,0.7769624590873718,1.1900825932792287,0.3289819061756134,0.19687512516975403,0.8162428736686707,0.4976576566696167,0.8479496240615845,0.46056750416755676,0.2991800606250763,0.83697509765625,0.8108444213867188,0.8394284844398499
95,1.1450702570120097,0.30022284388542175,0.1766248196363449,0.7618910670280457,0.5956032872200012,0.7774891257286072,1.1450702570120097,0.32935139536857605,0.19713982939720154,0.8172680735588074,0.4957100749015808,0.8492706418037415,0.46056750416755676,0.2991800606250763,0.83697509765625,0.8108444213867188,0.8394284844398499
96,1.1896454204327482,0.3006560802459717,0.17692479491233826,0.763492226600647,0.5928174257278442,0.7795018553733826,1.1896454204327482,0.32970908284187317,0.1973962038755417,0.8182688355445862,0.49379393458366394,0.8505617380142212,0.46056750416755676,0.2991800606250763,0.83697509765625,0.8108444213867188,0.8394284844398499
97,1.1893749937196003,0.30109715461730957,0.1772303432226181,0.7650467753410339,0.5901517271995544,0.7814525365829468,1.1893749937196003,0.3308553993701935,0.19821852445602417,0.8191469311714172,0.4939613342285156,0.8515105247497559,0.46056750416755676,0.2991800606250763,0.83697509765625,0.8108444213867188,0.8394284844398499
98,1.1494011066432985,0.30200737714767456,0.17786140739917755,0.7662042379379272,0.5897858142852783,0.7827528715133667,1.1494011066432985,0.33032214641571045,0.19783586263656616,0.8174530267715454,0.49738791584968567,0.8493070006370544,0.46056750416755676,0.2991800606250763,0.83697509765625,0.8108444213867188,0.8394284844398499
99,1.193320545054453,0.3017897605895996,0.17771048843860626,0.7648393511772156,0.592629611492157,0.7809926867485046,1.193320545054453,0.32992902398109436,0.19755388796329498,0.8159571290016174,0.5005731582641602,0.847345232963562,0.46056750416755676,0.2991800606250763,0.83697509765625,0.8108444213867188,0.8394284844398499
100,1.1820781777933385,0.3018709123134613,0.17776677012443542,0.7640183568000793,0.5949278473854065,0.7798791527748108,1.1820781777933385,0.3312298059463501,0.19848737120628357,0.8167995810508728,0.5012192726135254,0.8482072353363037,0.46056750416755676,0.2991800606250763,0.83697509765625,0.8108444213867188,0.8394284844398499
101,1.1495376222009646,0.3027797341346741,0.17839744687080383,0.765123188495636,0.5946980118751526,0.7811093330383301,1.1495376222009646,0.33179324865341187,0.19889216125011444,0.8177436590194702,0.4999057948589325,0.8493759632110596,0.46056750416755676,0.2991800606250763,0.83697509765625,0.8108444213867188,0.8394284844398499
102,1.172451408166792,0.30336445569992065,0.17880354821681976,0.7665433287620544,0.5927491188049316,0.7828452587127686,1.172451408166792,0.3325209617614746,0.199415385723114,0.8186545372009277,0.49904173612594604,0.8504635691642761,0.46056750416755676,0.2991800606250763,0.83697509765625,0.8108444213867188,0.8394284844398499
103,1.1696509374956021,0.3039912283420563,0.1792391836643219,0.7678467631340027,0.591187059879303,0.7844175100326538,1.1696509374956021,0.33392030000686646,0.2004227638244629,0.8192992806434631,0.5004093050956726,0.8510363101959229,0.46056750416755676,0.2991800606250763,0.83697509765625,0.8108444213867188,0.8394284844398499
104,1.1468683114532725,0.3048671782016754,0.1798485517501831,0.768549919128418,0.5918385982513428,0.7851254940032959,1.1468683114532725,0.3345944583415985,0.20090869069099426,0.8188906908035278,0.5030624866485596,0.8503230214118958,0.46056750416755676,0.2991800606250763,0.83697509765625,0.8108444213867188,0.8394284844398499
105,1.1658233232482322,0.3052043616771698,0.1800832897424698,0.7680737376213074,0.5939973592758179,0.7844023704528809,1.1658233232482322,0.3359164297580719,0.20186272263526917,0.8195188045501709,0.5043002963066101,0.8508904576301575,0.46056750416755676,0.2991800606250763,0.83697509765625,0.8108444213867188,0.8394284844398499
106,1.1435582859172762,0.3060769736766815,0.1806912124156952,0.7686957716941833,0.5948378443717957,0.7850040793418884,1.1435582859172762,0.33670905232429504,0.2024354636669159,0.82028728723526,0.5039395093917847,0.8517712950706482,0.46056750416755676,0.2991800606250763,0.83697509765625,0.8108444213867188,0.8394284844398499
107,1.1524884972480662,0.3068731725215912,0.18124641478061676,0.7698265910148621,0.5941486954689026,0.7863056063652039,1.1524884972480662,0.337634414434433,0.20310479402542114,0.821056067943573,0.5038655400276184,0.8526239991188049,0.46056750416755676,0.2991800606250763,0.83697509765625,0.8108444213867188,0.8394284844398499
108,1.1487709304001852,0.30769115686416626,0.18181738257408142,0.7708452343940735,0.5937930941581726,0.7874533534049988,1.1487709304001852,0.33885833621025085,0.20399123430252075,0.8215819597244263,0.5051392912864685,0.8530755043029785,0.46056750416755676,0.2991800606250763,0.83697509765625,0.8108444213867188,0.8394284844398499
109,1.144876400033643,0.3084900677204132,0.18237556517124176,0.7713941931724548,0.5945932269096375,0.7879787683486938,1.144876400033643,0.33998361229896545,0.20480738580226898,0.821807861328125,0.5070381164550781,0.8531348705291748,0.46056750416755676,0.2991800606250763,0.83697509765625,0.8108444213867188,0.8394284844398499
110,1.1431030331626415,0.3093239367008209,0.182958722114563,0.7719448208808899,0.595476508140564,0.7884983420372009,1.1431030331626415,0.34128427505493164,0.20575211942195892,0.822346568107605,0.5084410309791565,0.8535875678062439,0.46056750416755676,0.2991800606250763,0.83697509765625,0.8108444213867188,0.8394284844398499
111,1.144756629159374,0.31011471152305603,0.18351228535175323,0.7725931406021118,0.5959862470626831,0.7891596555709839,1.144756629159374,0.3423365652561188,0.2065175473690033,0.8230997323989868,0.5086591243743896,0.8543939590454102,0.46056750416755676,0.2991800606250763,0.83697509765625,0.8108444213867188,0.8394284844398499
112,1.1442327176911562,0.31098687648773193,0.1841234266757965,0.7735759019851685,0.5958290100097656,0.7902494072914124,1.1442327176911562,0.3433387279510498,0.20724739134311676,0.8238297700881958,0.5088182091712952,0.8551808595657349,0.46056750416755676,0.2991800606250763,0.83697509765625,0.8108444213867188,0.8394284844398499
113,1.1452986235165343,0.3118123412132263,0.18470241129398346,0.7746309041976929,0.5953375101089478,0.7914495468139648,1.1452986235165343,0.34463798999786377,0.20819494128227234,0.8243564963340759,0.5102262496948242,0.8556198477745056,0.46056750416755676,0.2991800606250763,0.83697509765625,0.8108444213867188,0.8394284844398499
114,1.1475608568723814,0.3124796748161316,0.18517090380191803,0.7749197483062744,0.5964270234107971,0.7916632294654846,1.1475608568723814,0.34592658281326294,0.20913617312908173,0.8248686790466309,0.5116465091705322,0.856041669845581,0.46056750416755676,0.2991800606250763,0.83697509765625,0.8108444213867188,0.8394284844398499
115,1.1385611090290837,0.3132965564727783,0.18574488162994385,0.7754212021827698,0.5973671078681946,0.7921234965324402,1.1385611090290837,0.34704554080963135,0.20995469391345978,0.8255095481872559,0.5122995972633362,0.8566813468933105,0.46056750416755676,0.2991800606250763,0.83697509765625,0.8108444213867188,0.8394284844398499
116,1.1395506054350542,0.31414660811424255,0.18634279072284698,0.7762938141822815,0.597396969795227,0.7930752038955688,1.1395506054350542,0.34822869300842285,0.21082137525081635,0.8261414170265198,0.5131144523620605,0.8572949767112732,0.46056750416755676,0.2991800606250763,0.83697509765625,0.8108444213867188,0.8394284844398499
117,1.1356100284040016,0.31503838300704956,0.18697068095207214,0.7771479487419128,0.5975850224494934,0.7939918041229248,1.1356100284040016,0.3495151102542877,0.2117650955915451,0.8266405463218689,0.5145469307899475,0.8577012419700623,0.46056750416755676,0.2991800606250763,0.83697509765625,0.8108444213867188,0.8394284844398499
118,1.1381326561636027,0.31585729122161865,0.18754781782627106,0.7777710556983948,0.5981820821762085,0.7946171760559082,1.1381326561636027,0.35079309344291687,0.2127041071653366,0.8270933628082275,0.5160934329032898,0.8580451607704163,0.46056750416755676,0.2991800606250763,0.83697509765625,0.8108444213867188,0.8394284844398499
119,1.1383575746724928,0.3166413903236389,0.18810099363327026,0.7782814502716064,0.5989755392074585,0.7951011061668396,1.1383575746724928,0.35190460085868835,0.21352198719978333,0.8277090787887573,0.5167699456214905,0.8586548566818237,0.46056750416755676,0.2991800606250763,0.83697509765625,0.8108444213867188,0.8394284844398499
120,1.13629450810707,0.3174911439418793,0.18870103359222412,0.7792333960533142,0.5987508893013,0.7961632609367371,1.13629450810707,0.3531125485897064,0.21441206336021423,0.8282273411750793,0.5179492831230164,0.8591073155403137,0.46056750416755676,0.2991800606250763,0.83697509765625,0.8108444213867188,0.8394284844398499
121,1.1366332724029786,0.3183164894580841,0.18928441405296326,0.7798601388931274,0.5993276238441467,0.7967947125434875,1.1366332724029786,0.3543285131454468,0.21530938148498535,0.8286764025688171,0.5193504691123962,0.8594616055488586,0.46056750416755676,0.2991800606250763,0.83697509765625,0.8108444213867188,0.8394284844398499
122,1.1331254698335738,0.31915482878685,0.18987758457660675,0.7804114818572998,0.6001439690589905,0.7973211407661438,1.1331254698335738,0.3554975092411041,0.21617329120635986,0.8291590809822083,0.520538330078125,0.8598740696907043,0.46056750416755676,0.2991800606250763,0.83697509765625,0.8108444213867188,0.8394284844398499
123,1.1312335360594008,0.3200279772281647,0.19049601256847382,0.7810619473457336,0.6007725596427917,0.7979736924171448,1.1312335360594008,0.35662564635276794,0.21700815856456757,0.8296614289283752,0.521567702293396,0.860323965549469,0.46056750416755676,0.2991800606250763,0.83697509765625,0.8108444213867188,0.8394284844398499
124,1.1335379754637507,0.32084575295448303,0.19107581675052643,0.7817214727401733,0.6012221574783325,0.798652708530426,1.1335379754637507,0.3578149676322937,0.21788956224918365,0.8301317095756531,0.5228286981582642,0.8607155680656433,0.46056750416755676,0.2991800606250763,0.83697509765625,0.8108444213867188,0.8394284844398499
125,1.1298238795760975,0.32171639800071716,0.1916937232017517,0.7823570370674133,0.6018662452697754,0.7992875576019287,1.1298238795760975,0.35900983214378357,0.21877634525299072,0.8305951952934265,0.5241186022758484,0.8610967993736267,0.46056750416755676,0.2991800606250763,0.83697509765625,0.8108444213867188,0.8394284844398499
126,1.1262949020596533,0.32262325286865234,0.1923379898071289,0.7830662131309509,0.6023991703987122,0.8000133037567139,1.1262949020596533,0.36019107699394226,0.21965430676937103,0.8309934735298157,0.5255752801895142,0.8613897562026978,0.46056750416755676,0.2991800606250763,0.83697509765625,0.8108444213867188,0.8394284844398499
127,1.1305015919519437,0.32342982292175293,0.19291158020496368,0.7836121916770935,0.6031057238578796,0.8005442023277283,1.1305015919519437,0.36133477091789246,0.22050555050373077,0.8314516544342041,0.5267563462257385,0.8617759943008423,0.46056750416755676,0.2991800606250763,0.83697509765625,0.8108444213867188,0.8394284844398499
128,1.126829139235394,0.3242862820625305,0.19352130591869354,0.7842979431152344,0.6035564541816711,0.8012517690658569,1.126829139235394,0.3624764680862427,0.22135649621486664,0.8318612575531006,0.5280805230140686,0.8620945811271667,0.46056750416755676,0.2991800606250763,0.83697509765625,0.8108444213867188,0.8394284844398499
129,1.1270888951127076,0.3251016139984131,0.19410230219364166,0.7848823070526123,0.604171097278595,0.8018331527709961,1.1270888951127076,0.3635442852973938,0.222153440117836,0.8322979211807251,0.5291470289230347,0.8624686002731323,0.46056750416755676,0.2991800606250763,0.83697509765625,0.8108444213867188,0.8394284844398499
130,1.130996421798168,0.32584959268569946,0.194635808467865,0.7854360938072205,0.6046779155731201,0.8023910522460938,1.130996421798168,0.3645666837692261,0.22291748225688934,0.8327308893203735,0.5301167964935303,0.8628481030464172,0.46056750416755676,0.2991800606250763,0.83697509765625,0.8108444213867188,0.8394284844398499
131,1.1264368848791002,0.3266645073890686,0.19521759450435638,0.7861166596412659,0.6049959063529968,0.8031057715415955,1.1264368848791002,0.36560162901878357,0.22369186580181122,0.8329417705535889,0.5318176746368408,0.8629106879234314,0.46056750416755676,0.2991800606250763,0.83697509765625,0.8108444213867188,0.8394284844398499
132,1.1257017318412699,0.3274382948875427,0.1957705318927765,0.786518394947052,0.6059868335723877,0.8034522533416748,1.1257017318412699,0.36667320132255554,0.22449469566345215,0.8332558274269104,0.5332743525505066,0.8631110787391663,0.46056750416755676,0.2991800606250763,0.83697509765625,0.8108444213867188,0.8394284844398499
133,1.1302694134381996,0.3281480371952057,0.1962781697511673,0.786938488483429,0.6067436933517456,0.8038408160209656,1.1302694134381996,0.36764970421791077,0.2252272218465805,0.8337302803993225,0.5339966416358948,0.8635607957839966,0.46056750416755676,0.2991800606250763,0.83697509765625,0.8108444213867188,0.8394284844398499
134,1.133041649580919,0.328884482383728,0.19680535793304443,0.787693202495575,0.6066104769706726,0.8046789765357971,1.133041649580919,0.3687080144882202,0.22602209448814392,0.8340598940849304,0.5353681445121765,0.8637867569923401,0.46056750416755676,0.2991800606250763,0.83697509765625,0.8108444213867188,0.8394284844398499
135,1.1313805745024936,0.32958275079727173,0.19730566442012787,0.7881700992584229,0.6071621775627136,0.8051488995552063,1.1313805745024936,0.36968111991882324,0.2267538607120514,0.8342854976654053,0.536878764629364,0.8638845086097717,0.46056750416755676,0.2991800606250763,0.83697509765625,0.8108444213867188,0.8394284844398499
136,1.1265223398164292,0.33031946420669556,0.19783392548561096,0.7886664867401123,0.6077634692192078,0.805635392665863,1.1265223398164292,0.37067410349845886,0.2275015115737915,0.8346307873725891,0.5380467772483826,0.8641479015350342,0.46056750416755676,0.2991800606250763,0.83697509765625,0.8108444213867188,0.8394284844398499
137,1.125499173037177,0.3310748040676117,0.19837605953216553,0.7892177104949951,0.608250617980957,0.8061925768852234,1.125499173037177,0.3716390132904053,0.2282288819551468,0.8349983096122742,0.5390750765800476,0.8644496202468872,0.46056750416755676,0.2991800606250763,0.83697509765625,0.8108444213867188,0.8394284844398499
138,1.129214661426924,0.33177661895751953,0.19888021051883698,0.7897335290908813,0.6086867451667786,0.8067158460617065,1.129214661426924,0.3726123571395874,0.2289634793996811,0.8353313207626343,0.5402329564094543,0.8647005558013916,0.46056750416755676,0.2991800606250763,0.83697509765625,0.8108444213867188,0.8394284844398499
139,1.1237953059183896,0.33253178000450134,0.1994231641292572,0.7902606129646301,0.6092314124107361,0.8072413802146912,1.1237953059183896,0.3735816180706024,0.2296958863735199,0.8355788588523865,0.5416608452796936,0.8648306131362915,0.46056750416755676,0.2991800606250763,0.83697509765625,0.8108444213867188,0.8394284844398499
140,1.122845316252866,0.3332652747631073,0.19995100796222687,0.7906847596168518,0.6100121140480042,0.8076320886611938,1.122845316252866,0.3745279610157013,0.2304118126630783,0.8359206318855286,0.5427241325378418,0.8651005625724792,0.46056750416755676,0.2991800606250763,0.83697509765625,0.8108444213867188,0.8394284844398499
141,1.123011944399989,0.33398422598838806,0.20046880841255188,0.791220486164093,0.610429584980011,0.8081786632537842,1.123011944399989,0.37546637654304504,0.23112256824970245,0.8361771106719971,0.5440496802330017,0.8652507066726685,0.46056750416755676,0.2991800606250763,0.83697509765625,0.8108444213867188,0.8394284844398499
142,1.1199447488872185,0.33472153544425964,0.20100034773349762,0.7916871309280396,0.6110942959785461,0.8086264133453369,1.1199447488872185,0.3763118088245392,0.23176360130310059,0.8363208770751953,0.5455347299575806,0.8652609586715698,0.46056750416755676,0.2991800606250763,0.83697509765625,0.8108444213867188,0.8394284844398499
143,1.1299498419852507,0.33530452847480774,0.20142094790935516,0.7919389605522156,0.6119498610496521,0.8088218569755554,1.1299498419852507,0.37715432047843933,0.23240306973457336,0.8367362022399902,0.5461064577102661,0.8656607270240784,0.46056750416755676,0.2991800606250763,0.83697509765625,0.8108444213867188,0.8394284844398499
144,1.1315232860056974,0.3359566330909729,0.20189175009727478,0.7925930619239807,0.6118170022964478,0.8095496296882629,1.1315232860056974,0.378063440322876,0.23309385776519775,0.8370559811592102,0.5471493005752563,0.8659085035324097,0.46056750416755676,0.2991800606250763,0.83697509765625,0.8108444213867188,0.8394284844398499
145,1.1235109034090567,0.33665794134140015,0.20239850878715515,0.7931042909622192,0.6122315526008606,0.8100697994232178,1.1235109034090567,0.3787667155265808,0.2336287498474121,0.8370484709739685,0.5488129258155823,0.8657346963882446,0.46056750416755676,0.2991800606250763,0.83697509765625,0.8108444213867188,0.8394284844398499
146,1.124553259228064,0.3372490108013153,0.20282593369483948,0.7932999730110168,0.6132758855819702,0.8101857900619507,1.124553259228064,0.3796132206916809,0.23427322506904602,0.8373780846595764,0.5496758222579956,0.8660112619400024,0.46056750416755676,0.2991800606250763,0.83697509765625,0.8108444213867188,0.8394284844398499
147,1.1232599862938168,0.33793404698371887,0.2033216953277588,0.7938436269760132,0.6135450005531311,0.8107550144195557,1.1232599862938168,0.3804762363433838,0.23493093252182007,0.8376811146736145,0.5506648421287537,0.8662459850311279,0.46056750416755676,0.2991800606250763,0.83697509765625,0.8108444213867188,0.8394284844398499
148,1.1201071313814053,0.33865267038345337,0.2038421928882599,0.7943771481513977,0.6139212250709534,0.8113034963607788,1.1201071313814053,0.3810211420059204,0.23534658551216125,0.83756023645401,0.5523499846458435,0.8659453988075256,0.46056750416755676,0.2991800606250763,0.83697509765625,0.8108444213867188,0.8394284844398499
149,1.1305835755326075,0.33914339542388916,0.20419786870479584,0.7944487929344177,0.6150503754615784,0.8112759590148926,1.1305835755326075,0.38181015849113464,0.23594893515110016,0.8379184603691101,0.5529782176017761,0.8662766814231873,0.46056750416755676,0.2991800606250763,0.83697509765625,0.8108444213867188,0.8394284844398499
150,1.1248278374412959,0.3398228585720062,0.20469073951244354,0.7950904965400696,0.6149902939796448,0.8119834661483765,1.1248278374412959,0.38261908292770386,0.23656708002090454,0.8382143974304199,0.5538626313209534,0.8665140867233276,0.46056750416755676,0.2991800606250763,0.83697509765625,0.8108444213867188,0.8394284844398499
151,1.1230154719141305,0.34048110246658325,0.20516856014728546,0.795595109462738,0.6152797937393188,0.812508225440979,1.1230154719141305,0.3831605911254883,0.23698122799396515,0.8381330370903015,0.5554125308990479,0.8662704229354858,0.46056750416755676,0.2991800606250763,0.83697509765625,0.8108444213867188,0.8394284844398499
152,1.1287397553491563,0.34096410870552063,0.2055194079875946,0.7956821918487549,0.6163378953933716,0.8125042915344238,1.1287397553491563,0.3839487135410309,0.23758448660373688,0.83846116065979,0.5561373233795166,0.8665590286254883,0.46056750416755676,0.2991800606250763,0.83697509765625,0.8108444213867188,0.8394284844398499
153,1.1211042493222385,0.3416335880756378,0.20600610971450806,0.7962267994880676,0.6165286302566528,0.8130821585655212,1.1211042493222385,0.38475146889686584,0.23819956183433533,0.8387802839279175,0.5569249391555786,0.8668315410614014,0.46056750416755676,0.2991800606250763,0.83697509765625,0.8108444213867188,0.8394284844398499
154,1.1205877170135812,0.3423059582710266,0.2064952850341797,0.7967474460601807,0.6167944073677063,0.8136267066001892,1.1205877170135812,0.3853607475757599,0.23866677284240723,0.8387783765792847,0.5583662986755371,0.8666859865188599,0.46056750416755676,0.2991800606250763,0.83697509765625,0.8108444213867188,0.8394284844398499
155,1.131345884509388,0.34273824095726013,0.20680998265743256,0.7968048453330994,0.6178029775619507,0.8135948777198792,1.131345884509388,0.3861193358898163,0.23924899101257324,0.8391391038894653,0.558903694152832,0.867029070854187,0.46056750416755676,0.2991800606250763,0.83697509765625,0.8108444213867188,0.8394284844398499
156,1.1251299653143796,0.34337225556373596,0.20727181434631348,0.7974081039428711,0.6177105903625488,0.8142631649971008,1.1251299653143796,0.3869033753871918,0.23985132575035095,0.8394495248794556,0.5596725940704346,0.8672938942909241,0.46056750416755676,0.2991800606250763,0.83697509765625,0.8108444213867188,0.8394284844398499
157,1.1205074281511416,0.34403225779533386,0.207752987742424,0.7979286313056946,0.6179236769676208,0.8148126602172852,1.1205074281511416,0.3872227966785431,0.24009689688682556,0.8391910791397095,0.5613284707069397,0.8668450117111206,0.46056750416755676,0.2991800606250763,0.83697509765625,0.8108444213867188,0.8394284844398499
158,1.1244102061173036,0.3445010781288147,0.2080950289964676,0.7979814410209656,0.6190521121025085,0.8147644996643066,1.1244102061173036,0.3879866898059845,0.24068453907966614,0.8393931984901428,0.5624302625656128,0.8669574856758118,0.46056750416755676,0.2991800606250763,0.83697509765625,0.8108444213867188,0.8394284844398499
159,1.1152684385733056,0.3451576828956604,0.2085743546485901,0.7983840703964233,0.6196197867393494,0.8151515126228333,1.1152684385733056,0.3887198865413666,0.24124909937381744,0.8397243618965149,0.5630057454109192,0.8672643899917603,0.46056750416755676,0.2991800606250763,0.83697509765625,0.8108444213867188,0.8394284844398499
160,1.1257834825719675,0.34575843811035156,0.20901328325271606,0.7989231944084167,0.6196038126945496,0.8157427906990051,1.1257834825719675,0.389491468667984,0.24184377491474152,0.8399675488471985,0.5639792680740356,0.8674348592758179,0.46056750416755676,0.2991800606250763,0.83697509765625,0.8108444213867188,0.8394284844398499
161,1.1242141113888455,0.34632089734077454,0.20942449569702148,0.799272894859314,0.6200637817382812,0.8160822987556458,1.1242141113888455,0.39020100235939026,0.24239113926887512,0.8400919437408447,0.565224289894104,0.8674477338790894,0.46056750416755676,0.2991800606250763,0.83697509765625,0.8108444213867188,0.8394284844398499
162,1.1183287500073311,0.3469054400920868,0.20985214412212372,0.7995654344558716,0.6207652688026428,0.8163362741470337,1.1183287500073311,0.39096081256866455,0.2429777979850769,0.8403050899505615,0.5662756562232971,0.8675774335861206,0.46056750416755676,0.2991800606250763,0.83697509765625,0.8108444213867188,0.8394284844398499
163,1.1157470539829148,0.3475431203842163,0.21031901240348816,0.7999855875968933,0.6212177872657776,0.816753089427948,1.1157470539829148,0.39171457290649414,0.24356035888195038,0.8405468463897705,0.5672103762626648,0.867750346660614,0.46056750416755676,0.2991800606250763,0.83697509765625,0.8108444213867188,0.8394284844398499
164,1.1166112242075434,0.3481772541999817,0.21078366041183472,0.800431489944458,0.6215676665306091,0.8172080516815186,1.1166112242075434,0.3924228549003601,0.24410825967788696,0.8407034277915955,0.5683396458625793,0.867810070514679,0.46056750416755676,0.2991800606250763,0.83697509765625,0.8108444213867188,0.8394284844398499
165,1.1159408737904957,0.34879225492477417,0.21123462915420532,0.8007904291152954,0.6221287846565247,0.8175481557846069,1.1159408737904957,0.3931068778038025,0.2446378469467163,0.8408289551734924,0.5695228576660156,0.8678302764892578,0.46056750416755676,0.2991800606250763,0.83697509765625,0.8108444213867188,0.8394284844398499
166,1.117535383815886,0.3493824601173401,0.2116677314043045,0.8010933995246887,0.6227951049804688,0.8178170919418335,1.117535383815886,0.393836110830307,0.2452029436826706,0.841070830821991,0.5703976154327393,0.8680093288421631,0.46056750416755676,0.2991800606250763,0.83697509765625,0.8108444213867188,0.8394284844398499
167,1.1150816182091976,0.35002321004867554,0.21213826537132263,0.8015446662902832,0.623129665851593,0.818279504776001,1.1150816182091976,0.39456090331077576,0.2457650899887085,0.8412821888923645,0.5713708996772766,0.8681446313858032,0.46056750416755676,0.2991800606250763,0.83697509765625,0.8108444213867188,0.8394284844398499
168,1.1145400862667496,0.35063767433166504,0.21258984506130219,0.8019291162490845,0.6236031651496887,0.8186556100845337,1.1145400862667496,0.39520058035850525,0.24626167118549347,0.8413757681846619,0.5725644826889038,0.8681288361549377,0.46056750416755676,0.2991800606250763,0.83697509765625,0.8108444213867188,0.8394284844398499
169,1.117874121470583,0.35118117928504944,0.21298955380916595,0.8021757006645203,0.6243112683296204,0.8188590407371521,1.117874121470583,0.39589279890060425,0.24679946899414062,0.8415948152542114,0.5734317302703857,0.8682833909988403,0.46056750416755676,0.2991800606250763,0.83697509765625,0.8108444213867188,0.8394284844398499
170,1.1131202617680547,0.35180413722991943,0.21344803273677826,0.8026015162467957,0.6246721744537354,0.8192909359931946,1.1131202617680547,0.3965628445148468,0.24732047319412231,0.8417742252349854,0.574388861656189,0.8683853149414062,0.46056750416755676,0.2991800606250763,0.83697509765625,0.8108444213867188,0.8394284844398499
171,1.114397967447431,0.35238999128341675,0.21387949585914612,0.8029466867446899,0.6251864433288574,0.8196200132369995,1.114397967447431,0.397182434797287,0.24780264496803284,0.8418593406677246,0.5755676627159119,0.8683615922927856,0.46056750416755676,0.2991800606250763,0.83697509765625,0.8108444213867188,0.8394284844398499
172,1.1171313452150082,0.35291391611099243,0.2142656147480011,0.8031706213951111,0.6259108781814575,0.8197970986366272,1.1171313452150082,0.39787590503692627,0.24834275245666504,0.8420985341072083,0.5763635039329529,0.8685455322265625,0.46056750416755676,0.2991800606250763,0.83697509765625,0.8108444213867188,0.8394284844398499
173,1.1147052640585766,0.3535112142562866,0.21470613777637482,0.803605854511261,0.6261622905731201,0.820249617099762,1.1147052640585766,0.39856261014938354,0.24887804687023163,0.8422920107841492,0.5773096084594727,0.8686639070510864,0.46056750416755676,0.2991800606250763,0.83697509765625,0.8108444213867188,0.8394284844398499
174,1.1134298669490688,0.35410046577453613,0.21514098346233368,0.8039775490760803,0.626588761806488,0.8206161856651306,1.1134298669490688,0.3991813361644745,0.24936075508594513,0.8424002528190613,0.5784038305282593,0.868674099445343,0.46056750416755676,0.2991800606250763,0.83697509765625,0.8108444213867188,0.8394284844398499
175,1.112492458319536,0.3546694815158844,0.21556124091148376,0.8042738437652588,0.6271979808807373,0.8208832740783691,1.112492458319536,0.3998190462589264,0.24985864758491516,0.8425350189208984,0.5794472694396973,0.8687185049057007,0.46056750416755676,0.2991800606250763,0.83697509765625,0.8108444213867188,0.8394284844398499
176,1.1146208573533005,0.35521480441093445,0.21596424281597137,0.8045544028282166,0.6277928352355957,0.8211341500282288,1.1146208573533005,0.4004857838153839,0.25037965178489685,0.8427793979644775,0.5801575183868408,0.868916392326355,0.46056750416755676,0.2991800606250763,0.83697509765625,0.8108444213867188,0.8394284844398499
177,1.1162628366520055,0.35578665137290955,0.21638713777065277,0.8049811720848083,0.6279839873313904,0.8215832114219666,1.1162628366520055,0.4011439383029938,0.25089433789253235,0.8429675102233887,0.5810534358024597,0.8690341114997864,0.46056750416755676,0.2991800606250763,0.83697509765625,0.8108444213867188,0.8394284844398499
178,1.113055336153577,0.3563554286956787,0.21680805087089539,0.8053218126296997,0.6284394264221191,0.8219132423400879,1.113055336153577,0.401727557182312,0.25135111808776855,0.8430407643318176,0.5821945667266846,0.8690011501312256,0.46056750416755676,0.2991800606250763,0.83697509765625,0.8108444213867188,0.8394284844398499
179,1.1117782128642715,0.3568894863128662,0.21720357239246368,0.8055518269538879,0.629156768321991,0.8220975995063782,1.1117782128642715,0.40236642956733704,0.25185149908065796,0.8432071208953857,0.5831254124641418,0.8690913915634155,0.46056750416755676,0.2991800606250763,0.83697509765625,0.8108444213867188,0.8394284844398499
180,1.1115178764292364,0.35744261741638184,0.21761344373226166,0.805864691734314,0.6296627521514893,0.8223922252655029,1.1115178764292364,0.4029999375343323,0.2523480951786041,0.8434411287307739,0.5837907791137695,0.8692823648452759,0.46056750416755676,0.2991800606250763,0.83697509765625,0.8108444213867188,0.8394284844398499
181,1.1134834688572455,0.3580050468444824,0.21803054213523865,0.8062768578529358,0.6298710703849792,0.8228233456611633,1.1134834688572455,0.4036118686199188,0.2528281509876251,0.8435879349708557,0.5847281217575073,0.8693505525588989,0.46056750416755676,0.2991800606250763,0.83697509765625,0.8108444213867188,0.8394284844398499
182,1.1097472902195928,0.3585614264011383,0.2184433788061142,0.8065910339355469,0.630374014377594,0.8231198191642761,1.1097472902195928,0.4040098786354065,0.2531405985355377,0.8435083627700806,0.5859937071800232,0.8691370487213135,0.46056750416755676,0.2991800606250763,0.83697509765625,0.8108444213867188,0.8394284844398499
183,1.1193265673651165,0.3589582145214081,0.21873797476291656,0.8066666722297668,0.6312147974967957,0.8231236934661865,1.1193265673651165,0.4046323001384735,0.2536294758319855,0.843762993812561,0.5865538716316223,0.8693613409996033,0.46056750416755676,0.2991800606250763,0.83697509765625,0.8108444213867188,0.8394284844398499
184,1.1165258042015607,0.359499990940094,0.21914047002792358,0.8071190714836121,0.6312272548675537,0.8236172199249268,1.1165258042015607,0.4052538275718689,0.25411808490753174,0.8439817428588867,0.587245523929596,0.8695329427719116,0.46056750416755676,0.2991800606250763,0.83697509765625,0.8108444213867188,0.8394284844398499
185,1.1126567282125575,0.3600575625896454,0.21955500543117523,0.8075219988822937,0.6314324140548706,0.8240388035774231,1.1126567282125575,0.4055394232273102,0.2543427050113678,0.8438224196434021,0.5885419845581055,0.8692288398742676,0.46056750416755676,0.2991800606250763,0.83697509765625,0.8108444213867188,0.8394284844398499
186,1.1162099036197142,0.3604685664176941,0.2198607176542282,0.8076084852218628,0.6322751641273499,0.8240543603897095,1.1162099036197142,0.4060988128185272,0.25478291511535645,0.8439295887947083,0.5895041227340698,0.8692509531974792,0.46056750416755676,0.2991800606250763,0.83697509765625,0.8108444213867188,0.8394284844398499
187,1.1094548435510578,0.3610022962093353,0.2202579528093338,0.8078898787498474,0.6328122615814209,0.8243118524551392,1.1094548435510578,0.4066791832447052,0.25523999333381653,0.8441423177719116,0.590118408203125,0.8694237470626831,0.46056750416755676,0.2991800606250763,0.83697509765625,0.8108444213867188,0.8394284844398499
188,1.1145551864069516,0.36153197288513184,0.22065244615077972,0.8082820177078247,0.6329703330993652,0.8247259259223938,1.1145551864069516,0.4072614312171936,0.2556988596916199,0.844288170337677,0.5909906625747681,0.8694972395896912,0.46056750416755676,0.2991800606250763,0.83697509765625,0.8108444213867188,0.8394284844398499
189,1.1090627619842173,0.36207151412963867,0.22105450928211212,0.8086012005805969,0.633395254611969,0.8250352144241333,1.1090627619842173,0.4076574742794037,0.25601115822792053,0.8442357778549194,0.5921598076820374,0.8693233132362366,0.46056750416755676,0.2991800606250763,0.83697509765625,0.8108444213867188,0.8394284844398499
190,1.1161833628010016,0.3624887466430664,0.22136564552783966,0.8087308406829834,0.6341100931167603,0.8251099586486816,1.1161833628010016,0.40825673937797546,0.2564840316772461,0.8444355130195618,0.5928696990013123,0.8694722056388855,0.46056750416755676,0.2991800606250763,0.83697509765625,0.8108444213867188,0.8394284844398499
191,1.1136453849680543,0.3630123436450958,0.22175630927085876,0.8091158866882324,0.634269654750824,0.8255160450935364,1.1136453849680543,0.4088422656059265,0.2569464147090912,0.8446008563041687,0.5936766862869263,0.8695736527442932,0.46056750416755676,0.2991800606250763,0.83697509765625,0.8108444213867188,0.8394284844398499
192,1.109853648831344,0.3635455071926117,0.22215434908866882,0.8094460368156433,0.6346315741539001,0.825843334197998,1.109853648831344,0.40934932231903076,0.25734707713127136,0.8446614146232605,0.5946910381317139,0.8695393800735474,0.46056750416755676,0.2991800606250763,0.83697509765625,0.8108444213867188,0.8394284844398499
193,1.1108969002777176,0.36400943994522095,0.22250092029571533,0.8096402287483215,0.635257363319397,0.825996994972229,1.1108969002777176,0.40990743041038513,0.25778838992118835,0.8447964191436768,0.5955471992492676,0.869602620601654,0.46056750416755676,0.2991800606250763,0.83697509765625,0.8108444213867188,0.8394284844398499
194,1.1085167473334006,0.3645114302635193,0.2228761613368988,0.8099099397659302,0.6357367634773254,0.8262469172477722,1.1085167473334006,0.4104771614074707,0.2582392394542694,0.8449900150299072,0.5962066054344177,0.8697498440742493,0.46056750416755676,0.2991800606250763,0.83697509765625,0.8108444213867188,0.8394284844398499
195,1.1135749321634643,0.36500605940818787,0.22324611246585846,0.8102519512176514,0.6359495520591736,0.8266011476516724,1.1135749321634643,0.4110260605812073,0.25867387652397156,0.8451173901557922,0.597069501876831,0.8698039650917053,0.46056750416755676,0.2991800606250763,0.83697509765625,0.8108444213867188,0.8394284844398499
196,1.1082153427952686,0.3655166029930115,0.2236282229423523,0.8105539083480835,0.6363385319709778,0.8268948793411255,1.1082153427952686,0.41140010952949524,0.2589702606201172,0.8450676202774048,0.5981846451759338,0.8696382641792297,0.46056750416755676,0.2991800606250763,0.83697509765625,0.8108444213867188,0.8394284844398499
197,1.1095238886842118,0.3659685552120209,0.22396664321422577,0.810735285282135,0.6369719505310059,0.8270337581634521,1.1095238886842118,0.41193822026252747,0.25939685106277466,0.8451940417289734,0.5990259051322937,0.8696935176849365,0.46056750416755676,0.2991800606250763,0.83697509765625,0.8108444213867188,0.8394284844398499
198,1.1075493191286936,0.3664674460887909,0.22434043884277344,0.8110305070877075,0.637349545955658,0.8273211717605591,1.1075493191286936,0.41247841715812683,0.25982537865638733,0.8453569412231445,0.5997312068939209,0.8698025345802307,0.46056750416755676,0.2991800606250763,0.83697509765625,0.8108444213867188,0.8394284844398499
199,1.107806841392045,0.3669838309288025,0.2247275859117508,0.8113754987716675,0.6376051902770996,0.8276744484901428,1.107806841392045,0.4129480719566345,0.2601982057094574,0.845418393611908,0.6006557941436768,0.869778037071228,0.46056750416755676,0.2991800606250763,0.83697509765625,0.8108444213867188,0.8394284844398499
