,train_loss,train_dice,train_iou,train_acc,train_sens,train_spec,val_loss,val_dice,val_iou,val_acc,val_sens,val_spec,test_dice,test_iou,test_acc,test_sens,test_spec
0,0.8505262179186243,0.06907792389392853,0.03577457740902901,0.47925853729248047,0.22529776394367218,0.5030798316001892,0.8505262179186243,0.2344941794872284,0.13281983137130737,0.5413284301757812,0.7761294841766357,0.5179601907730103,0.24092072248458862,0.13695842027664185,0.49529266357421875,0.9331555366516113,0.4541820287704468
1,0.8474534619144902,0.15499231219291687,0.08400632441043854,0.4735431671142578,0.563016414642334,0.4651506543159485,0.8474534619144902,0.2303919941186905,0.1301937997341156,0.5719718933105469,0.707813560962677,0.5584524273872375,0.24092072248458862,0.13695842027664185,0.49529266357421875,0.9331555366516113,0.4541820287704468
2,0.8435815761715806,0.17859779298305511,0.09805510938167572,0.48313745856285095,0.6552455425262451,0.46699386835098267,0.8435815761715806,0.22919248044490814,0.1294282227754593,0.5839004516601562,0.683440089225769,0.5739939212799072,0.24092072248458862,0.13695842027664185,0.49529266357421875,0.9331555366516113,0.4541820287704468
3,0.8393342797275671,0.19039133191108704,0.10521133244037628,0.48892688751220703,0.7007511854171753,0.46905794739723206,0.8393342797275671,0.22946371138095856,0.12960125505924225,0.5829544067382812,0.6860460042953491,0.5726943612098694,0.24092072248458862,0.13695842027664185,0.49529266357421875,0.9331555366516113,0.4541820287704468
4,0.8354055063324575,0.1979576200246811,0.10985180735588074,0.48995208740234375,0.733997642993927,0.4670608341693878,0.8354055063324575,0.23205485939979553,0.1312568187713623,0.5664993524551392,0.7236008048057556,0.550864040851593,0.24092072248458862,0.13695842027664185,0.49529266357421875,0.9331555366516113,0.4541820287704468
5,0.8324760540690301,0.20331311225891113,0.11316001415252686,0.48369693756103516,0.7682299017906189,0.4570080041885376,0.8324760540690301,0.23256507515907288,0.13158337771892548,0.5415446162223816,0.7674477696418762,0.5190619230270386,0.24092072248458862,0.13695842027664185,0.49529266357421875,0.9331555366516113,0.4541820287704468
6,0.8324382209926977,0.20620734989643097,0.11495606601238251,0.47137531638145447,0.8006694912910461,0.4404878318309784,0.8324382209926977,0.23371566832065582,0.13232052326202393,0.5319496989250183,0.7885680794715881,0.5064101815223694,0.24092072248458862,0.13695842027664185,0.49529266357421875,0.9331555366516113,0.4541820287704468
7,0.8312876919541359,0.20908774435520172,0.11674929410219193,0.4680306911468506,0.8199656009674072,0.43501949310302734,0.8312876919541359,0.23448248207569122,0.13281232118606567,0.5334339141845703,0.7894365191459656,0.5079556107521057,0.24092072248458862,0.13695842027664185,0.49529266357421875,0.9331555366516113,0.4541820287704468
8,0.8316678173648759,0.21137957274913788,0.11818023025989532,0.4693688154220581,0.829271137714386,0.435610294342041,0.8316678173648759,0.2350025624036789,0.13314612209796906,0.5355326533317566,0.7881640195846558,0.5103898644447327,0.24092072248458862,0.13695842027664185,0.49529266357421875,0.9331555366516113,0.4541820287704468
9,0.8317126946229675,0.21321754157543182,0.11933044344186783,0.4710614085197449,0.8357613682746887,0.4368528723716736,0.8317126946229675,0.2355315089225769,0.133485808968544,0.5346366763114929,0.7920094132423401,0.509022057056427,0.24092072248458862,0.13695842027664185,0.49529266357421875,0.9331555366516113,0.4541820287704468
10,0.8314106634058716,0.21474312245845795,0.1202869564294815,0.4713118374347687,0.8429773449897766,0.43644994497299194,0.8314106634058716,0.236126109957695,0.13386790454387665,0.5310197472572327,0.8008030652999878,0.5041699409484863,0.24092072248458862,0.13695842027664185,0.49529266357421875,0.9331555366516113,0.4541820287704468
11,0.8311895763924022,0.21597068011760712,0.12105780839920044,0.4701436460018158,0.8509997725486755,0.4344196617603302,0.8311895763924022,0.23624154925346375,0.133942112326622,0.5252755284309387,0.8111302852630615,0.49682626128196716,0.24092072248458862,0.13695842027664185,0.49529266357421875,0.9331555366516113,0.4541820287704468
12,0.8310916209510092,0.2169296145439148,0.12166071683168411,0.46779441833496094,0.8596194982528687,0.43104156851768494,0.8310916209510092,0.23634245991706848,0.13400700688362122,0.5193334817886353,0.821742594242096,0.48923665285110474,0.24092072248458862,0.13695842027664185,0.49529266357421875,0.9331555366516113,0.4541820287704468
13,0.8311902588370517,0.21762752532958984,0.12209992110729218,0.46483707427978516,0.8679507374763489,0.42702537775039673,0.8311902588370517,0.2364100217819214,0.13405044376850128,0.5139552354812622,0.8312481641769409,0.48237714171409607,0.24092072248458862,0.13695842027664185,0.49529266357421875,0.9331555366516113,0.4541820287704468
14,0.831223480573048,0.21819843351840973,0.12245944142341614,0.4620603024959564,0.8753817081451416,0.4232911169528961,0.831223480573048,0.23647966980934143,0.13409523665905,0.5095377564430237,0.8391267657279968,0.4767358899116516,0.24092072248458862,0.13695842027664185,0.49529266357421875,0.9331555366516113,0.4541820287704468
15,0.8311401990362047,0.21873457729816437,0.12279728800058365,0.4598769545555115,0.8816989064216614,0.4203104078769684,0.8311401990362047,0.23654776811599731,0.1341390311717987,0.5062427520751953,0.8450828194618225,0.47252020239830017,0.24092072248458862,0.13695842027664185,0.49529266357421875,0.9331555366516113,0.4541820287704468
16,0.8309969032237821,0.2192913442850113,0.1231483593583107,0.4585363268852234,0.8867692351341248,0.4183684289455414,0.8309969032237821,0.23664197325706482,0.1341996192932129,0.5041580200195312,0.8490936756134033,0.4698288142681122,0.24092072248458862,0.13695842027664185,0.49529266357421875,0.9331555366516113,0.4541820287704468
17,0.8309250597727668,0.21986401081085205,0.12350967526435852,0.4580865502357483,0.8904767036437988,0.4175287187099457,0.8309250597727668,0.23683048784732819,0.13432088494300842,0.5032399296760559,0.851553738117218,0.46857452392578125,0.24092072248458862,0.13695842027664185,0.49529266357421875,0.9331555366516113,0.4541820287704468
18,0.8309017791295172,0.22044417262077332,0.1238759458065033,0.45836424827575684,0.8930330276489258,0.41759270429611206,0.8309017791295172,0.2370462864637375,0.1344597339630127,0.5030204653739929,0.8529474139213562,0.46819445490837097,0.24092072248458862,0.13695842027664185,0.49529266357421875,0.9331555366516113,0.4541820287704468
19,0.8309434067313775,0.2209952473640442,0.12422409653663635,0.45904913544654846,0.8947659730911255,0.4181792736053467,0.8309434067313775,0.23721696436405182,0.13456957042217255,0.5025970339775085,0.854479968547821,0.46757641434669495,0.24092072248458862,0.13695842027664185,0.49529266357421875,0.9331555366516113,0.4541820287704468
20,0.8308762145059905,0.22150205075740814,0.12454445660114288,0.45961397886276245,0.8964646458625793,0.418637752532959,0.8308762145059905,0.23730498552322388,0.13462622463703156,0.5016632080078125,0.8565006852149963,0.4663485288619995,0.24092072248458862,0.13695842027664185,0.49529266357421875,0.9331555366516113,0.4541820287704468
21,0.8308009340466178,0.22195297479629517,0.12482964247465134,0.45985138416290283,0.8984153866767883,0.4187144637107849,0.8308009340466178,0.23735040426254272,0.13465547561645508,0.5004099011421204,0.8588702082633972,0.46473467350006104,0.24092072248458862,0.13695842027664185,0.49529266357421875,0.9331555366516113,0.4541820287704468
22,0.8307644324898886,0.22234471142292023,0.1250775158405304,0.45980018377304077,0.900539755821228,0.4184592068195343,0.8307644324898886,0.23738130927085876,0.13467536866664886,0.49899822473526,0.8614441752433777,0.46292632818222046,0.24092072248458862,0.13695842027664185,0.49529266357421875,0.9331555366516113,0.4541820287704468
23,0.8307404126125348,0.2226896733045578,0.12529587745666504,0.4595434367656708,0.9027660489082336,0.4179695248603821,0.8307404126125348,0.2373960167169571,0.13468483090400696,0.497540146112442,0.8640214204788208,0.46106666326522827,0.24092072248458862,0.13695842027664185,0.49529266357421875,0.9331555366516113,0.4541820287704468
24,0.8307241208242999,0.22299765050411224,0.1254909187555313,0.4591920077800751,0.9049610495567322,0.4173792600631714,0.8307241208242999,0.23740842938423157,0.13469281792640686,0.4961468577384949,0.8664767146110535,0.4592903256416321,0.24092072248458862,0.13695842027664185,0.49529266357421875,0.9331555366516113,0.4541820287704468
25,0.8306960619608291,0.22328607738018036,0.12567362189292908,0.4588615596294403,0.9070218205451965,0.4168245196342468,0.8306960619608291,0.23742149770259857,0.13470123708248138,0.4948616027832031,0.8687496781349182,0.45765095949172974,0.24092072248458862,0.13695842027664185,0.49529266357421875,0.9331555366516113,0.4541820287704468
26,0.8306659390979302,0.2235613465309143,0.12584805488586426,0.4585987329483032,0.908903181552887,0.4163605868816376,0.8306659390979302,0.2374313920736313,0.13470759987831116,0.4936710000038147,0.8708449006080627,0.45613330602645874,0.24092072248458862,0.13695842027664185,0.49529266357421875,0.9331555366516113,0.4541820287704468
27,0.8306279197703192,0.2238256186246872,0.1260155588388443,0.4583947956562042,0.9106302857398987,0.41597551107406616,0.8306279197703192,0.23744644224643707,0.13471730053424835,0.4926817715167999,0.8726188540458679,0.4548690915107727,0.24092072248458862,0.13695842027664185,0.49529266357421875,0.9331555366516113,0.4541820287704468
28,0.8305871878025536,0.22409352660179138,0.12618544697761536,0.4583759605884552,0.9120668768882751,0.4158201515674591,0.8305871878025536,0.2374633252620697,0.13472816348075867,0.4919852018356323,0.873898446559906,0.4539758265018463,0.24092072248458862,0.13695842027664185,0.49529266357421875,0.9331555366516113,0.4541820287704468
29,0.8305857593174462,0.22437186539173126,0.12636196613311768,0.45866715908050537,0.9130362868309021,0.41604772210121155,0.8305857593174462,0.23747503757476807,0.13473570346832275,0.49126994609832764,0.8751854300498962,0.4530613124370575,0.24092072248458862,0.13695842027664185,0.49529266357421875,0.9331555366516113,0.4541820287704468
30,0.8305696099793375,0.224630668759346,0.12652616202831268,0.4588889181613922,0.9140198826789856,0.4161980450153351,0.8305696099793375,0.2374970018863678,0.13474984467029572,0.4903237223625183,0.8769196271896362,0.4518483281135559,0.24092072248458862,0.13695842027664185,0.49529266357421875,0.9331555366516113,0.4541820287704468
31,0.8305813043498893,0.2248411476612091,0.12665973603725433,0.458774209022522,0.9153187274932861,0.415950745344162,0.8305813043498893,0.2375115156173706,0.13475918769836426,0.48948097229003906,0.8784400224685669,0.45077040791511536,0.24092072248458862,0.13695842027664185,0.49529266357421875,0.9331555366516113,0.4541820287704468
32,0.8305624903081084,0.22504664957523346,0.12679018080234528,0.458723247051239,0.9164845943450928,0.41578561067581177,0.8305624903081084,0.2375083714723587,0.1347571611404419,0.48900720477104187,0.8792399764060974,0.4501698613166809,0.24092072248458862,0.13695842027664185,0.49529266357421875,0.9331555366516113,0.4541820287704468
33,0.8305291541180688,0.2252768725156784,0.12693633139133453,0.4590253531932831,0.9171825051307678,0.41605061292648315,0.8305291541180688,0.23748238384723663,0.1347404271364212,0.4888002872467041,0.8794697523117065,0.4499194622039795,0.24092072248458862,0.13695842027664185,0.49529266357421875,0.9331555366516113,0.4541820287704468
34,0.8306119027337506,0.2255115509033203,0.1270853728055954,0.4595955014228821,0.9174481630325317,0.41664934158325195,0.8306119027337506,0.2374943643808365,0.13474814593791962,0.4882546663284302,0.8804666996002197,0.44922032952308655,0.24092072248458862,0.13695842027664185,0.49529266357421875,0.9331555366516113,0.4541820287704468
35,0.8305081105221346,0.22570553421974182,0.12720860540866852,0.45971521735191345,0.9182640314102173,0.4167037010192871,0.8305081105221346,0.23750217258930206,0.13475316762924194,0.4875825345516205,0.8816611170768738,0.44836243987083435,0.24092072248458862,0.13695842027664185,0.49529266357421875,0.9331555366516113,0.4541820287704468
36,0.8305445085028587,0.2258676290512085,0.1273116022348404,0.45965576171875,0.919217050075531,0.41654929518699646,0.8305445085028587,0.23751115798950195,0.13475896418094635,0.4869817793369293,0.8827385902404785,0.44759467244148254,0.24092072248458862,0.13695842027664185,0.49529266357421875,0.9331555366516113,0.4541820287704468
37,0.8305310398641734,0.22602595388889313,0.12741221487522125,0.45963025093078613,0.9200929999351501,0.4164392948150635,0.8305310398641734,0.23751641809940338,0.13476234674453735,0.4865349233150482,0.8835331201553345,0.44702425599098206,0.24092072248458862,0.13695842027664185,0.49529266357421875,0.9331555366516113,0.4541820287704468
38,0.8305054115391698,0.22619189321994781,0.1275176703929901,0.4597400724887848,0.9207788705825806,0.41649502515792847,0.8305054115391698,0.2375214844942093,0.1347656100988388,0.4862682521343231,0.8840166926383972,0.4466829299926758,0.24092072248458862,0.13695842027664185,0.49529266357421875,0.9331555366516113,0.4541820287704468
39,0.8305027020839448,0.22636598348617554,0.127628356218338,0.4600122570991516,0.9212305545806885,0.41675034165382385,0.8305027020839448,0.23752234876155853,0.13476616144180298,0.48608455061912537,0.8843370676040649,0.44644907116889954,0.24092072248458862,0.13695842027664185,0.49529266357421875,0.9331555366516113,0.4541820287704468
40,0.8305081097842049,0.22653988003730774,0.12773893773555756,0.46034789085388184,0.9215723276138306,0.4170854091644287,0.8305081097842049,0.23752529919147491,0.1347680538892746,0.48592060804367065,0.8846335411071777,0.44623929262161255,0.24092072248458862,0.13695842027664185,0.49529266357421875,0.9331555366516113,0.4541820287704468
41,0.8305029888983908,0.22670641541481018,0.12784481048583984,0.46068045496940613,0.9218798279762268,0.417420357465744,0.8305029888983908,0.23753024637699127,0.13477124273777008,0.48569124937057495,0.8850524425506592,0.4459454119205475,0.24092072248458862,0.13695842027664185,0.49529266357421875,0.9331555366516113,0.4541820287704468
42,0.8304776839071838,0.22686058282852173,0.12794288992881775,0.46092498302459717,0.9222723245620728,0.41765105724334717,0.8304776839071838,0.23754030466079712,0.1347777247428894,0.4853476583957672,0.8856928944587708,0.4455038905143738,0.24092072248458862,0.13695842027664185,0.49529266357421875,0.9331555366516113,0.4541820287704468
43,0.8304697320859987,0.22699621319770813,0.12802918255329132,0.4610302746295929,0.9228054881095886,0.41771620512008667,0.8304697320859987,0.23754529654979706,0.13478092849254608,0.4849309027194977,0.8864344954490662,0.44497185945510864,0.24092072248458862,0.13695842027664185,0.49529266357421875,0.9331555366516113,0.4541820287704468
44,0.8304699326924199,0.2271178513765335,0.12810657918453217,0.4610479474067688,0.9234150052070618,0.4176783263683319,0.8304699326924199,0.2375556230545044,0.13478758931159973,0.4845496416091919,0.8871412873268127,0.44448229670524597,0.24092072248458862,0.13695842027664185,0.49529266357421875,0.9331555366516113,0.4541820287704468
45,0.8304492068221148,0.2272377461194992,0.12818285822868347,0.4610835909843445,0.923984706401825,0.41766390204429626,0.8304492068221148,0.2375592440366745,0.13478991389274597,0.4843406677246094,0.8875187039375305,0.44421496987342834,0.24092072248458862,0.13695842027664185,0.49529266357421875,0.9331555366516113,0.4541820287704468
46,0.8303993122653535,0.22737540304660797,0.1282704770565033,0.46129900217056274,0.9243394732475281,0.41786623001098633,0.8303993122653535,0.23751868307590485,0.13476379215717316,0.48429447412490845,0.8873993754386902,0.4441760778427124,0.24092072248458862,0.13695842027664185,0.49529266357421875,0.9331555366516113,0.4541820287704468
47,0.83053431264473,0.2275160700082779,0.12836003303527832,0.4617140293121338,0.9243671894073486,0.4183175563812256,0.83053431264473,0.2375241219997406,0.1347673088312149,0.4840753972530365,0.8878030776977539,0.44389498233795166,0.24092072248458862,0.13695842027664185,0.49529266357421875,0.9331555366516113,0.4541820287704468
48,0.8303825933651263,0.22764112055301666,0.12843963503837585,0.4618819057941437,0.9247364401817322,0.4184665381908417,0.8303825933651263,0.23754246532917023,0.13477911055088043,0.48375171422958374,0.888450026512146,0.4434747099876404,0.24092072248458862,0.13695842027664185,0.49529266357421875,0.9331555366516113,0.4541820287704468
49,0.8304279024151927,0.22774343192577362,0.12850478291511536,0.4619058668613434,0.9252334833145142,0.4184461236000061,0.8304279024151927,0.23756065964698792,0.1347908228635788,0.4834681749343872,0.8890272974967957,0.4431054890155792,0.24092072248458862,0.13695842027664185,0.49529266357421875,0.9331555366516113,0.4541820287704468
50,0.8304166533809193,0.22784534096717834,0.12856967747211456,0.46195587515830994,0.9256835579872131,0.41845858097076416,0.8304166533809193,0.23757855594158173,0.13480235636234283,0.4833429455757141,0.8893307447433472,0.44293761253356934,0.24092072248458862,0.13695842027664185,0.49529266357421875,0.9331555366516113,0.4541820287704468
51,0.8303817927286581,0.22796118259429932,0.1286434531211853,0.4621536135673523,0.9259527325630188,0.41864967346191406,0.8303817927286581,0.23756080865859985,0.13479092717170715,0.48333755135536194,0.8892529010772705,0.442939430475235,0.24092072248458862,0.13695842027664185,0.49529266357421875,0.9331555366516113,0.4541820287704468
52,0.8303992015604531,0.2280876636505127,0.12872400879859924,0.46250826120376587,0.9260073900222778,0.41903242468833923,0.8303992015604531,0.23754316568374634,0.13477957248687744,0.4833270311355591,0.8891843557357788,0.44293469190597534,0.24092072248458862,0.13695842027664185,0.49529266357421875,0.9331555366516113,0.4541820287704468
53,0.8303870779787935,0.22821052372455597,0.12880226969718933,0.46284669637680054,0.9260700941085815,0.4193967878818512,0.8303870779787935,0.23755143582820892,0.13478489220142365,0.4832221269607544,0.8894055485725403,0.44279730319976807,0.24092072248458862,0.13695842027664185,0.49529266357421875,0.9331555366516113,0.4541820287704468
54,0.8303587438879045,0.22831854224205017,0.1288710981607437,0.4630478620529175,0.9262910485267639,0.4195960760116577,0.8303587438879045,0.23756641149520874,0.13479453325271606,0.48303237557411194,0.8898056745529175,0.44254884123802185,0.24092072248458862,0.13695842027664185,0.49529266357421875,0.9331555366516113,0.4541820287704468
55,0.8303733995144419,0.22841185331344604,0.12893056869506836,0.4631471633911133,0.9266104102134705,0.41967469453811646,0.8303733995144419,0.23757486045360565,0.13479997217655182,0.4828541576862335,0.8901538848876953,0.44231826066970825,0.24092072248458862,0.13695842027664185,0.49529266357421875,0.9331555366516113,0.4541820287704468
56,0.8303549060337132,0.22850504517555237,0.12898996472358704,0.4632585048675537,0.9269081354141235,0.4197686016559601,0.8303549060337132,0.2375708371400833,0.1347973793745041,0.48273080587387085,0.8903464674949646,0.44216346740722656,0.24092072248458862,0.13695842027664185,0.49529266357421875,0.9331555366516113,0.4541820287704468
57,0.8303337665411139,0.22860433161258698,0.1290532350540161,0.4634378254413605,0.9271203279495239,0.4199448227882385,0.8303337665411139,0.23755259811878204,0.13478563725948334,0.48266273736953735,0.890373945236206,0.442085862159729,0.24092072248458862,0.13695842027664185,0.49529266357421875,0.9331555366516113,0.4541820287704468
58,0.8303720863560531,0.22870522737503052,0.12911754846572876,0.4636856019496918,0.9272225499153137,0.4202062487602234,0.8303720863560531,0.2375650256872177,0.13479363918304443,0.4824570417404175,0.8907890915870667,0.4418184161186218,0.24092072248458862,0.13695842027664185,0.49529266357421875,0.9331555366516113,0.4541820287704468
59,0.8303412993478616,0.2287856489419937,0.1291688084602356,0.46374040842056274,0.9275504946708679,0.42023542523384094,0.8303412993478616,0.23758913576602936,0.13480916619300842,0.48218995332717896,0.8913674354553223,0.44146716594696045,0.24092072248458862,0.13695842027664185,0.49529266357421875,0.9331555366516113,0.4541820287704468
60,0.8303914690476173,0.2288498878479004,0.1292097419500351,0.4637012481689453,0.9279558658599854,0.4201545715332031,0.8303914690476173,0.2376103401184082,0.134822815656662,0.48202839493751526,0.891749918460846,0.4412514567375183,0.24092072248458862,0.13695842027664185,0.49529266357421875,0.9331555366516113,0.4541820287704468
61,0.8303268964534072,0.22892840206623077,0.12925982475280762,0.4637715220451355,0.9282472133636475,0.4202041029930115,0.8303268964534072,0.23757782578468323,0.13480187952518463,0.4820394217967987,0.8915708661079407,0.44128140807151794,0.24092072248458862,0.13695842027664185,0.49529266357421875,0.9331555366516113,0.4541820287704468
62,0.8303654048838522,0.22902554273605347,0.12932176887989044,0.4640748202800751,0.9282327890396118,0.42053720355033875,0.8303654048838522,0.2375435084104538,0.13477979600429535,0.4820723831653595,0.8913453221321106,0.4413400888442993,0.24092072248458862,0.13695842027664185,0.49529266357421875,0.9331555366516113,0.4541820287704468
63,0.8303655298013637,0.22912296652793884,0.1293839067220688,0.46439701318740845,0.9281865954399109,0.42089399695396423,0.8303655298013637,0.23755480349063873,0.13478705286979675,0.4820380210876465,0.8914600014686584,0.4412909150123596,0.24092072248458862,0.13695842027664185,0.49529266357421875,0.9331555366516113,0.4541820287704468
64,0.8303095391689699,0.22921018302440643,0.12943951785564423,0.46460452675819397,0.9282850623130798,0.42111173272132874,0.8303095391689699,0.23757468163967133,0.13479985296726227,0.48193007707595825,0.8917436003684998,0.4411439895629883,0.24092072248458862,0.13695842027664185,0.49529266357421875,0.9331555366516113,0.4541820287704468
65,0.8303445000583597,0.2292812466621399,0.1294848471879959,0.46470168232917786,0.9284901022911072,0.42119869589805603,0.8303445000583597,0.2375946193933487,0.13481269776821136,0.4818347692489624,0.8920058608055115,0.4410130977630615,0.24092072248458862,0.13695842027664185,0.49529266357421875,0.9331555366516113,0.4541820287704468
66,0.8303352267798353,0.22935278713703156,0.12953048944473267,0.4648110568523407,0.928676187992096,0.4213009178638458,0.8303352267798353,0.2376033514738083,0.13481831550598145,0.4818369150161743,0.8920451402664185,0.44101154804229736,0.24092072248458862,0.13695842027664185,0.49529266357421875,0.9331555366516113,0.4541820287704468
67,0.8303143227746125,0.22943657636642456,0.129583939909935,0.4650487005710602,0.9287039041519165,0.4215582609176636,0.8303143227746125,0.23759207129478455,0.13481104373931885,0.48187896609306335,0.8919172286987305,0.4410704970359802,0.24092072248458862,0.13695842027664185,0.49529266357421875,0.9331555366516113,0.4541820287704468
68,0.830325270596499,0.22952470183372498,0.12964016199111938,0.46534955501556396,0.9286442995071411,0.421892911195755,0.830325270596499,0.2376032918691635,0.13481828570365906,0.481842041015625,0.8920360803604126,0.44101807475090027,0.24092072248458862,0.13695842027664185,0.49529266357421875,0.9331555366516113,0.4541820287704468
69,0.8302780503529603,0.2296021431684494,0.12968957424163818,0.46553224325180054,0.9287336468696594,0.42208436131477356,0.8302780503529603,0.2376260906457901,0.134832963347435,0.4817611575126648,0.8922876119613647,0.4409041404724121,0.24092072248458862,0.13695842027664185,0.49529266357421875,0.9331555366516113,0.4541820287704468
70,0.8302866595812208,0.22967016696929932,0.12973298132419586,0.46564510464668274,0.9288946986198425,0.42219269275665283,0.8302866595812208,0.2376503050327301,0.13484854996204376,0.4816705286502838,0.8925628662109375,0.44077709317207336,0.24092072248458862,0.13695842027664185,0.49529266357421875,0.9331555366516113,0.4541820287704468
71,0.8302827644341731,0.22973546385765076,0.12977464497089386,0.4657430052757263,0.9290671944618225,0.4222835898399353,0.8302827644341731,0.23767198622226715,0.1348625123500824,0.48159822821617126,0.8927942514419556,0.4406745433807373,0.24092072248458862,0.13695842027664185,0.49529266357421875,0.9331555366516113,0.4541820287704468
72,0.8302690516016397,0.22980226576328278,0.12981729209423065,0.4658636748790741,0.9292080402374268,0.42240238189697266,0.8302690516016397,0.2376641482114792,0.13485746085643768,0.4815899431705475,0.8927698731422424,0.44066789746284485,0.24092072248458862,0.13695842027664185,0.49529266357421875,0.9331555366516113,0.4541820287704468
73,0.8302637135525607,0.22987662255764008,0.12986473739147186,0.4660639464855194,0.9292498826980591,0.42261749505996704,0.8302637135525607,0.23762637376785278,0.13483314216136932,0.4816160500049591,0.892538845539093,0.4407195746898651,0.24092072248458862,0.13695842027664185,0.49529266357421875,0.9331555366516113,0.4541820287704468
74,0.8302859729896833,0.22995486855506897,0.12991468608379364,0.4663248658180237,0.9292063117027283,0.4229069948196411,0.8302859729896833,0.23764865100383759,0.134847491979599,0.4815519154071808,0.8927590250968933,0.4406271278858185,0.24092072248458862,0.13695842027664185,0.49529266357421875,0.9331555366516113,0.4541820287704468
75,0.830240716917366,0.23001925647258759,0.12995579838752747,0.46644502878189087,0.9293350577354431,0.42302635312080383,0.830240716917366,0.23766659200191498,0.13485904037952423,0.48139631748199463,0.8931154012680054,0.44042059779167175,0.24092072248458862,0.13695842027664185,0.49529266357421875,0.9331555366516113,0.4541820287704468
76,0.8302998784502009,0.23006772994995117,0.1299867331981659,0.4664557874202728,0.9295706748962402,0.4230160117149353,0.8302998784502009,0.23768095672130585,0.1348682940006256,0.4813731908798218,0.8932260274887085,0.4403841197490692,0.24092072248458862,0.13695842027664185,0.49529266357421875,0.9331555366516113,0.4541820287704468
77,0.8302134808894915,0.2301367074251175,0.1300307810306549,0.46662771701812744,0.9296329617500305,0.42319825291633606,0.8302134808894915,0.23764684796333313,0.13484631478786469,0.4814331829547882,0.8929545283317566,0.4404771327972412,0.24092072248458862,0.13695842027664185,0.49529266357421875,0.9331555366516113,0.4541820287704468
78,0.8302813511886089,0.2302141785621643,0.13008025288581848,0.46692579984664917,0.9295197129249573,0.42353492975234985,0.8302813511886089,0.23765935003757477,0.13485437631607056,0.4813971221446991,0.8930783271789551,0.44042515754699707,0.24092072248458862,0.13695842027664185,0.49529266357421875,0.9331555366516113,0.4541820287704468
79,0.830207351253635,0.23027877509593964,0.13012149930000305,0.46707725524902344,0.9295944571495056,0.42369353771209717,0.830207351253635,0.23767192661762238,0.13486246764659882,0.4812975823879242,0.8933116793632507,0.44029250741004944,0.24092072248458862,0.13695842027664185,0.49529266357421875,0.9331555366516113,0.4541820287704468
80,0.8302621179875604,0.23033107817173004,0.13015490770339966,0.4671497941017151,0.929742157459259,0.42375901341438293,0.8302621179875604,0.23767253756523132,0.13486286997795105,0.48130252957344055,0.8933062553405762,0.440298467874527,0.24092072248458862,0.13695842027664185,0.49529266357421875,0.9331555366516113,0.4541820287704468
81,0.8302069828042301,0.23039734363555908,0.130197212100029,0.46733757853507996,0.9297619462013245,0.4239625632762909,0.8302069828042301,0.2376585602760315,0.13485386967658997,0.4813796281814575,0.8931045532226562,0.4404033124446869,0.24092072248458862,0.13695842027664185,0.49529266357421875,0.9331555366516113,0.4541820287704468
82,0.8302235089619332,0.23047104477882385,0.13024428486824036,0.46761608123779297,0.9296621084213257,0.42427653074264526,0.8302235089619332,0.23764154314994812,0.1348429173231125,0.48147115111351013,0.8928630948066711,0.4405279755592346,0.24092072248458862,0.13695842027664185,0.49529266357421875,0.9331555366516113,0.4541820287704468
83,0.8302120096003532,0.23054589331150055,0.1302921026945114,0.46791067719459534,0.9295398592948914,0.4246101975440979,0.8302120096003532,0.23764349520206451,0.13484416902065277,0.481477290391922,0.8928621411323547,0.4405348002910614,0.24092072248458862,0.13695842027664185,0.49529266357421875,0.9331555366516113,0.4541820287704468
84,0.8301820768145437,0.23060938715934753,0.13033266365528107,0.4680951237678528,0.9295501708984375,0.42481106519699097,0.8301820768145437,0.23766417801380157,0.13485749065876007,0.481435090303421,0.8930367827415466,0.44047102332115173,0.24092072248458862,0.13695842027664185,0.49529266357421875,0.9331555366516113,0.4541820287704468
85,0.8301800391449816,0.23066449165344238,0.13036786019802094,0.46820852160453796,0.9296407103538513,0.42492660880088806,0.8301800391449816,0.2376851737499237,0.1348710060119629,0.4813830256462097,0.8932298421859741,0.4403945803642273,0.24092072248458862,0.13695842027664185,0.49529266357421875,0.9331555366516113,0.4541820287704468
86,0.830168346180968,0.2307186871767044,0.13040249049663544,0.4683164060115814,0.9297360181808472,0.42503562569618225,0.830168346180968,0.23769611120224,0.1348780393600464,0.4814043641090393,0.8932470083236694,0.4404163360595703,0.24092072248458862,0.13695842027664185,0.49529266357421875,0.9331555366516113,0.4541820287704468
87,0.8301534509583375,0.23078405857086182,0.1304442435503006,0.46852830052375793,0.9297077655792236,0.42527011036872864,0.8301534509583375,0.23772048950195312,0.1348937451839447,0.48136988282203674,0.8934266567230225,0.44036054611206055,0.24092072248458862,0.13695842027664185,0.49529266357421875,0.9331555366516113,0.4541820287704468
88,0.8301147848109547,0.23084449768066406,0.13048288226127625,0.4686853587627411,0.9297494292259216,0.42543795704841614,0.8301147848109547,0.23774363100528717,0.13490864634513855,0.4813424348831177,0.8935880064964294,0.44031432271003723,0.24092072248458862,0.13695842027664185,0.49529266357421875,0.9331555366516113,0.4541820287704468
89,0.8301219681337679,0.2309076189994812,0.130523219704628,0.4688718914985657,0.9297535419464111,0.42564156651496887,0.8301219681337679,0.23775561153888702,0.13491636514663696,0.4812210202217102,0.8938562870025635,0.440154105424881,0.24092072248458862,0.13695842027664185,0.49529266357421875,0.9331555366516113,0.4541820287704468
90,0.8302547594226848,0.23094569146633148,0.13054755330085754,0.46889999508857727,0.9299036860466003,0.425658255815506,0.8302547594226848,0.23775885999202728,0.1349184662103653,0.4813086688518524,0.893721342086792,0.44026389718055725,0.24092072248458862,0.13695842027664185,0.49529266357421875,0.9331555366516113,0.4541820287704468
91,0.8301374287645673,0.23101289570331573,0.13059048354625702,0.46916136145591736,0.9297976493835449,0.42595410346984863,0.8301374287645673,0.23776045441627502,0.13491947948932648,0.4813871681690216,0.8935939073562622,0.44036293029785156,0.24092072248458862,0.13695842027664185,0.49529266357421875,0.9331555366516113,0.4541820287704468
92,0.8301295601783938,0.23107875883579254,0.13063257932662964,0.4694119393825531,0.929703414440155,0.426237016916275,0.8301295601783938,0.23776960372924805,0.13492538034915924,0.48131322860717773,0.893766462802887,0.44026443362236023,0.24092072248458862,0.13695842027664185,0.49529266357421875,0.9331555366516113,0.4541820287704468
93,0.830200609112628,0.2311217486858368,0.1306600570678711,0.46948152780532837,0.9298063516616821,0.4263034760951996,0.830200609112628,0.23778563737869263,0.13493570685386658,0.48132771253585815,0.893820583820343,0.4402749538421631,0.24092072248458862,0.13695842027664185,0.49529266357421875,0.9331555366516113,0.4541820287704468
94,0.8301173397704398,0.23117654025554657,0.13069508969783783,0.4696390926837921,0.9298169016838074,0.42647477984428406,0.8301173397704398,0.2377750277519226,0.1349288672208786,0.4814349412918091,0.8935834169387817,0.44041648507118225,0.24092072248458862,0.13695842027664185,0.49529266357421875,0.9331555366516113,0.4541820287704468
95,0.8301330616561527,0.23124368488788605,0.1307380050420761,0.46992063522338867,0.9296743869781494,0.4267961382865906,0.8301330616561527,0.2377706617116928,0.13492606580257416,0.48148027062416077,0.8934838175773621,0.4404762387275696,0.24092072248458862,0.13695842027664185,0.49529266357421875,0.9331555366516113,0.4541820287704468
96,0.8300949306002183,0.23130516707897186,0.13077732920646667,0.47014135122299194,0.9296087622642517,0.4270436763763428,0.8300949306002183,0.2377854734659195,0.13493560254573822,0.48148345947265625,0.8935512900352478,0.4404730200767517,0.24092072248458862,0.13695842027664185,0.49529266357421875,0.9331555366516113,0.4541820287704468
97,0.8300828741628192,0.2313593327999115,0.13081194460391998,0.47029903531074524,0.9296151995658875,0.427215576171875,0.8300828741628192,0.23780480027198792,0.13494804501533508,0.481439471244812,0.893722414970398,0.4404076337814331,0.24092072248458862,0.13695842027664185,0.49529266357421875,0.9331555366516113,0.4541820287704468
98,0.8300735550608845,0.23140810430049896,0.1308431327342987,0.4704054892063141,0.9296831488609314,0.42732566595077515,0.8300735550608845,0.2378259301185608,0.13496166467666626,0.4814170300960541,0.8938653469085693,0.4403687119483948,0.24092072248458862,0.13695842027664185,0.49529266357421875,0.9331555366516113,0.4541820287704468
99,0.8300628851022579,0.23146088421344757,0.13087688386440277,0.4705522060394287,0.9297015070915222,0.427484393119812,0.8300628851022579,0.23784133791923523,0.13497157394886017,0.481435090303421,0.8939101696014404,0.4403841197490692,0.24092072248458862,0.13695842027664185,0.49529266357421875,0.9331555366516113,0.4541820287704468
100,0.8300919195330825,0.2315211147069931,0.13091538846492767,0.47078028321266174,0.9296157956123352,0.4277419149875641,0.8300919195330825,0.23784475028514862,0.13497377932071686,0.48121264576911926,0.8943104147911072,0.44009971618652344,0.24092072248458862,0.13695842027664185,0.49529266357421875,0.9331555366516113,0.4541820287704468
101,0.8303860854010634,0.23153023421764374,0.13092122972011566,0.47066056728363037,0.9298737645149231,0.42758679389953613,0.8303860854010634,0.23784562945365906,0.13497434556484222,0.48099374771118164,0.8946921229362488,0.4398210346698761,0.24092072248458862,0.13695842027664185,0.49529266357421875,0.9331555366516113,0.4541820287704468
102,0.8304479462710233,0.2315339297056198,0.13092359900474548,0.47052186727523804,0.9301366209983826,0.42741042375564575,0.8304479462710233,0.23784762620925903,0.1349756270647049,0.4808596968650818,0.8949330449104309,0.43964967131614685,0.24092072248458862,0.13695842027664185,0.49529266357421875,0.9331555366516113,0.4541820287704468
103,0.8303084529642368,0.23155426979064941,0.13093659281730652,0.4704837501049042,0.9303100109100342,0.4273524284362793,0.8303084529642368,0.23785263299942017,0.13497886061668396,0.4808465540409088,0.8949804306030273,0.4396304786205292,0.24092072248458862,0.13695842027664185,0.49529266357421875,0.9331555366516113,0.4541820287704468
104,0.8302249389275682,0.23159180581569672,0.130960613489151,0.4705795347690582,0.9303379058837891,0.4274545907974243,0.8302249389275682,0.2378496676683426,0.13497695326805115,0.4809885025024414,0.8947211503982544,0.4398123621940613,0.24092072248458862,0.13695842027664185,0.49529266357421875,0.9331555366516113,0.4541820287704468
105,0.8302307906465907,0.23164790868759155,0.1309964656829834,0.4708534777164459,0.9301496148109436,0.4277718663215637,0.8302307906465907,0.2378084659576416,0.1349504142999649,0.4811994433403015,0.8941541910171509,0.4401007294654846,0.24092072248458862,0.13695842027664185,0.49529266357421875,0.9331555366516113,0.4541820287704468
106,0.8303360034353681,0.2317097932100296,0.13103607296943665,0.47122350335121155,0.9298225045204163,0.42820727825164795,0.8303360034353681,0.23780208826065063,0.1349463015794754,0.4813042879104614,0.89394211769104,0.4402371048927307,0.24092072248458862,0.13695842027664185,0.49529266357421875,0.9331555366516113,0.4541820287704468
107,0.8301747617097941,0.2317628562450409,0.13107000291347504,0.4714581072330475,0.9296868443489075,0.4284766912460327,0.8301747617097941,0.23781335353851318,0.1349535584449768,0.4812924563884735,0.8940179944038391,0.4402165412902832,0.24092072248458862,0.13695842027664185,0.49529266357421875,0.9331555366516113,0.4541820287704468
108,0.8301179373701029,0.23180168867111206,0.13109484314918518,0.47154614329338074,0.9297348856925964,0.42856842279434204,0.8301179373701029,0.23782609403133392,0.13496175408363342,0.4811968207359314,0.8942456245422363,0.44008874893188477,0.24092072248458862,0.13695842027664185,0.49529266357421875,0.9331555366516113,0.4541820287704468
109,0.8301570800287614,0.23182858526706696,0.13111205399036407,0.47154301404953003,0.9298807978630066,0.4285513460636139,0.8301570800287614,0.23783980309963226,0.13497059047222137,0.48107174038887024,0.8945289254188538,0.4399230480194092,0.24092072248458862,0.13695842027664185,0.49529266357421875,0.9331555366516113,0.4541820287704468
110,0.830186826127877,0.23185089230537415,0.13112632930278778,0.4715113639831543,0.9300529956817627,0.42850053310394287,0.830186826127877,0.23785445094108582,0.13498002290725708,0.4809853434562683,0.8947501182556152,0.4398060142993927,0.24092072248458862,0.13695842027664185,0.49529266357421875,0.9331555366516113,0.4541820287704468
111,0.8301004543358608,0.23188218474388123,0.1311463564634323,0.47153589129447937,0.9301732182502747,0.42851611971855164,0.8301004543358608,0.23785856366157532,0.13498267531394958,0.48100730776786804,0.8947325348854065,0.4398319125175476,0.24092072248458862,0.13695842027664185,0.49529266357421875,0.9331555366516113,0.4541820287704468
112,0.8301437563008888,0.23192667961120605,0.13117480278015137,0.4717023968696594,0.9301124215126038,0.4287039339542389,0.8301437563008888,0.23787860572338104,0.13499557971954346,0.48096391558647156,0.8949062824249268,0.43976691365242004,0.24092072248458862,0.13695842027664185,0.49529266357421875,0.9331555366516113,0.4541820287704468
113,0.8300638835218362,0.23196175694465637,0.1311972588300705,0.4717590808868408,0.9301957488059998,0.4287581145763397,0.8300638835218362,0.2378980964422226,0.13500814139842987,0.48090362548828125,0.8951065540313721,0.43968069553375244,0.24092072248458862,0.13695842027664185,0.49529266357421875,0.9331555366516113,0.4541820287704468
114,0.8302226812901427,0.23198524117469788,0.1312122792005539,0.47176530957221985,0.9303074479103088,0.42875441908836365,0.8302226812901427,0.2379121482372284,0.13501718640327454,0.4808841347694397,0.8952094912528992,0.4396490156650543,0.24092072248458862,0.13695842027664185,0.49529266357421875,0.9331555366516113,0.4541820287704468
115,0.8302298908473001,0.2320120483636856,0.131229430437088,0.47181078791618347,0.9303673505783081,0.4287985861301422,0.8302298908473001,0.23792664706707,0.13502652943134308,0.480935275554657,0.8951929211616516,0.4397068917751312,0.24092072248458862,0.13695842027664185,0.49529266357421875,0.9331555366516113,0.4541820287704468
116,0.8301348544859555,0.23205150663852692,0.1312546730041504,0.47194498777389526,0.9303369522094727,0.4289482533931732,0.8301348544859555,0.2379266321659088,0.13502651453018188,0.4810260832309723,0.8950362205505371,0.43982234597206116,0.24092072248458862,0.13695842027664185,0.49529266357421875,0.9331555366516113,0.4541820287704468
117,0.8301088907678069,0.23210066556930542,0.1312861293554306,0.4721600115299225,0.9302146434783936,0.4291948974132538,0.8301088907678069,0.2379225343465805,0.13502387702465057,0.481119841337204,0.8948542475700378,0.4399435222148895,0.24092072248458862,0.13695842027664185,0.49529266357421875,0.9331555366516113,0.4541820287704468
118,0.8301061936564252,0.2321532517671585,0.1313197910785675,0.47240886092185974,0.9300504326820374,0.42948248982429504,0.8301061936564252,0.23791612684726715,0.13501974940299988,0.4811916947364807,0.8946987390518188,0.4400379955768585,0.24092072248458862,0.13695842027664185,0.49529266357421875,0.9331555366516113,0.4541820287704468
119,0.8301066639174273,0.23220309615135193,0.13135167956352234,0.472640722990036,0.9299015998840332,0.42975008487701416,0.8301066639174273,0.2379113733768463,0.13501669466495514,0.4811950623989105,0.8946694731712341,0.440044641494751,0.24092072248458862,0.13695842027664185,0.49529266357421875,0.9331555366516113,0.4541820287704468
120,0.8300375827535997,0.23224583268165588,0.13137903809547424,0.47278791666030884,0.9298650622367859,0.4299144446849823,0.8300375827535997,0.23791606724262238,0.1350197046995163,0.48113754391670227,0.8947917819023132,0.4399692118167877,0.24092072248458862,0.13695842027664185,0.49529266357421875,0.9331555366516113,0.4541820287704468
121,0.8300260967099305,0.2322792410850525,0.13140042126178741,0.4728471636772156,0.9299346804618835,0.429972767829895,0.8300260967099305,0.2379266768693924,0.13502654433250427,0.4810689091682434,0.8949626088142395,0.4398767650127411,0.24092072248458862,0.13695842027664185,0.49529266357421875,0.9331555366516113,0.4541820287704468
122,0.8300130824576211,0.23231202363967896,0.13142141699790955,0.4729004502296448,0.9300116300582886,0.43002381920814514,0.8300130824576211,0.2379404753446579,0.135035440325737,0.481051504611969,0.895060658454895,0.439847856760025,0.24092072248458862,0.13695842027664185,0.49529266357421875,0.9331555366516113,0.4541820287704468
123,0.8299301669946322,0.23235639929771423,0.13144978880882263,0.4730392396450043,0.9299980401992798,0.43017691373825073,0.8299301669946322,0.23794370889663696,0.13503751158714294,0.48119908571243286,0.8948221206665039,0.44003385305404663,0.24092072248458862,0.13695842027664185,0.49529266357421875,0.9331555366516113,0.4541820287704468
124,0.8303294820039007,0.23240414261817932,0.1314803659915924,0.4733436703681946,0.9297096729278564,0.4305369555950165,0.8303294820039007,0.23795346915721893,0.13504381477832794,0.4811106026172638,0.8950229287147522,0.43991658091545105,0.24092072248458862,0.13695842027664185,0.49529266357421875,0.9331555366516113,0.4541820287704468
125,0.8300224417988135,0.2324342429637909,0.13149961829185486,0.4733862578868866,0.929791271686554,0.4305758774280548,0.8300224417988135,0.23795628547668457,0.1350456178188324,0.4810013473033905,0.8952252268791199,0.43977633118629456,0.24092072248458862,0.13695842027664185,0.49529266357421875,0.9331555366516113,0.4541820287704468
126,0.8300868506048266,0.23245805501937866,0.13151487708091736,0.4733957350254059,0.929898738861084,0.4305761456489563,0.8300868506048266,0.23795856535434723,0.1350470930337906,0.48099246621131897,0.8952518105506897,0.4397639334201813,0.24092072248458862,0.13695842027664185,0.49529266357421875,0.9331555366516113,0.4541820287704468
127,0.8299882749923124,0.2324952483177185,0.13153868913650513,0.47350257635116577,0.9299039244651794,0.43069252371788025,0.8299882749923124,0.23795364797115326,0.1350439190864563,0.4811124801635742,0.8950205445289612,0.4399189054965973,0.24092072248458862,0.13695842027664185,0.49529266357421875,0.9331555366516113,0.4541820287704468
128,0.8301112229548402,0.2325466424226761,0.13157159090042114,0.47377073764801025,0.9296979904174805,0.4310051500797272,0.8301112229548402,0.23796145617961884,0.13504895567893982,0.48101192712783813,0.8952325582504272,0.43978720903396606,0.24092072248458862,0.13695842027664185,0.49529266357421875,0.9331555366516113,0.4541820287704468
129,0.8301264134917498,0.23256516456604004,0.13158343732357025,0.47375497221946716,0.9298222661018372,0.4309762418270111,0.8301264134917498,0.23796680569648743,0.1350523978471756,0.48085808753967285,0.895524263381958,0.4395890533924103,0.24092072248458862,0.13695842027664185,0.49529266357421875,0.9331555366516113,0.4541820287704468
130,0.8303172803167116,0.23256739974021912,0.13158488273620605,0.47365063428878784,0.9300183057785034,0.4308437407016754,0.8303172803167116,0.23797665536403656,0.13505874574184418,0.480732798576355,0.8957890272140503,0.43942496180534363,0.24092072248458862,0.13695842027664185,0.49529266357421875,0.9331555366516113,0.4541820287704468
131,0.8303037412493479,0.23257115483283997,0.13158728182315826,0.473556786775589,0.9302037358283997,0.4307236671447754,0.8303037412493479,0.2379889339208603,0.13506664335727692,0.4806830585002899,0.8959354758262634,0.43935567140579224,0.24092072248458862,0.13695842027664185,0.49529266357421875,0.9331555366516113,0.4541820287704468
132,0.8301771685437289,0.23258736729621887,0.13159766793251038,0.473539263010025,0.9303191304206848,0.43069371581077576,0.8301771685437289,0.23799441754817963,0.13507018983364105,0.4807202219963074,0.8958985209465027,0.43940022587776184,0.24092072248458862,0.13695842027664185,0.49529266357421875,0.9331555366516113,0.4541820287704468
133,0.8301616830132034,0.23261508345603943,0.13161540031433105,0.47362619638442993,0.9303098917007446,0.43078967928886414,0.8301616830132034,0.23798777163028717,0.13506589829921722,0.48079049587249756,0.8957444429397583,0.4394928216934204,0.24092072248458862,0.13695842027664185,0.49529266357421875,0.9331555366516113,0.4541820287704468
134,0.830177615593179,0.2326480746269226,0.13163653016090393,0.4737696349620819,0.9302284121513367,0.4309541881084442,0.830177615593179,0.23797889053821564,0.1350601762533188,0.4808606803417206,0.8955795168876648,0.4395864009857178,0.24092072248458862,0.13695842027664185,0.49529266357421875,0.9331555366516113,0.4541820287704468
135,0.8301509401033311,0.23268283903598785,0.13165879249572754,0.47392240166664124,0.930139422416687,0.4311296343803406,0.8301509401033311,0.23797304928302765,0.13505642116069794,0.48089104890823364,0.8954982161521912,0.43962788581848145,0.24092072248458862,0.13695842027664185,0.49529266357421875,0.9331555366516113,0.4541820287704468
136,0.8301148182318849,0.23271456360816956,0.13167911767959595,0.4740402400493622,0.9300963878631592,0.4312625527381897,0.8301148182318849,0.23796510696411133,0.13505131006240845,0.4808862507343292,0.8954673409461975,0.43962568044662476,0.24092072248458862,0.13695842027664185,0.49529266357421875,0.9331555366516113,0.4541820287704468
137,0.8301107180764649,0.23274220526218414,0.13169680535793304,0.4741211533546448,0.9300971627235413,0.431350976228714,0.8301107180764649,0.23795750737190247,0.13504640758037567,0.4808785915374756,0.8954430222511292,0.43961966037750244,0.24092072248458862,0.13695842027664185,0.49529266357421875,0.9331555366516113,0.4541820287704468
138,0.8300916554200372,0.2327704280614853,0.1317148655653,0.4742060601711273,0.9300939440727234,0.4314441680908203,0.8300916554200372,0.2379501312971115,0.13504165410995483,0.4808875322341919,0.8953911662101746,0.43963468074798584,0.24092072248458862,0.13695842027664185,0.49529266357421875,0.9331555366516113,0.4541820287704468
139,0.8300482959719385,0.23280343413352966,0.13173602521419525,0.4743257164955139,0.9300541877746582,0.4315788447856903,0.8300482959719385,0.23794503509998322,0.1350383758544922,0.4809165298938751,0.895315945148468,0.43967404961586,0.24092072248458862,0.13695842027664185,0.49529266357421875,0.9331555366516113,0.4541820287704468
140,0.8300520797289949,0.2328411191701889,0.1317601501941681,0.47448989748954773,0.9299598932266235,0.43176722526550293,0.8300520797289949,0.23794764280319214,0.1350400447845459,0.480925053358078,0.8953141570091248,0.43968358635902405,0.24092072248458862,0.13695842027664185,0.49529266357421875,0.9331555366516113,0.4541820287704468
141,0.8299645271513226,0.23287692666053772,0.13178308308124542,0.4746149480342865,0.9299249649047852,0.4319072961807251,0.8299645271513226,0.23795150220394135,0.13504253327846527,0.4808931052684784,0.8953883647918701,0.4396410584449768,0.24092072248458862,0.13695842027664185,0.49529266357421875,0.9331555366516113,0.4541820287704468
142,0.8299467947209245,0.2329079657793045,0.13180296123027802,0.47469592094421387,0.929943323135376,0.43199408054351807,0.8299467947209245,0.23795653879642487,0.13504578173160553,0.480880469083786,0.8954349756240845,0.43962255120277405,0.24092072248458862,0.13695842027664185,0.49529266357421875,0.9331555366516113,0.4541820287704468
143,0.8299033132690679,0.2329438477754593,0.13182595372200012,0.47480905055999756,0.9299296736717224,0.43211913108825684,0.8299033132690679,0.23796051740646362,0.13504834473133087,0.480849951505661,0.895507276058197,0.4395817816257477,0.24092072248458862,0.13695842027664185,0.49529266357421875,0.9331555366516113,0.4541820287704468
144,0.8299035428177367,0.2329774796962738,0.13184748589992523,0.4749045670032501,0.9299355149269104,0.43222305178642273,0.8299035428177367,0.23796533048152924,0.1350514441728592,0.48081833124160767,0.8955855965614319,0.43953922390937805,0.24092072248458862,0.13695842027664185,0.49529266357421875,0.9331555366516113,0.4541820287704468
145,0.829874694640857,0.23301240801811218,0.1318698525428772,0.47501006722450256,0.9299304485321045,0.4323389232158661,0.829874694640857,0.2379685491323471,0.13505351543426514,0.4807412624359131,0.895734429359436,0.43943968415260315,0.24092072248458862,0.13695842027664185,0.49529266357421875,0.9331555366516113,0.4541820287704468
146,0.8298610277219268,0.23304316401481628,0.13188956677913666,0.47507667541503906,0.9299724698066711,0.43240785598754883,0.8298610277219268,0.23797722160816193,0.13505910336971283,0.48077839612960815,0.895713210105896,0.4394826292991638,0.24092072248458862,0.13695842027664185,0.49529266357421875,0.9331555366516113,0.4541820287704468
147,0.8301694248407853,0.23308274149894714,0.1319149136543274,0.47530463337898254,0.9297745227813721,0.43267571926116943,0.8301694248407853,0.23797626793384552,0.13505849242210388,0.4806567430496216,0.8959183692932129,0.43932846188545227,0.24092072248458862,0.13695842027664185,0.49529266357421875,0.9331555366516113,0.4541820287704468
148,0.8300707331576631,0.2330957055091858,0.13192322850227356,0.4752703309059143,0.9299027323722839,0.4326261579990387,0.8300707331576631,0.23797397315502167,0.1350570172071457,0.4805088937282562,0.8961620926856995,0.4391416311264038,0.24092072248458862,0.13695842027664185,0.49529266357421875,0.9331555366516113,0.4541820287704468
149,0.8301817596188522,0.23309938609600067,0.131925567984581,0.4751812815666199,0.9300796389579773,0.43251219391822815,0.8301817596188522,0.23797476291656494,0.13505752384662628,0.4803994297981262,0.8963547945022583,0.43900206685066223,0.24092072248458862,0.13695842027664185,0.49529266357421875,0.9331555366516113,0.4541820287704468
150,0.8301577594013809,0.2331065684556961,0.1319301724433899,0.47512009739875793,0.9302254915237427,0.43243157863616943,0.8301577594013809,0.23797707259655,0.13505901396274567,0.48034244775772095,0.8964645862579346,0.438928484916687,0.24092072248458862,0.13695842027664185,0.49529266357421875,0.9331555366516113,0.4541820287704468
151,0.8300914304440288,0.23312169313430786,0.1319398581981659,0.47511526942253113,0.9303127527236938,0.43241816759109497,0.8300914304440288,0.23796047270298004,0.13504831492900848,0.4803410470485687,0.8963848948478699,0.43893492221832275,0.24092072248458862,0.13695842027664185,0.49529266357421875,0.9331555366516113,0.4541820287704468
152,0.8300493548798309,0.23314635455608368,0.13195566833019257,0.4751874506473541,0.9303131103515625,0.4324970841407776,0.8300493548798309,0.23791992664337158,0.13502220809459686,0.4804042875766754,0.896075427532196,0.43903520703315735,0.24092072248458862,0.13695842027664185,0.49529266357421875,0.9331555366516113,0.4541820287704468
153,0.8300871455866496,0.23317945003509521,0.1319768726825714,0.47534582018852234,0.9302045106887817,0.4326804578304291,0.8300871455866496,0.23785212635993958,0.1349785327911377,0.4805169403553009,0.8955461978912354,0.43921178579330444,0.24092072248458862,0.13695842027664185,0.49529266357421875,0.9331555366516113,0.4541820287704468
154,0.830252161717742,0.2332143485546112,0.13199923932552338,0.47556304931640625,0.9300008416175842,0.4329372048377991,0.830252161717742,0.2378140240907669,0.13495399057865143,0.4805363714694977,0.8953244090080261,0.4392552077770233,0.24092072248458862,0.13695842027664185,0.49529266357421875,0.9331555366516113,0.4541820287704468
155,0.8300121259467067,0.2332451194524765,0.13201893866062164,0.4756857454776764,0.9299432039260864,0.4330768287181854,0.8300121259467067,0.23779180645942688,0.13493967056274414,0.48049217462539673,0.8952908515930176,0.4392099380493164,0.24092072248458862,0.13695842027664185,0.49529266357421875,0.9331555366516113,0.4541820287704468
156,0.8299949963382725,0.23326775431632996,0.13203343749046326,0.47573545575141907,0.929972767829895,0.4331284165382385,0.8299949963382725,0.23778004944324493,0.13493210077285767,0.48039576411247253,0.8953989148139954,0.4390931725502014,0.24092072248458862,0.13695842027664185,0.49529266357421875,0.9331555366516113,0.4541820287704468
157,0.8299828537023803,0.23328404128551483,0.13204389810562134,0.47572553157806396,0.9300751090049744,0.43310797214508057,0.8299828537023803,0.237763911485672,0.13492171466350555,0.48029038310050964,0.8955007791519165,0.43896716833114624,0.24092072248458862,0.13695842027664185,0.49529266357421875,0.9331555366516113,0.4541820287704468
158,0.8299291196794674,0.2333023101091385,0.13205558061599731,0.4757227897644043,0.9301748871803284,0.4330956041812897,0.8299291196794674,0.23773391544818878,0.13490240275859833,0.4802875220775604,0.8953575491905212,0.43897828459739685,0.24092072248458862,0.13695842027664185,0.49529266357421875,0.9331555366516113,0.4541820287704468
159,0.8297689761862962,0.23333840072155,0.13207870721817017,0.47584500908851624,0.9301457405090332,0.43323200941085815,0.8297689761862962,0.23768778145313263,0.1348726898431778,0.48080316185951233,0.8942415118217468,0.4396563172340393,0.24092072248458862,0.13695842027664185,0.49529266357421875,0.9331555366516113,0.4541820287704468
160,0.829900553866129,0.23341237008571625,0.132126122713089,0.4763313829898834,0.9296668767929077,0.43380892276763916,0.829900553866129,0.237667515873909,0.13485963642597198,0.48061075806617737,0.8944727778434753,0.43942177295684814,0.24092072248458862,0.13695842027664185,0.49529266357421875,0.9331555366516113,0.4541820287704468
161,0.8301118373116585,0.2334156036376953,0.13212819397449493,0.47624334692955017,0.929840087890625,0.43369635939598083,0.8301118373116585,0.23765084147453308,0.13484889268875122,0.4804040491580963,0.8947464227676392,0.43916723132133484,0.24092072248458862,0.13695842027664185,0.49529266357421875,0.9331555366516113,0.4541820287704468
162,0.8303149080196486,0.23340509831905365,0.13212145864963531,0.47608038783073425,0.9300748109817505,0.4334960877895355,0.8303149080196486,0.23763665556907654,0.1348397582769394,0.4802331328392029,0.894970715045929,0.43895697593688965,0.24092072248458862,0.13695842027664185,0.49529266357421875,0.9331555366516113,0.4541820287704468
163,0.8303189052276175,0.23339706659317017,0.13211631774902344,0.4759412705898285,0.9302799701690674,0.4333246648311615,0.8303189052276175,0.23762689530849457,0.13483348488807678,0.48011288046836853,0.8951295614242554,0.43880894780158997,0.24092072248458862,0.13695842027664185,0.49529266357421875,0.9331555366516113,0.4541820287704468
164,0.830262494716079,0.23339615762233734,0.13211572170257568,0.47585228085517883,0.9304332137107849,0.4332129955291748,0.830262494716079,0.2376258373260498,0.13483279943466187,0.48006942868232727,0.8951991200447083,0.43875426054000854,0.24092072248458862,0.13695842027664185,0.49529266357421875,0.9331555366516113,0.4541820287704468
165,0.830211981514311,0.2334030419588089,0.13212013244628906,0.47582414746284485,0.9305189251899719,0.43317413330078125,0.830211981514311,0.23762597143650055,0.13483288884162903,0.4800977110862732,0.8951510787010193,0.43879014253616333,0.24092072248458862,0.13695842027664185,0.49529266357421875,0.9331555366516113,0.4541820287704468
166,0.830150442571614,0.23341979086399078,0.13213089108467102,0.4758695960044861,0.9305254220962524,0.43322324752807617,0.830150442571614,0.23761968314647675,0.1348288357257843,0.48016294836997986,0.8950076699256897,0.43887612223625183,0.24092072248458862,0.13695842027664185,0.49529266357421875,0.9331555366516113,0.4541820287704468
167,0.8301676018494901,0.23344141244888306,0.1321447491645813,0.4759654104709625,0.9304677844047546,0.4333334267139435,0.8301676018494901,0.23760350048542023,0.1348184049129486,0.48023492097854614,0.8948038220405579,0.43897557258605957,0.24092072248458862,0.13695842027664185,0.49529266357421875,0.9331555366516113,0.4541820287704468
168,0.8301856171452854,0.23346510529518127,0.13215993344783783,0.4760836064815521,0.9303810596466064,0.4334709346294403,0.8301856171452854,0.23759327828884125,0.13481183350086212,0.48023802042007446,0.8947479724884033,0.4389845132827759,0.24092072248458862,0.13695842027664185,0.49529266357421875,0.9331555366516113,0.4541820287704468
169,0.830094723971231,0.2334844321012497,0.13217230141162872,0.47614410519599915,0.930374026298523,0.43353772163391113,0.830094723971231,0.2375745326280594,0.1347997635602951,0.48017796874046326,0.8947587609291077,0.43891745805740356,0.24092072248458862,0.13695842027664185,0.49529266357421875,0.9331555366516113,0.4541820287704468
170,0.8302703598422023,0.23349259793758392,0.13217754662036896,0.47614574432373047,0.9304136037826538,0.4335358142852783,0.8302703598422023,0.23755720257759094,0.1347886025905609,0.4802185893058777,0.8946032524108887,0.43897756934165955,0.24092072248458862,0.13695842027664185,0.49529266357421875,0.9331555366516113,0.4541820287704468
171,0.8300655565350216,0.23351693153381348,0.13219313323497772,0.4762476682662964,0.9303590059280396,0.433652400970459,0.8300655565350216,0.23752731084823608,0.13476936519145966,0.4803180694580078,0.8942844271659851,0.4391186833381653,0.24092072248458862,0.13695842027664185,0.49529266357421875,0.9331555366516113,0.4541820287704468
172,0.8301496009526941,0.23354539275169373,0.13221138715744019,0.4764067232608795,0.9302244186401367,0.4338390529155731,0.8301496009526941,0.23749619722366333,0.13474932312965393,0.48045212030410767,0.8939001560211182,0.43930432200431824,0.24092072248458862,0.13695842027664185,0.49529266357421875,0.9331555366516113,0.4541820287704468
173,0.8302216681775056,0.23357509076595306,0.13223041594028473,0.4765920042991638,0.9300495386123657,0.4340580999851227,0.8302216681775056,0.23747330904006958,0.13473458588123322,0.4805929362773895,0.8935449719429016,0.4394944906234741,0.24092072248458862,0.13695842027664185,0.49529266357421875,0.9331555366516113,0.4541820287704468
174,0.8302157756396203,0.23360396921634674,0.1322489231824875,0.4767688512802124,0.9298852682113647,0.4342668950557709,0.8302157756396203,0.2374560832977295,0.134723499417305,0.48071742057800293,0.8932458162307739,0.4396611452102661,0.24092072248458862,0.13695842027664185,0.49529266357421875,0.9331555366516113,0.4541820287704468
175,0.8301711232270577,0.2336309850215912,0.13226625323295593,0.47692012786865234,0.929756760597229,0.4344444274902344,0.8301711232270577,0.2374391108751297,0.1347125768661499,0.48082172870635986,0.8929826617240906,0.43980202078819275,0.24092072248458862,0.13695842027664185,0.49529266357421875,0.9331555366516113,0.4541820287704468
176,0.8301274918665644,0.2336561381816864,0.13228237628936768,0.47704771161079407,0.9296604990959167,0.4345930516719818,0.8301274918665644,0.23742541670799255,0.13470375537872314,0.48091572523117065,0.8927534818649292,0.43992820382118225,0.24092072248458862,0.13695842027664185,0.49529266357421875,0.9331555366516113,0.4541820287704468
177,0.8300951590947868,0.23367956280708313,0.1322973668575287,0.47715356945991516,0.9295938611030579,0.43471503257751465,0.8300951590947868,0.2374114692211151,0.13469476997852325,0.48103147745132446,0.8924856185913086,0.4400821030139923,0.24092072248458862,0.13695842027664185,0.49529266357421875,0.9331555366516113,0.4541820287704468
178,0.8300475271890373,0.23370395600795746,0.13231301307678223,0.47725945711135864,0.9295321702957153,0.4348366856575012,0.8300475271890373,0.23739741742610931,0.1346857249736786,0.4811709523200989,0.8921765089035034,0.4402662217617035,0.24092072248458862,0.13695842027664185,0.49529266357421875,0.9331555366516113,0.4541820287704468
179,0.829971468694008,0.23373116552829742,0.13233044743537903,0.47737643122673035,0.9294653534889221,0.434970885515213,0.829971468694008,0.2373884916305542,0.13467998802661896,0.48129865527153015,0.8919129967689514,0.4404328763484955,0.24092072248458862,0.13695842027664185,0.49529266357421875,0.9331555366516113,0.4541820287704468
180,0.8299085382377027,0.23376020789146423,0.13234907388687134,0.4774969816207886,0.929401695728302,0.4351087212562561,0.8299085382377027,0.23737816512584686,0.1346733421087265,0.48137837648391724,0.8917250037193298,0.44053924083709717,0.24092072248458862,0.13695842027664185,0.49529266357421875,0.9331555366516113,0.4541820287704468
181,0.8298526621499418,0.2337886542081833,0.1323673129081726,0.4776037931442261,0.9293594360351562,0.43522945046424866,0.8298526621499418,0.2373632788658142,0.13466376066207886,0.4814126193523407,0.891592800617218,0.4405900239944458,0.24092072248458862,0.13695842027664185,0.49529266357421875,0.9331555366516113,0.4541820287704468
182,0.8298143645270106,0.23381654918193817,0.13238519430160522,0.47769835591316223,0.9293357729911804,0.4353351294994354,0.8298143645270106,0.23734407126903534,0.13465139269828796,0.48141565918922424,0.8914929032325745,0.4406033456325531,0.24092072248458862,0.13695842027664185,0.49529266357421875,0.9331555366516113,0.4541820287704468
183,0.8298287326738676,0.23384246230125427,0.13240180909633636,0.47777995467185974,0.9293249845504761,0.43542546033859253,0.8298287326738676,0.23732171952724457,0.1346369981765747,0.4814150035381317,0.8913840651512146,0.44061344861984253,0.24092072248458862,0.13695842027664185,0.49529266357421875,0.9331555366516113,0.4541820287704468
184,0.8298378521090292,0.23386918008327484,0.1324189454317093,0.477871298789978,0.9293010234832764,0.43552759289741516,0.8298378521090292,0.23730157315731049,0.13462403416633606,0.48142337799072266,0.8912704586982727,0.44063395261764526,0.24092072248458862,0.13695842027664185,0.49529266357421875,0.9331555366516113,0.4541820287704468
185,0.8297404605514168,0.2339002639055252,0.13243888318538666,0.47798240184783936,0.929264485836029,0.43565255403518677,0.8297404605514168,0.23728971183300018,0.1346164047718048,0.48144686222076416,0.8911716341972351,0.44066962599754333,0.24092072248458862,0.13695842027664185,0.49529266357421875,0.9331555366516113,0.4541820287704468
186,0.8298206354597657,0.23393075168132782,0.13245843350887299,0.47810885310173035,0.9291973114013672,0.43579715490341187,0.8298206354597657,0.23727449774742126,0.13460661470890045,0.4814079701900482,0.8911635875701904,0.44062766432762146,0.24092072248458862,0.13695842027664185,0.49529266357421875,0.9331555366516113,0.4541820287704468
187,0.8297008118343552,0.2339560091495514,0.1324746161699295,0.4781649708747864,0.9292284250259399,0.43585559725761414,0.8297008118343552,0.23726330697536469,0.13459940254688263,0.4813614785671234,0.8911883234977722,0.440574049949646,0.24092072248458862,0.13695842027664185,0.49529266357421875,0.9331555366516113,0.4541820287704468
188,0.8297399122461835,0.23397783935070038,0.13248862326145172,0.47820019721984863,0.9292790293693542,0.43588942289352417,0.8297399122461835,0.23725686967372894,0.13459526002407074,0.4813513457775116,0.8911740183830261,0.4405643343925476,0.24092072248458862,0.13695842027664185,0.49529266357421875,0.9331555366516113,0.4541820287704468
189,0.8297378606355138,0.2340010702610016,0.13250352442264557,0.4782498776912689,0.9293109178543091,0.43594077229499817,0.8297378606355138,0.23724867403507233,0.13458998501300812,0.4814022183418274,0.8910463452339172,0.44063299894332886,0.24092072248458862,0.13695842027664185,0.49529266357421875,0.9331555366516113,0.4541820287704468
190,0.8296908681832371,0.2340296357870102,0.1325218379497528,0.4783375561237335,0.9293028116226196,0.4360373914241791,0.8296908681832371,0.23723454773426056,0.13458089530467987,0.4815100133419037,0.8907915353775024,0.44077688455581665,0.24092072248458862,0.13695842027664185,0.49529266357421875,0.9331555366516113,0.4541820287704468
191,0.8296388229902802,0.2340640276670456,0.1325439065694809,0.47846782207489014,0.9292490482330322,0.43618494272232056,0.8296388229902802,0.2372148185968399,0.13456818461418152,0.48164212703704834,0.8904674053192139,0.44095438718795776,0.24092072248458862,0.13695842027664185,0.49529266357421875,0.9331555366516113,0.4541820287704468
192,0.8296164216127755,0.234101802110672,0.1325681209564209,0.47862616181373596,0.9291627407073975,0.4363662004470825,0.8296164216127755,0.23719832301139832,0.1345575749874115,0.48174503445625305,0.8902094960212708,0.44109320640563965,0.24092072248458862,0.13695842027664185,0.49529266357421875,0.9331555366516113,0.4541820287704468
193,0.8295737696034743,0.2341400682926178,0.13259266316890717,0.4787790775299072,0.9290884137153625,0.43654048442840576,0.8295737696034743,0.2371843159198761,0.13454855978488922,0.48178571462631226,0.8900707364082336,0.44115176796913147,0.24092072248458862,0.13695842027664185,0.49529266357421875,0.9331555366516113,0.4541820287704468
194,0.8295435528587533,0.23417511582374573,0.1326151341199875,0.47890451550483704,0.9290462136268616,0.4366816282272339,0.8295435528587533,0.237173929810524,0.13454186916351318,0.4817782938480377,0.8900323510169983,0.44114741683006287,0.24092072248458862,0.13695842027664185,0.49529266357421875,0.9331555366516113,0.4541820287704468
195,0.8295151294785597,0.23420654237270355,0.13263531029224396,0.47899118065834045,0.9290546178817749,0.4367756247520447,0.8295151294785597,0.23715873062610626,0.13453209400177002,0.48175740242004395,0.8899934887886047,0.44112831354141235,0.24092072248458862,0.13695842027664185,0.49529266357421875,0.9331555366516113,0.4541820287704468
196,0.8294760701363806,0.23423802852630615,0.13265550136566162,0.4790729582309723,0.9290719628334045,0.43686339259147644,0.8294760701363806,0.23714511096477509,0.13452333211898804,0.48176372051239014,0.8899156451225281,0.4411430060863495,0.24092072248458862,0.13695842027664185,0.49529266357421875,0.9331555366516113,0.4541820287704468
197,0.8294126557625365,0.23427367210388184,0.13267835974693298,0.4791795611381531,0.9290663003921509,0.43698057532310486,0.8294126557625365,0.23713882267475128,0.1345192790031433,0.48180073499679565,0.8898211717605591,0.4411931037902832,0.24092072248458862,0.13695842027664185,0.49529266357421875,0.9331555366516113,0.4541820287704468
198,0.8293761254943893,0.234310120344162,0.13270173966884613,0.47929033637046814,0.9290573596954346,0.4371025562286377,0.8293761254943893,0.23713551461696625,0.1345171481370926,0.4818990230560303,0.8896361589431763,0.4413195848464966,0.24092072248458862,0.13695842027664185,0.49529266357421875,0.9331555366516113,0.4541820287704468
199,0.8293169995829343,0.23435337841510773,0.13272948563098907,0.4794524013996124,0.9289922118186951,0.4372859299182892,0.8293169995829343,0.23713412880897522,0.13451625406742096,0.481964647769928,0.8895165920257568,0.4414036273956299,0.24092072248458862,0.13695842027664185,0.49529266357421875,0.9331555366516113,0.4541820287704468
