,train_loss,train_dice,train_iou,train_acc,train_sens,train_spec,val_loss,val_dice,val_iou,val_acc,val_sens,val_spec,test_dice,test_iou,test_acc,test_sens,test_spec
0,0.26238194397015674,0.21784299612045288,0.12223558127880096,0.5857143402099609,0.6729517579078674,0.5775341391563416,0.26238194397015674,0.0,0.0,0.90948486328125,0.0,1.0,0.0,0.0,0.9141693115234375,0.0,1.0
1,0.22909592157874623,0.1875116229057312,0.10345534980297089,0.7500181198120117,0.3365788459777832,0.7887731194496155,0.22909592157874623,0.0,0.0,0.90948486328125,0.0,1.0,0.0,0.0,0.9141693115234375,0.0,1.0
2,0.19113200207750103,0.1645672470331192,0.08966127783060074,0.8047475814819336,0.2243081033229828,0.8591775298118591,0.19113200207750103,0.0,0.0,0.90948486328125,0.0,1.0,0.0,0.0,0.9141693115234375,0.0,1.0
3,0.15538008107611895,0.14662504196166992,0.0791124552488327,0.8321113586425781,0.1682000607252121,0.8943812847137451,0.15538008107611895,0.0,0.0,0.90948486328125,0.0,1.0,0.0,0.0,0.9141693115234375,0.0,1.0
4,0.13965403090969536,0.13221116364002228,0.07078485190868378,0.8485304117202759,0.13454635441303253,0.9155042171478271,0.13965403090969536,0.0,0.0,0.90948486328125,0.0,1.0,0.0,0.0,0.9141693115234375,0.0,1.0
5,0.13863856504427996,0.12037548422813416,0.06404229998588562,0.859473705291748,0.11211082339286804,0.9295862317085266,0.13863856504427996,0.0,0.0,0.90948486328125,0.0,1.0,0.0,0.0,0.9141693115234375,0.0,1.0
6,0.13862973300297146,0.11049577593803406,0.058478713035583496,0.8673052191734314,0.09610481560230255,0.9396458864212036,0.13862973300297146,0.0,0.0,0.90948486328125,0.0,1.0,0.0,0.0,0.9141693115234375,0.0,1.0
7,0.13862946375964352,0.10211014002561569,0.05380193144083023,0.873172402381897,0.08409184217453003,0.9471901655197144,0.13862946375964352,0.0,0.0,0.90948486328125,0.0,1.0,0.0,0.0,0.9141693115234375,0.0,1.0
8,0.13862943762284735,0.09490609914064407,0.04981702193617821,0.8777337670326233,0.07474664598703384,0.9530578255653381,0.13862943762284735,0.0,0.0,0.90948486328125,0.0,1.0,0.0,0.0,0.9141693115234375,0.0,1.0
9,0.13862943614476095,0.0886511281132698,0.046381451189517975,0.881382167339325,0.06727025657892227,0.9577519297599792,0.13862943614476095,0.0,0.0,0.90948486328125,0.0,1.0,0.0,0.0,0.9141693115234375,0.0,1.0
10,0.13862943611198905,0.08317241817712784,0.0433906614780426,0.8843713998794556,0.061156466603279114,0.9615927934646606,0.13862943611198905,0.0,0.0,0.90948486328125,0.0,1.0,0.0,0.0,0.9141693115234375,0.0,1.0
11,0.13862943611198905,0.07832690328359604,0.04075974225997925,0.8868553042411804,0.056056711822748184,0.9647932052612305,0.13862943611198905,0.0,0.0,0.90948486328125,0.0,1.0,0.0,0.0,0.9141693115234375,0.0,1.0
12,0.13862943611198905,0.07401765882968903,0.03843111917376518,0.8889614939689636,0.05174471065402031,0.9675014019012451,0.13862943611198905,0.0,0.0,0.90948486328125,0.0,1.0,0.0,0.0,0.9141693115234375,0.0,1.0
13,0.13862943611198905,0.07015934586524963,0.03635499253869057,0.890769362449646,0.04805011674761772,0.9698228240013123,0.13862943611198905,0.0,0.0,0.90948486328125,0.0,1.0,0.0,0.0,0.9141693115234375,0.0,1.0
14,0.13862943611198905,0.06668132543563843,0.03449060395359993,0.8923326730728149,0.044846124947071075,0.9718345999717712,0.13862943611198905,0.0,0.0,0.90948486328125,0.0,1.0,0.0,0.0,0.9141693115234375,0.0,1.0
15,0.13862943611198905,0.06353699415922165,0.03281084820628166,0.8937097191810608,0.042047206312417984,0.973595142364502,0.13862943611198905,0.0,0.0,0.90948486328125,0.0,1.0,0.0,0.0,0.9141693115234375,0.0,1.0
16,0.13862943611198905,0.0606706403195858,0.03128433972597122,0.8949151635169983,0.039572712033987045,0.9751483201980591,0.13862943611198905,0.0,0.0,0.90948486328125,0.0,1.0,0.0,0.0,0.9141693115234375,0.0,1.0
17,0.13862943611198905,0.05805453285574913,0.029895037412643433,0.8959920406341553,0.03737558424472809,0.976529061794281,0.13862943611198905,0.0,0.0,0.90948486328125,0.0,1.0,0.0,0.0,0.9141693115234375,0.0,1.0
18,0.13862943611198905,0.05564974248409271,0.028621254488825798,0.8969457745552063,0.03540557995438576,0.9777640700340271,0.13862943611198905,0.0,0.0,0.90948486328125,0.0,1.0,0.0,0.0,0.9141693115234375,0.0,1.0
19,0.13862943611198905,0.05343979597091675,0.027453452348709106,0.8978112936019897,0.03363565355539322,0.978875994682312,0.13862943611198905,0.0,0.0,0.90948486328125,0.0,1.0,0.0,0.0,0.9141693115234375,0.0,1.0
20,0.13862943611198905,0.05139617994427681,0.026375900954008102,0.8985891938209534,0.032032325863838196,0.9798817038536072,0.13862943611198905,0.0,0.0,0.90948486328125,0.0,1.0,0.0,0.0,0.9141693115234375,0.0,1.0
21,0.13862943611198905,0.04950563982129097,0.025381073355674744,0.8993017673492432,0.030576827004551888,0.9807963967323303,0.13862943611198905,0.0,0.0,0.90948486328125,0.0,1.0,0.0,0.0,0.9141693115234375,0.0,1.0
22,0.13862943611198905,0.04774836078286171,0.02445809729397297,0.8999504446983337,0.029247187077999115,0.9816312193870544,0.13862943611198905,0.0,0.0,0.90948486328125,0.0,1.0,0.0,0.0,0.9141693115234375,0.0,1.0
23,0.13862943611198905,0.046112824231386185,0.023600555956363678,0.900547981262207,0.0280293021351099,0.9823965430259705,0.13862943611198905,0.0,0.0,0.90948486328125,0.0,1.0,0.0,0.0,0.9141693115234375,0.0,1.0
24,0.13862943611198905,0.044582996517419815,0.022799737751483917,0.9010916352272034,0.026906875893473625,0.9831007122993469,0.13862943611198905,0.0,0.0,0.90948486328125,0.0,1.0,0.0,0.0,0.9141693115234375,0.0,1.0
25,0.13862943611198905,0.04315624386072159,0.022054007276892662,0.9016048908233643,0.025874357670545578,0.9837507605552673,0.13862943611198905,0.0,0.0,0.90948486328125,0.0,1.0,0.0,0.0,0.9141693115234375,0.0,1.0
26,0.13862943611198905,0.041815537959337234,0.02135423943400383,0.9020741581916809,0.02491641975939274,0.9843525886535645,0.13862943611198905,0.0,0.0,0.90948486328125,0.0,1.0,0.0,0.0,0.9141693115234375,0.0,1.0
27,0.13862943611198905,0.040555283427238464,0.0206973347812891,0.9025091528892517,0.024026641622185707,0.9849115014076233,0.13862943611198905,0.0,0.0,0.90948486328125,0.0,1.0,0.0,0.0,0.9141693115234375,0.0,1.0
28,0.13862943611198905,0.039370592683553696,0.02008058875799179,0.9029186964035034,0.02319948561489582,0.9854317903518677,0.13862943611198905,0.0,0.0,0.90948486328125,0.0,1.0,0.0,0.0,0.9141693115234375,0.0,1.0
29,0.13862943611198905,0.03825139254331589,0.01949862204492092,0.9032964110374451,0.0224261786788702,0.9859173893928528,0.13862943611198905,0.0,0.0,0.90948486328125,0.0,1.0,0.0,0.0,0.9141693115234375,0.0,1.0
30,0.13862943611198905,0.037192754447460175,0.01894875429570675,0.9036461710929871,0.021701868623495102,0.9863716959953308,0.13862943611198905,0.0,0.0,0.90948486328125,0.0,1.0,0.0,0.0,0.9141693115234375,0.0,1.0
31,0.13862943611198905,0.03619331121444702,0.018430178984999657,0.9039801359176636,0.021024350076913834,0.9867976307868958,0.13862943611198905,0.0,0.0,0.90948486328125,0.0,1.0,0.0,0.0,0.9141693115234375,0.0,1.0
32,0.13862943611198905,0.03524419292807579,0.01793820410966873,0.9042882323265076,0.020386526361107826,0.9871975779533386,0.13862943611198905,0.0,0.0,0.90948486328125,0.0,1.0,0.0,0.0,0.9141693115234375,0.0,1.0
33,0.13862943611198905,0.03434364125132561,0.01747184433043003,0.9045783877372742,0.019786303862929344,0.9875741600990295,0.13862943611198905,0.0,0.0,0.90948486328125,0.0,1.0,0.0,0.0,0.9141693115234375,0.0,1.0
34,0.13862943611198905,0.03348836302757263,0.017029322683811188,0.9048530459403992,0.01922067627310753,0.9879291653633118,0.13862943611198905,0.0,0.0,0.90948486328125,0.0,1.0,0.0,0.0,0.9141693115234375,0.0,1.0
35,0.13862943611198905,0.03267499804496765,0.016608847305178642,0.9051136374473572,0.018686719238758087,0.9882645010948181,0.13862943611198905,0.0,0.0,0.90948486328125,0.0,1.0,0.0,0.0,0.9141693115234375,0.0,1.0
36,0.13862943611198905,0.03189965337514877,0.01620834693312645,0.9053583741188049,0.018181266263127327,0.988581657409668,0.13862943611198905,0.0,0.0,0.90948486328125,0.0,1.0,0.0,0.0,0.9141693115234375,0.0,1.0
37,0.13862943611198905,0.031161008402705193,0.015827098861336708,0.9055925607681274,0.017702924087643623,0.9888821840286255,0.13862943611198905,0.0,0.0,0.90948486328125,0.0,1.0,0.0,0.0,0.9141693115234375,0.0,1.0
38,0.13862943611198905,0.03045492060482502,0.015462921001017094,0.9058119654655457,0.017248546704649925,0.9891670942306519,0.13862943611198905,0.0,0.0,0.90948486328125,0.0,1.0,0.0,0.0,0.9141693115234375,0.0,1.0
39,0.13862943611198905,0.02978057786822319,0.015115360729396343,0.9060219526290894,0.01681719906628132,0.9894379377365112,0.13862943611198905,0.0,0.0,0.90948486328125,0.0,1.0,0.0,0.0,0.9141693115234375,0.0,1.0
40,0.13862943611198905,0.02913542278110981,0.01478306669741869,0.9062215089797974,0.01640688255429268,0.9896954894065857,0.13862943611198905,0.0,0.0,0.90948486328125,0.0,1.0,0.0,0.0,0.9141693115234375,0.0,1.0
41,0.13862943611198905,0.028517412021756172,0.014464957639575005,0.9064109325408936,0.016015976667404175,0.9899409413337708,0.13862943611198905,0.0,0.0,0.90948486328125,0.0,1.0,0.0,0.0,0.9141693115234375,0.0,1.0
42,0.13862943611198905,0.02792535349726677,0.014160393737256527,0.9065924286842346,0.015643436461687088,0.9901747703552246,0.13862943611198905,0.0,0.0,0.90948486328125,0.0,1.0,0.0,0.0,0.9141693115234375,0.0,1.0
43,0.13862943611198905,0.027357198297977448,0.013868298381567001,0.9067650437355042,0.015287722460925579,0.9903980493545532,0.13862943611198905,0.0,0.0,0.90948486328125,0.0,1.0,0.0,0.0,0.9141693115234375,0.0,1.0
44,0.13862943611198905,0.02681228332221508,0.013588308356702328,0.9069320559501648,0.01494818739593029,0.9906115531921387,0.13862943611198905,0.0,0.0,0.90948486328125,0.0,1.0,0.0,0.0,0.9141693115234375,0.0,1.0
45,0.13862943611198905,0.0262882299721241,0.013319184072315693,0.9070903658866882,0.014623144641518593,0.9908156394958496,0.13862943611198905,0.0,0.0,0.90948486328125,0.0,1.0,0.0,0.0,0.9141693115234375,0.0,1.0
46,0.13862943611198905,0.025784872472286224,0.013060822151601315,0.907244086265564,0.01431231014430523,0.9910109639167786,0.13862943611198905,0.0,0.0,0.90948486328125,0.0,1.0,0.0,0.0,0.9141693115234375,0.0,1.0
47,0.13862943611198905,0.025300156325101852,0.01281215250492096,0.9073904156684875,0.014014245942234993,0.9911983609199524,0.13862943611198905,0.0,0.0,0.90948486328125,0.0,1.0,0.0,0.0,0.9141693115234375,0.0,1.0
48,0.13862943611198905,0.024833759292960167,0.012572997249662876,0.9075323343276978,0.013728607445955276,0.9913778901100159,0.13862943611198905,0.0,0.0,0.90948486328125,0.0,1.0,0.0,0.0,0.9141693115234375,0.0,1.0
49,0.13862943611198905,0.024384738877415657,0.012342858128249645,0.9076706171035767,0.01345468033105135,0.9915503859519958,0.13862943611198905,0.0,0.0,0.90948486328125,0.0,1.0,0.0,0.0,0.9141693115234375,0.0,1.0
50,0.13862943611198905,0.023950666189193726,0.012120479717850685,0.9077994227409363,0.013190862722694874,0.9917160868644714,0.13862943611198905,0.0,0.0,0.90948486328125,0.0,1.0,0.0,0.0,0.9141693115234375,0.0,1.0
51,0.13862943611198905,0.023531677201390266,0.011905921623110771,0.9079228639602661,0.012937132269144058,0.9918754696846008,0.13862943611198905,0.0,0.0,0.90948486328125,0.0,1.0,0.0,0.0,0.9141693115234375,0.0,1.0
52,0.13862943611198905,0.023126812651753426,0.01169868279248476,0.9080405831336975,0.012692807242274284,0.9920286536216736,0.13862943611198905,0.0,0.0,0.90948486328125,0.0,1.0,0.0,0.0,0.9141693115234375,0.0,1.0
53,0.13862943611198905,0.022736292332410812,0.01149886753410101,0.9081566333770752,0.012457930482923985,0.992176353931427,0.13862943611198905,0.0,0.0,0.90948486328125,0.0,1.0,0.0,0.0,0.9141693115234375,0.0,1.0
54,0.13862943611198905,0.022358357906341553,0.011305565945804119,0.9082667827606201,0.012231358326971531,0.9923185706138611,0.13862943611198905,0.0,0.0,0.90948486328125,0.0,1.0,0.0,0.0,0.9141693115234375,0.0,1.0
55,0.13862943611198905,0.021993182599544525,0.01111886091530323,0.9083747267723083,0.012013117782771587,0.9924557209014893,0.13862943611198905,0.0,0.0,0.90948486328125,0.0,1.0,0.0,0.0,0.9141693115234375,0.0,1.0
56,0.13862943611198905,0.02163955569267273,0.010938125662505627,0.9084780216217041,0.01180241722613573,0.9925880432128906,0.13862943611198905,0.0,0.0,0.90948486328125,0.0,1.0,0.0,0.0,0.9141693115234375,0.0,1.0
57,0.13862943611198905,0.021296819671988487,0.010763018392026424,0.908576488494873,0.011598801240324974,0.9927158355712891,0.13862943611198905,0.0,0.0,0.90948486328125,0.0,1.0,0.0,0.0,0.9141693115234375,0.0,1.0
58,0.13862943611198905,0.020965177565813065,0.010593637824058533,0.9086734056472778,0.011402333155274391,0.9928393363952637,0.13862943611198905,0.0,0.0,0.90948486328125,0.0,1.0,0.0,0.0,0.9141693115234375,0.0,1.0
59,0.13862943611198905,0.02064361236989498,0.01042945683002472,0.9087666869163513,0.011212353594601154,0.992958664894104,0.13862943611198905,0.0,0.0,0.90948486328125,0.0,1.0,0.0,0.0,0.9141693115234375,0.0,1.0
60,0.13862943611198905,0.02033172734081745,0.010270269587635994,0.9088567495346069,0.01102858129888773,0.9930741190910339,0.13862943611198905,0.0,0.0,0.90948486328125,0.0,1.0,0.0,0.0,0.9141693115234375,0.0,1.0
61,0.13862943611198905,0.020028607919812202,0.010115604847669601,0.9089415073394775,0.010850432328879833,0.9931857585906982,0.13862943611198905,0.0,0.0,0.90948486328125,0.0,1.0,0.0,0.0,0.9141693115234375,0.0,1.0
62,0.13862943611198905,0.01973518170416355,0.009965930134057999,0.9090272188186646,0.010678406804800034,0.9932940006256104,0.13862943611198905,0.0,0.0,0.90948486328125,0.0,1.0,0.0,0.0,0.9141693115234375,0.0,1.0
63,0.13862943611198905,0.019449783489108086,0.009820393286645412,0.9091082215309143,0.010511491447687149,0.9933987259864807,0.13862943611198905,0.0,0.0,0.90948486328125,0.0,1.0,0.0,0.0,0.9141693115234375,0.0,1.0
64,0.13862943611198905,0.01917281560599804,0.009679197333753109,0.9091880917549133,0.010349885560572147,0.9935003519058228,0.13862943611198905,0.0,0.0,0.90948486328125,0.0,1.0,0.0,0.0,0.9141693115234375,0.0,1.0
65,0.13862943611198905,0.018903613090515137,0.009541994892060757,0.9092654585838318,0.010193165391683578,0.9935988783836365,0.13862943611198905,0.0,0.0,0.90948486328125,0.0,1.0,0.0,0.0,0.9141693115234375,0.0,1.0
66,0.13862943611198905,0.01864149235188961,0.009408440440893173,0.9093387722969055,0.010040905326604843,0.9936943650245667,0.13862943611198905,0.0,0.0,0.90948486328125,0.0,1.0,0.0,0.0,0.9141693115234375,0.0,1.0
67,0.13862943611198905,0.018386702984571457,0.00927865318953991,0.9094106554985046,0.009893219918012619,0.9937870502471924,0.13862943611198905,0.0,0.0,0.90948486328125,0.0,1.0,0.0,0.0,0.9141693115234375,0.0,1.0
68,0.13862943611198905,0.01813851110637188,0.009152259677648544,0.9094790816307068,0.009749658405780792,0.993877112865448,0.13862943611198905,0.0,0.0,0.90948486328125,0.0,1.0,0.0,0.0,0.9141693115234375,0.0,1.0
69,0.13862943611198905,0.01789720170199871,0.009029400534927845,0.9095469117164612,0.009610358625650406,0.9939645528793335,0.13862943611198905,0.0,0.0,0.90948486328125,0.0,1.0,0.0,0.0,0.9141693115234375,0.0,1.0
70,0.13862943611198905,0.01766234077513218,0.008909855037927628,0.9096134901046753,0.009475049562752247,0.994049608707428,0.13862943611198905,0.0,0.0,0.90948486328125,0.0,1.0,0.0,0.0,0.9141693115234375,0.0,1.0
71,0.13862943611198905,0.01743324100971222,0.008793267421424389,0.9096764326095581,0.009343312121927738,0.9941322803497314,0.13862943611198905,0.0,0.0,0.90948486328125,0.0,1.0,0.0,0.0,0.9141693115234375,0.0,1.0
72,0.13862943611198905,0.017210371792316437,0.00867987796664238,0.9097396731376648,0.009215395897626877,0.9942126274108887,0.13862943611198905,0.0,0.0,0.90948486328125,0.0,1.0,0.0,0.0,0.9141693115234375,0.0,1.0
73,0.13862943611198905,0.0169932022690773,0.008569411933422089,0.9098016023635864,0.009090975858271122,0.994290828704834,0.13862943611198905,0.0,0.0,0.90948486328125,0.0,1.0,0.0,0.0,0.9141693115234375,0.0,1.0
74,0.13862943611198905,0.016781732439994812,0.00846186839044094,0.9098634123802185,0.008970036171376705,0.9943670034408569,0.13862943611198905,0.0,0.0,0.90948486328125,0.0,1.0,0.0,0.0,0.9141693115234375,0.0,1.0
75,0.13862943611198905,0.016575103625655174,0.008356809616088867,0.9099215269088745,0.008852067403495312,0.9944410920143127,0.13862943611198905,0.0,0.0,0.90948486328125,0.0,1.0,0.0,0.0,0.9141693115234375,0.0,1.0
76,0.13862943611198905,0.016373073682188988,0.00825410895049572,0.9099758267402649,0.008736916817724705,0.994513213634491,0.13862943611198905,0.0,0.0,0.90948486328125,0.0,1.0,0.0,0.0,0.9141693115234375,0.0,1.0
77,0.13862943611198905,0.01617606170475483,0.00815398059785366,0.9100295901298523,0.00862481165677309,0.9945836067199707,0.13862943611198905,0.0,0.0,0.90948486328125,0.0,1.0,0.0,0.0,0.9141693115234375,0.0,1.0
78,0.13862943611198905,0.01598382368683815,0.008056296966969967,0.9100825786590576,0.008515597321093082,0.9946522116661072,0.13862943611198905,0.0,0.0,0.90948486328125,0.0,1.0,0.0,0.0,0.9141693115234375,0.0,1.0
79,0.13862943611198905,0.01579628512263298,0.00796101987361908,0.9101351499557495,0.008409217931330204,0.9947189688682556,0.13862943611198905,0.0,0.0,0.90948486328125,0.0,1.0,0.0,0.0,0.9141693115234375,0.0,1.0
80,0.13862943611198905,0.015613059513270855,0.007867950946092606,0.9101864099502563,0.008305443450808525,0.9947842359542847,0.13862943611198905,0.0,0.0,0.90948486328125,0.0,1.0,0.0,0.0,0.9141693115234375,0.0,1.0
81,0.13862943611198905,0.015433525666594505,0.00777677446603775,0.910233199596405,0.008203910663723946,0.99484783411026,0.13862943611198905,0.0,0.0,0.90948486328125,0.0,1.0,0.0,0.0,0.9141693115234375,0.0,1.0
82,0.13862943611198905,0.015258334577083588,0.0076878187246620655,0.9102805256843567,0.008104977197945118,0.9949098825454712,0.13862943611198905,0.0,0.0,0.90948486328125,0.0,1.0,0.0,0.0,0.9141693115234375,0.0,1.0
83,0.13862943611198905,0.015086869709193707,0.007600770797580481,0.9103254675865173,0.00800828542560339,0.9949703812599182,0.13862943611198905,0.0,0.0,0.90948486328125,0.0,1.0,0.0,0.0,0.9141693115234375,0.0,1.0
84,0.13862943611198905,0.014919794164597988,0.00751596549525857,0.9103729128837585,0.007914199493825436,0.9950296878814697,0.13862943611198905,0.0,0.0,0.90948486328125,0.0,1.0,0.0,0.0,0.9141693115234375,0.0,1.0
85,0.13862943611198905,0.014756164513528347,0.007432923186570406,0.9104178547859192,0.00782217737287283,0.9950873851776123,0.13862943611198905,0.0,0.0,0.90948486328125,0.0,1.0,0.0,0.0,0.9141693115234375,0.0,1.0
86,0.13862943611198905,0.014596141874790192,0.007351723965257406,0.9104622006416321,0.0077323028817772865,0.9951439499855042,0.13862943611198905,0.0,0.0,0.90948486328125,0.0,1.0,0.0,0.0,0.9141693115234375,0.0,1.0
87,0.13862943611198905,0.014439412392675877,0.007272209040820599,0.9105045795440674,0.007644391618669033,0.9951990842819214,0.13862943611198905,0.0,0.0,0.90948486328125,0.0,1.0,0.0,0.0,0.9141693115234375,0.0,1.0
88,0.13862943611198905,0.014285930432379246,0.007194354198873043,0.9105455279350281,0.00755841052159667,0.9952529668807983,0.13862943611198905,0.0,0.0,0.90948486328125,0.0,1.0,0.0,0.0,0.9141693115234375,0.0,1.0
89,0.13862943611198905,0.014135748147964478,0.007118184119462967,0.9105860590934753,0.007474381942301989,0.9953057765960693,0.13862943611198905,0.0,0.0,0.90948486328125,0.0,1.0,0.0,0.0,0.9141693115234375,0.0,1.0
90,0.13862943611198905,0.013988730497658253,0.007043630816042423,0.9106259346008301,0.007392223458737135,0.9953573942184448,0.13862943611198905,0.0,0.0,0.90948486328125,0.0,1.0,0.0,0.0,0.9141693115234375,0.0,1.0
91,0.13862943611198905,0.013844793662428856,0.006970650516450405,0.9106652736663818,0.007311881985515356,0.9954078197479248,0.13862943611198905,0.0,0.0,0.90948486328125,0.0,1.0,0.0,0.0,0.9141693115234375,0.0,1.0
92,0.13862943611198905,0.013703785836696625,0.006899165455251932,0.9107036590576172,0.007233265787363052,0.9954572319984436,0.13862943611198905,0.0,0.0,0.90948486328125,0.0,1.0,0.0,0.0,0.9141693115234375,0.0,1.0
93,0.13862943611198905,0.013565645553171635,0.00682914350181818,0.9107415080070496,0.007156336214393377,0.9955054521560669,0.13862943611198905,0.0,0.0,0.90948486328125,0.0,1.0,0.0,0.0,0.9141693115234375,0.0,1.0
94,0.13862943611198905,0.013430118560791016,0.006760456133633852,0.9107776284217834,0.007080945186316967,0.9955528378486633,0.13862943611198905,0.0,0.0,0.90948486328125,0.0,1.0,0.0,0.0,0.9141693115234375,0.0,1.0
95,0.13862943611198905,0.013297395780682564,0.006693198811262846,0.9108137488365173,0.007007195148617029,0.9955991506576538,0.13862943611198905,0.0,0.0,0.90948486328125,0.0,1.0,0.0,0.0,0.9141693115234375,0.0,1.0
96,0.13862943611198905,0.013167337514460087,0.006627300754189491,0.9108495712280273,0.006935001816600561,0.9956445693969727,0.13862943611198905,0.0,0.0,0.90948486328125,0.0,1.0,0.0,0.0,0.9141693115234375,0.0,1.0
97,0.13862943611198905,0.01303984597325325,0.006562711205333471,0.9108850359916687,0.006864307913929224,0.9956889152526855,0.13862943611198905,0.0,0.0,0.90948486328125,0.0,1.0,0.0,0.0,0.9141693115234375,0.0,1.0
98,0.13862943611198905,0.01291477307677269,0.006499355658888817,0.9109195470809937,0.006795025896281004,0.9957324862480164,0.13862943611198905,0.0,0.0,0.90948486328125,0.0,1.0,0.0,0.0,0.9141693115234375,0.0,1.0
99,0.13862943611198905,0.012791933491826057,0.00643713865429163,0.9109524488449097,0.0067270491272211075,0.9957752227783203,0.13862943611198905,0.0,0.0,0.90948486328125,0.0,1.0,0.0,0.0,0.9141693115234375,0.0,1.0
100,0.13862943611198905,0.012671404518187046,0.006376099307090044,0.9109846353530884,0.006660415790975094,0.9958170652389526,0.13862943611198905,0.0,0.0,0.90948486328125,0.0,1.0,0.0,0.0,0.9141693115234375,0.0,1.0
101,0.13862943611198905,0.01255309209227562,0.006316189654171467,0.9110159277915955,0.006595071870833635,0.9958580732345581,0.13862943611198905,0.0,0.0,0.90948486328125,0.0,1.0,0.0,0.0,0.9141693115234375,0.0,1.0
102,0.13862943611198905,0.012436941266059875,0.006257382221519947,0.9110463857650757,0.006530982907861471,0.9958981871604919,0.13862943611198905,0.0,0.0,0.90948486328125,0.0,1.0,0.0,0.0,0.9141693115234375,0.0,1.0
103,0.13862943611198905,0.012322991155087948,0.00619969516992569,0.9110768437385559,0.006468166131526232,0.995937705039978,0.13862943611198905,0.0,0.0,0.90948486328125,0.0,1.0,0.0,0.0,0.9141693115234375,0.0,1.0
104,0.13862943611198905,0.012211059220135212,0.006143036298453808,0.911106288433075,0.006406518630683422,0.9959763884544373,0.13862943611198905,0.0,0.0,0.90948486328125,0.0,1.0,0.0,0.0,0.9141693115234375,0.0,1.0
105,0.13862943611198905,0.012101330794394016,0.006087498739361763,0.9111365675926208,0.006346138194203377,0.9960143566131592,0.13862943611198905,0.0,0.0,0.90948486328125,0.0,1.0,0.0,0.0,0.9141693115234375,0.0,1.0
106,0.13862943611198905,0.011993573047220707,0.006032964680343866,0.9111664891242981,0.00628689443692565,0.9960516095161438,0.13862943611198905,0.0,0.0,0.90948486328125,0.0,1.0,0.0,0.0,0.9141693115234375,0.0,1.0
107,0.13862943611198905,0.01188771054148674,0.005979395937174559,0.911195695400238,0.006228742655366659,0.9960881471633911,0.13862943611198905,0.0,0.0,0.90948486328125,0.0,1.0,0.0,0.0,0.9141693115234375,0.0,1.0
108,0.13862943611198905,0.011783718131482601,0.005926779005676508,0.9112246036529541,0.006171667017042637,0.9961239695549011,0.13862943611198905,0.0,0.0,0.90948486328125,0.0,1.0,0.0,0.0,0.9141693115234375,0.0,1.0
109,0.13862943611198905,0.01168147288262844,0.005875051021575928,0.9112524390220642,0.006115596275776625,0.9961593151092529,0.13862943611198905,0.0,0.0,0.90948486328125,0.0,1.0,0.0,0.0,0.9141693115234375,0.0,1.0
110,0.13862943611198905,0.011580823920667171,0.005824136082082987,0.9112786054611206,0.00606044614687562,0.9961938858032227,0.13862943611198905,0.0,0.0,0.90948486328125,0.0,1.0,0.0,0.0,0.9141693115234375,0.0,1.0
111,0.13862943611198905,0.011481956578791142,0.005774127319455147,0.911304771900177,0.006006315816193819,0.9962278008460999,0.13862943611198905,0.0,0.0,0.90948486328125,0.0,1.0,0.0,0.0,0.9141693115234375,0.0,1.0
112,0.13862943611198905,0.011384823359549046,0.005725000519305468,0.9113308787345886,0.005953176878392696,0.9962612390518188,0.13862943611198905,0.0,0.0,0.90948486328125,0.0,1.0,0.0,0.0,0.9141693115234375,0.0,1.0
113,0.13862943611198905,0.011289221234619617,0.005676652770489454,0.9113558530807495,0.005900916177779436,0.9962940216064453,0.13862943611198905,0.0,0.0,0.90948486328125,0.0,1.0,0.0,0.0,0.9141693115234375,0.0,1.0
114,0.13862943611198905,0.011195212602615356,0.005629115737974644,0.911380410194397,0.0058495658449828625,0.9963262677192688,0.13862943611198905,0.0,0.0,0.90948486328125,0.0,1.0,0.0,0.0,0.9141693115234375,0.0,1.0
115,0.13862943611198905,0.011102993972599506,0.005582488141953945,0.9114063382148743,0.00579923065379262,0.9963578581809998,0.13862943611198905,0.0,0.0,0.90948486328125,0.0,1.0,0.0,0.0,0.9141693115234375,0.0,1.0
116,0.13862943611198905,0.011012161150574684,0.0055365655571222305,0.9114309549331665,0.005749688949435949,0.9963890910148621,0.13862943611198905,0.0,0.0,0.90948486328125,0.0,1.0,0.0,0.0,0.9141693115234375,0.0,1.0
117,0.13862943611198905,0.010922800749540329,0.0054913912899792194,0.9114550352096558,0.005700984969735146,0.9964196681976318,0.13862943611198905,0.0,0.0,0.90948486328125,0.0,1.0,0.0,0.0,0.9141693115234375,0.0,1.0
118,0.13862943611198905,0.010834719054400921,0.00544686708599329,0.9114775061607361,0.005653012543916702,0.9964497685432434,0.13862943611198905,0.0,0.0,0.90948486328125,0.0,1.0,0.0,0.0,0.9141693115234375,0.0,1.0
119,0.13862943611198905,0.010748214088380337,0.00540314381942153,0.9115009307861328,0.005605931393802166,0.996479332447052,0.13862943611198905,0.0,0.0,0.90948486328125,0.0,1.0,0.0,0.0,0.9141693115234375,0.0,1.0
120,0.13862943611198905,0.010663062334060669,0.005360108334571123,0.9115238189697266,0.0055596185848116875,0.9965084195137024,0.13862943611198905,0.0,0.0,0.90948486328125,0.0,1.0,0.0,0.0,0.9141693115234375,0.0,1.0
121,0.13862943611198905,0.010579242371022701,0.005317749921232462,0.9115462303161621,0.005514061544090509,0.9965370893478394,0.13862943611198905,0.0,0.0,0.90948486328125,0.0,1.0,0.0,0.0,0.9141693115234375,0.0,1.0
122,0.13862943611198905,0.010496753267943859,0.005276067648082972,0.9115685820579529,0.005469257477670908,0.9965651631355286,0.13862943611198905,0.0,0.0,0.90948486328125,0.0,1.0,0.0,0.0,0.9141693115234375,0.0,1.0
123,0.13862943611198905,0.010415398515760899,0.005234961397945881,0.9115892648696899,0.005425098817795515,0.9965929388999939,0.13862943611198905,0.0,0.0,0.90948486328125,0.0,1.0,0.0,0.0,0.9141693115234375,0.0,1.0
124,0.13862943611198905,0.010335351340472698,0.005194519646465778,0.9116101861000061,0.005381677765399218,0.9966201782226562,0.13862943611198905,0.0,0.0,0.90948486328125,0.0,1.0,0.0,0.0,0.9141693115234375,0.0,1.0
125,0.13862943611198905,0.010256549343466759,0.005154709331691265,0.9116309285163879,0.0053389593958854675,0.9966470003128052,0.13862943611198905,0.0,0.0,0.90948486328125,0.0,1.0,0.0,0.0,0.9141693115234375,0.0,1.0
126,0.13862943611198905,0.010178910568356514,0.005115490406751633,0.911651074886322,0.005296897608786821,0.9966733455657959,0.13862943611198905,0.0,0.0,0.90948486328125,0.0,1.0,0.0,0.0,0.9141693115234375,0.0,1.0
127,0.13862943611198905,0.010102389380335808,0.005076838657259941,0.9116705060005188,0.0052554672583937645,0.9966993927955627,0.13862943611198905,0.0,0.0,0.90948486328125,0.0,1.0,0.0,0.0,0.9141693115234375,0.0,1.0
128,0.13862943611198905,0.01002721767872572,0.005038871429860592,0.9116914868354797,0.005214792210608721,0.9967249631881714,0.13862943611198905,0.0,0.0,0.90948486328125,0.0,1.0,0.0,0.0,0.9141693115234375,0.0,1.0
129,0.13862943611198905,0.009952952153980732,0.005001365207135677,0.9117103219032288,0.005174631718546152,0.9967501759529114,0.13862943611198905,0.0,0.0,0.90948486328125,0.0,1.0,0.0,0.0,0.9141693115234375,0.0,1.0
130,0.13862943611198905,0.009879820980131626,0.004964434541761875,0.9117291569709778,0.005135107785463333,0.9967749714851379,0.13862943611198905,0.0,0.0,0.90948486328125,0.0,1.0,0.0,0.0,0.9141693115234375,0.0,1.0
131,0.13862943611198905,0.009807758964598179,0.004928045906126499,0.9117478728294373,0.005096184089779854,0.9967994093894958,0.13862943611198905,0.0,0.0,0.90948486328125,0.0,1.0,0.0,0.0,0.9141693115234375,0.0,1.0
132,0.13862943611198905,0.009736830368638039,0.0048922328278422356,0.9117670059204102,0.005057894624769688,0.9968234896659851,0.13862943611198905,0.0,0.0,0.90948486328125,0.0,1.0,0.0,0.0,0.9141693115234375,0.0,1.0
133,0.13862943611198905,0.009666986763477325,0.004856969229876995,0.9117865562438965,0.0050202119164168835,0.9968471527099609,0.13862943611198905,0.0,0.0,0.90948486328125,0.0,1.0,0.0,0.0,0.9141693115234375,0.0,1.0
134,0.13862943611198905,0.009597972966730595,0.004822127521038055,0.91180419921875,0.004982998128980398,0.9968704581260681,0.13862943611198905,0.0,0.0,0.90948486328125,0.0,1.0,0.0,0.0,0.9141693115234375,0.0,1.0
135,0.13862943611198905,0.009529969654977322,0.004787798505276442,0.9118219017982483,0.00494634872302413,0.9968935251235962,0.13862943611198905,0.0,0.0,0.90948486328125,0.0,1.0,0.0,0.0,0.9141693115234375,0.0,1.0
136,0.13862943611198905,0.009462823159992695,0.004753904417157173,0.9118385314941406,0.004910180810838938,0.9969162344932556,0.13862943611198905,0.0,0.0,0.90948486328125,0.0,1.0,0.0,0.0,0.9141693115234375,0.0,1.0
137,0.13862943611198905,0.009396831505000591,0.004720595199614763,0.9118568301200867,0.004874654114246368,0.9969385862350464,0.13862943611198905,0.0,0.0,0.90948486328125,0.0,1.0,0.0,0.0,0.9141693115234375,0.0,1.0
138,0.13862943611198905,0.009331599809229374,0.0046876720152795315,0.9118734002113342,0.0048395548947155476,0.9969605803489685,0.13862943611198905,0.0,0.0,0.90948486328125,0.0,1.0,0.0,0.0,0.9141693115234375,0.0,1.0
139,0.13862943611198905,0.00926742609590292,0.004655284341424704,0.9118912816047668,0.004805041942745447,0.9969822764396667,0.13862943611198905,0.0,0.0,0.90948486328125,0.0,1.0,0.0,0.0,0.9141693115234375,0.0,1.0
140,0.13862943611198905,0.0092039555311203,0.004623253829777241,0.9119071960449219,0.004770925268530846,0.9970036745071411,0.13862943611198905,0.0,0.0,0.90948486328125,0.0,1.0,0.0,0.0,0.9141693115234375,0.0,1.0
141,0.13862943611198905,0.009141425602138042,0.004591700155287981,0.9119237065315247,0.004737331066280603,0.9970247745513916,0.13862943611198905,0.0,0.0,0.90948486328125,0.0,1.0,0.0,0.0,0.9141693115234375,0.0,1.0
142,0.13862943611198905,0.00907980464398861,0.004560607019811869,0.9119405746459961,0.0047042411752045155,0.997045636177063,0.13862943611198905,0.0,0.0,0.90948486328125,0.0,1.0,0.0,0.0,0.9141693115234375,0.0,1.0
143,0.13862943611198905,0.009018948301672935,0.004529901780188084,0.9119566679000854,0.004671578761190176,0.9970661401748657,0.13862943611198905,0.0,0.0,0.90948486328125,0.0,1.0,0.0,0.0,0.9141693115234375,0.0,1.0
144,0.13862943611198905,0.008958853781223297,0.004499582573771477,0.9119720458984375,0.004639339633285999,0.9970863461494446,0.13862943611198905,0.0,0.0,0.90948486328125,0.0,1.0,0.0,0.0,0.9141693115234375,0.0,1.0
145,0.13862943611198905,0.008899572305381298,0.00446967501193285,0.9119873046875,0.004607552196830511,0.9971063137054443,0.13862943611198905,0.0,0.0,0.90948486328125,0.0,1.0,0.0,0.0,0.9141693115234375,0.0,1.0
146,0.13862943611198905,0.008841186761856079,0.004440221935510635,0.9120035767555237,0.004576260223984718,0.9971259832382202,0.13862943611198905,0.0,0.0,0.90948486328125,0.0,1.0,0.0,0.0,0.9141693115234375,0.0,1.0
147,0.13862943611198905,0.008783466182649136,0.004411105532199144,0.9120186567306519,0.0045453389175236225,0.9971452951431274,0.13862943611198905,0.0,0.0,0.90948486328125,0.0,1.0,0.0,0.0,0.9141693115234375,0.0,1.0
148,0.13862943611198905,0.008726557716727257,0.004382400773465633,0.9120342135429382,0.004514866042882204,0.9971646070480347,0.13862943611198905,0.0,0.0,0.90948486328125,0.0,1.0,0.0,0.0,0.9141693115234375,0.0,1.0
149,0.13862943611198905,0.008670290000736713,0.004354020580649376,0.9120485186576843,0.004484750330448151,0.9971835017204285,0.13862943611198905,0.0,0.0,0.90948486328125,0.0,1.0,0.0,0.0,0.9141693115234375,0.0,1.0
150,0.13862943611198905,0.008614808320999146,0.004326038062572479,0.912063479423523,0.004455068148672581,0.9972021579742432,0.13862943611198905,0.0,0.0,0.90948486328125,0.0,1.0,0.0,0.0,0.9141693115234375,0.0,1.0
151,0.13862943611198905,0.00855993665754795,0.004298365209251642,0.9120771288871765,0.004425725433975458,0.997220516204834,0.13862943611198905,0.0,0.0,0.90948486328125,0.0,1.0,0.0,0.0,0.9141693115234375,0.0,1.0
152,0.13862943611198905,0.00850580632686615,0.004271067678928375,0.9120911359786987,0.004396791569888592,0.9972386956214905,0.13862943611198905,0.0,0.0,0.90948486328125,0.0,1.0,0.0,0.0,0.9141693115234375,0.0,1.0
153,0.13862943611198905,0.008452403359115124,0.004244138021022081,0.9121054410934448,0.004368259105831385,0.9972566366195679,0.13862943611198905,0.0,0.0,0.90948486328125,0.0,1.0,0.0,0.0,0.9141693115234375,0.0,1.0
154,0.13862943611198905,0.008399668149650097,0.00421754689887166,0.9121195077896118,0.004340094514191151,0.9972743391990662,0.13862943611198905,0.0,0.0,0.90948486328125,0.0,1.0,0.0,0.0,0.9141693115234375,0.0,1.0
155,0.13862943611198905,0.008347484283149242,0.004191235173493624,0.9121323823928833,0.0043122367933392525,0.9972918033599854,0.13862943611198905,0.0,0.0,0.90948486328125,0.0,1.0,0.0,0.0,0.9141693115234375,0.0,1.0
156,0.13862943611198905,0.008295970037579536,0.004165262449532747,0.9121453166007996,0.004284747876226902,0.9973090291023254,0.13862943611198905,0.0,0.0,0.90948486328125,0.0,1.0,0.0,0.0,0.9141693115234375,0.0,1.0
157,0.13862943611198905,0.008245247416198254,0.0041396901942789555,0.9121598601341248,0.004257692024111748,0.9973260760307312,0.13862943611198905,0.0,0.0,0.90948486328125,0.0,1.0,0.0,0.0,0.9141693115234375,0.0,1.0
158,0.13862943611198905,0.008195066824555397,0.004114392213523388,0.9121733903884888,0.00423093605786562,0.9973428845405579,0.13862943611198905,0.0,0.0,0.90948486328125,0.0,1.0,0.0,0.0,0.9141693115234375,0.0,1.0
159,0.13862943611198905,0.008145453408360481,0.004089381545782089,0.912186324596405,0.004204493016004562,0.9973595142364502,0.13862943611198905,0.0,0.0,0.90948486328125,0.0,1.0,0.0,0.0,0.9141693115234375,0.0,1.0
160,0.13862943611198905,0.008096401579678059,0.004064655397087336,0.9121986627578735,0.0041783591732382774,0.9973759055137634,0.13862943611198905,0.0,0.0,0.90948486328125,0.0,1.0,0.0,0.0,0.9141693115234375,0.0,1.0
161,0.13862943611198905,0.008048020303249359,0.004040268249809742,0.9122118353843689,0.004152593202888966,0.9973921179771423,0.13862943611198905,0.0,0.0,0.90948486328125,0.0,1.0,0.0,0.0,0.9141693115234375,0.0,1.0
162,0.13862943611198905,0.008000178262591362,0.004016153980046511,0.9122244119644165,0.004127123858779669,0.9974080920219421,0.13862943611198905,0.0,0.0,0.90948486328125,0.0,1.0,0.0,0.0,0.9141693115234375,0.0,1.0
163,0.13862943611198905,0.007952882908284664,0.0039923167787492275,0.9122365713119507,0.0041019548662006855,0.9974238276481628,0.13862943611198905,0.0,0.0,0.90948486328125,0.0,1.0,0.0,0.0,0.9141693115234375,0.0,1.0
164,0.13862943611198905,0.007906125858426094,0.003968751523643732,0.912248432636261,0.00407708203420043,0.9974395036697388,0.13862943611198905,0.0,0.0,0.90948486328125,0.0,1.0,0.0,0.0,0.9141693115234375,0.0,1.0
165,0.13862943611198905,0.007859948091208935,0.0039454796351492405,0.9122605919837952,0.004052526317536831,0.9974549412727356,0.13862943611198905,0.0,0.0,0.90948486328125,0.0,1.0,0.0,0.0,0.9141693115234375,0.0,1.0
166,0.13862943611198905,0.007814287208020687,0.003922469448298216,0.9122722744941711,0.004028253722935915,0.9974702000617981,0.13862943611198905,0.0,0.0,0.90948486328125,0.0,1.0,0.0,0.0,0.9141693115234375,0.0,1.0
167,0.13862943611198905,0.007769233081489801,0.003899765433743596,0.9122848510742188,0.004004312679171562,0.9974852800369263,0.13862943611198905,0.0,0.0,0.90948486328125,0.0,1.0,0.0,0.0,0.9141693115234375,0.0,1.0
168,0.13862943611198905,0.007724670227617025,0.003877310547977686,0.9122968912124634,0.003980641253292561,0.9975001215934753,0.13862943611198905,0.0,0.0,0.90948486328125,0.0,1.0,0.0,0.0,0.9141693115234375,0.0,1.0
169,0.13862943611198905,0.007680547423660755,0.0038550784811377525,0.9123080372810364,0.003957211971282959,0.9975148439407349,0.13862943611198905,0.0,0.0,0.90948486328125,0.0,1.0,0.0,0.0,0.9141693115234375,0.0,1.0
170,0.13862943611198905,0.007636889349669218,0.0038330811075866222,0.9123185276985168,0.003934037405997515,0.9975293874740601,0.13862943611198905,0.0,0.0,0.90948486328125,0.0,1.0,0.0,0.0,0.9141693115234375,0.0,1.0
171,0.13862943611198905,0.007593809626996517,0.003811376402154565,0.9123300313949585,0.0039111776277422905,0.9975437521934509,0.13862943611198905,0.0,0.0,0.90948486328125,0.0,1.0,0.0,0.0,0.9141693115234375,0.0,1.0
172,0.13862943611198905,0.007551224436610937,0.003789921524003148,0.9123414158821106,0.003888587700203061,0.9975578188896179,0.13862943611198905,0.0,0.0,0.90948486328125,0.0,1.0,0.0,0.0,0.9141693115234375,0.0,1.0
173,0.13862943611198905,0.00750907463952899,0.003768686903640628,0.9123522639274597,0.003866236424073577,0.9975719451904297,0.13862943611198905,0.0,0.0,0.90948486328125,0.0,1.0,0.0,0.0,0.9141693115234375,0.0,1.0
174,0.13862943611198905,0.007467374671250582,0.0037476802244782448,0.9123628735542297,0.003844131249934435,0.9975858330726624,0.13862943611198905,0.0,0.0,0.90948486328125,0.0,1.0,0.0,0.0,0.9141693115234375,0.0,1.0
175,0.13862943611198905,0.007426153402775526,0.0037269149906933308,0.9123734831809998,0.0038222866132855415,0.9975995421409607,0.13862943611198905,0.0,0.0,0.90948486328125,0.0,1.0,0.0,0.0,0.9141693115234375,0.0,1.0
176,0.13862943611198905,0.007385425269603729,0.0037063993513584137,0.9123843908309937,0.003800710430368781,0.9976131319999695,0.13862943611198905,0.0,0.0,0.90948486328125,0.0,1.0,0.0,0.0,0.9141693115234375,0.0,1.0
177,0.13862943611198905,0.007345103658735752,0.0036860890686511993,0.9123948216438293,0.00377935660071671,0.997626543045044,0.13862943611198905,0.0,0.0,0.90948486328125,0.0,1.0,0.0,0.0,0.9141693115234375,0.0,1.0
178,0.13862943611198905,0.007305196952074766,0.0036659887991845608,0.9124048352241516,0.0037582290824502707,0.9976397752761841,0.13862943611198905,0.0,0.0,0.90948486328125,0.0,1.0,0.0,0.0,0.9141693115234375,0.0,1.0
179,0.13862943611198905,0.007265767548233271,0.0036461297422647476,0.9124152064323425,0.0037373609375208616,0.9976528882980347,0.13862943611198905,0.0,0.0,0.90948486328125,0.0,1.0,0.0,0.0,0.9141693115234375,0.0,1.0
180,0.13862943611198905,0.0072267488576471806,0.0036264783702790737,0.9124253988265991,0.003716716542840004,0.9976658821105957,0.13862943611198905,0.0,0.0,0.90948486328125,0.0,1.0,0.0,0.0,0.9141693115234375,0.0,1.0
181,0.13862943611198905,0.007188158109784126,0.0036070430651307106,0.9124355912208557,0.0036963047459721565,0.9976786971092224,0.13862943611198905,0.0,0.0,0.90948486328125,0.0,1.0,0.0,0.0,0.9141693115234375,0.0,1.0
182,0.13862943611198905,0.007149983197450638,0.0035878177732229233,0.9124457240104675,0.0036761192604899406,0.9976913928985596,0.13862943611198905,0.0,0.0,0.90948486328125,0.0,1.0,0.0,0.0,0.9141693115234375,0.0,1.0
183,0.13862943611198905,0.0071121822111308575,0.003568782238289714,0.9124554395675659,0.0036561372689902782,0.9977038502693176,0.13862943611198905,0.0,0.0,0.90948486328125,0.0,1.0,0.0,0.0,0.9141693115234375,0.0,1.0
184,0.13862943611198905,0.00707473186776042,0.0035499236546456814,0.912464439868927,0.003636346897110343,0.9977163672447205,0.13862943611198905,0.0,0.0,0.90948486328125,0.0,1.0,0.0,0.0,0.9141693115234375,0.0,1.0
185,0.13862943611198905,0.007037768606096506,0.0035313109401613474,0.912474513053894,0.0036168191581964493,0.9977285265922546,0.13862943611198905,0.0,0.0,0.90948486328125,0.0,1.0,0.0,0.0,0.9141693115234375,0.0,1.0
186,0.13862943611198905,0.007001163903623819,0.003512879367917776,0.9124842286109924,0.003597486764192581,0.9977407455444336,0.13862943611198905,0.0,0.0,0.90948486328125,0.0,1.0,0.0,0.0,0.9141693115234375,0.0,1.0
187,0.13862943611198905,0.006964998785406351,0.0034946699161082506,0.9124944806098938,0.0035783916246145964,0.9977527260780334,0.13862943611198905,0.0,0.0,0.90948486328125,0.0,1.0,0.0,0.0,0.9141693115234375,0.0,1.0
188,0.13862943611198905,0.0069291358813643456,0.0034766129683703184,0.9125038385391235,0.0035594620276242495,0.9977646470069885,0.13862943611198905,0.0,0.0,0.90948486328125,0.0,1.0,0.0,0.0,0.9141693115234375,0.0,1.0
189,0.13862943611198905,0.006893627345561981,0.0034587355330586433,0.9125129580497742,0.003540724515914917,0.997776448726654,0.13862943611198905,0.0,0.0,0.90948486328125,0.0,1.0,0.0,0.0,0.9141693115234375,0.0,1.0
190,0.13862943611198905,0.006858485750854015,0.003441043198108673,0.9125218987464905,0.0035221853759139776,0.9977880120277405,0.13862943611198905,0.0,0.0,0.90948486328125,0.0,1.0,0.0,0.0,0.9141693115234375,0.0,1.0
191,0.13862943611198905,0.006823745556175709,0.0034235536586493254,0.9125314354896545,0.0035038634669035673,0.9977995753288269,0.13862943611198905,0.0,0.0,0.90948486328125,0.0,1.0,0.0,0.0,0.9141693115234375,0.0,1.0
192,0.13862943611198905,0.006789286620914936,0.00340620637871325,0.9125400185585022,0.0034856947604566813,0.9978110194206238,0.13862943611198905,0.0,0.0,0.90948486328125,0.0,1.0,0.0,0.0,0.9141693115234375,0.0,1.0
193,0.13862943611198905,0.006755158770829439,0.0033890262711793184,0.9125482439994812,0.003467705799266696,0.9978222846984863,0.13862943611198905,0.0,0.0,0.90948486328125,0.0,1.0,0.0,0.0,0.9141693115234375,0.0,1.0
194,0.13862943611198905,0.006721403915435076,0.0033720345236361027,0.9125568270683289,0.003449917770922184,0.9978334307670593,0.13862943611198905,0.0,0.0,0.90948486328125,0.0,1.0,0.0,0.0,0.9141693115234375,0.0,1.0
195,0.13862943611198905,0.006687988992780447,0.00335521437227726,0.9125653505325317,0.003432313911616802,0.9978445172309875,0.13862943611198905,0.0,0.0,0.90948486328125,0.0,1.0,0.0,0.0,0.9141693115234375,0.0,1.0
196,0.13862943611198905,0.006654931232333183,0.0033385746646672487,0.9125741124153137,0.003414902603253722,0.9978553652763367,0.13862943611198905,0.0,0.0,0.90948486328125,0.0,1.0,0.0,0.0,0.9141693115234375,0.0,1.0
197,0.13862943611198905,0.006622150540351868,0.0033220751211047173,0.9125822186470032,0.00339764216914773,0.9978662729263306,0.13862943611198905,0.0,0.0,0.90948486328125,0.0,1.0,0.0,0.0,0.9141693115234375,0.0,1.0
198,0.13862943611198905,0.006589711178094149,0.0033057478722184896,0.9125904440879822,0.003380565205588937,0.9978769421577454,0.13862943611198905,0.0,0.0,0.90948486328125,0.0,1.0,0.0,0.0,0.9141693115234375,0.0,1.0
199,0.13862943611198905,0.006557587068527937,0.0032895796466618776,0.9125986695289612,0.003363658906891942,0.9978876113891602,0.13862943611198905,0.0,0.0,0.90948486328125,0.0,1.0,0.0,0.0,0.9141693115234375,0.0,1.0
