,train_loss,train_dice,train_iou,train_acc,train_sens,train_spec,val_loss,val_dice,val_iou,val_acc,val_sens,val_spec,test_dice,test_iou,test_acc,test_sens,test_spec
0,0.9100786208542218,0.12376469373703003,0.0659647062420845,0.8182001113891602,0.14972031116485596,0.8809029459953308,0.9100786208542218,0.0,0.0,0.90948486328125,0.0,1.0,0.0,0.0,0.9141693115234375,0.0,1.0
1,0.8355890019393399,0.0875702053308487,0.0457901805639267,0.8662223815917969,0.07486015558242798,0.940451443195343,0.8355890019393399,0.0,0.0,0.90948486328125,0.0,1.0,0.0,0.0,0.9141693115234375,0.0,1.0
2,0.7579062927586317,0.06775540858507156,0.03506574034690857,0.8822298049926758,0.04990677163004875,0.9603009819984436,0.7579062927586317,0.0,0.0,0.90948486328125,0.0,1.0,0.0,0.0,0.9141693115234375,0.0,1.0
3,0.7033884235778863,0.055253107100725174,0.02841152437031269,0.8902335166931152,0.03743007779121399,0.9702257513999939,0.7033884235778863,0.0,0.0,0.90948486328125,0.0,1.0,0.0,0.0,0.9141693115234375,0.0,1.0
4,0.6932407855469671,0.04664594680070877,0.023879967629909515,0.8950357437133789,0.02994406223297119,0.9761806130409241,0.6932407855469671,0.0,0.0,0.90948486328125,0.0,1.0,0.0,0.0,0.9141693115234375,0.0,1.0
5,0.6931475383395862,0.040358953177928925,0.02059510536491871,0.8982372283935547,0.024953385815024376,0.9801504611968994,0.6931475383395862,0.0,0.0,0.90948486328125,0.0,1.0,0.0,0.0,0.9141693115234375,0.0,1.0
6,0.6931472022354042,0.03556540608406067,0.01810467801988125,0.9005240201950073,0.021388616412878036,0.9829861521720886,0.6931472022354042,0.0,0.0,0.90948486328125,0.0,1.0,0.0,0.0,0.9141693115234375,0.0,1.0
7,0.6931471830050464,0.03178966045379639,0.01615157537162304,0.9022390842437744,0.018715038895606995,0.9851128458976746,0.6931471830050464,0.0,0.0,0.90948486328125,0.0,1.0,0.0,0.0,0.9141693115234375,0.0,1.0
8,0.6931471824700347,0.028738662600517273,0.014578835107386112,0.9035730361938477,0.01663558930158615,0.9867669939994812,0.6931471824700347,0.0,0.0,0.90948486328125,0.0,1.0,0.0,0.0,0.9141693115234375,0.0,1.0
9,0.6931471824646193,0.026222016662359238,0.013285203836858273,0.9046401977539062,0.014972031116485596,0.9880902767181396,0.6931471824646193,0.0,0.0,0.90948486328125,0.0,1.0,0.0,0.0,0.9141693115234375,0.0,1.0
10,0.6931471824645996,0.024110648781061172,0.012202438898384571,0.905513346195221,0.013610937632620335,0.9891729950904846,0.6931471824645996,0.0,0.0,0.90948486328125,0.0,1.0,0.0,0.0,0.9141693115234375,0.0,1.0
11,0.6931471824645996,0.022313952445983887,0.01128286775201559,0.9062409400939941,0.012476692907512188,0.9900752305984497,0.6931471824645996,0.0,0.0,0.90948486328125,0.0,1.0,0.0,0.0,0.9141693115234375,0.0,1.0
12,0.6931471824645996,0.02076645940542221,0.010492180474102497,0.9068565964698792,0.01151694729924202,0.9908387064933777,0.6931471824645996,0.0,0.0,0.90948486328125,0.0,1.0,0.0,0.0,0.9141693115234375,0.0,1.0
13,0.6931471824645996,0.01941968873143196,0.00980505719780922,0.9073843359947205,0.010694308206439018,0.9914930462837219,0.6931471824645996,0.0,0.0,0.90948486328125,0.0,1.0,0.0,0.0,0.9141693115234375,0.0,1.0
14,0.6931471824645996,0.01823696307837963,0.009202399291098118,0.907841682434082,0.009981353767216206,0.9920601844787598,0.6931471824645996,0.0,0.0,0.90948486328125,0.0,1.0,0.0,0.0,0.9141693115234375,0.0,1.0
15,0.6931471824645996,0.017190029844641685,0.008669535629451275,0.908241868019104,0.009357519447803497,0.9925564527511597,0.6931471824645996,0.0,0.0,0.90948486328125,0.0,1.0,0.0,0.0,0.9141693115234375,0.0,1.0
16,0.6931471824645996,0.016256775707006454,0.008195005357265472,0.9085949659347534,0.008807077072560787,0.9929943084716797,0.6931471824645996,0.0,0.0,0.90948486328125,0.0,1.0,0.0,0.0,0.9141693115234375,0.0,1.0
17,0.6931471824645996,0.01541963592171669,0.007769725751131773,0.9089088439941406,0.008317794650793076,0.9933834671974182,0.6931471824645996,0.0,0.0,0.90948486328125,0.0,1.0,0.0,0.0,0.9141693115234375,0.0,1.0
18,0.6931471824645996,0.014664490707218647,0.007386408746242523,0.9091897010803223,0.007880016230046749,0.9937317967414856,0.6931471824645996,0.0,0.0,0.90948486328125,0.0,1.0,0.0,0.0,0.9141693115234375,0.0,1.0
19,0.6931471824645996,0.013979855924844742,0.007039134856313467,0.9094424247741699,0.007486015558242798,0.9940451979637146,0.6931471824645996,0.0,0.0,0.90948486328125,0.0,1.0,0.0,0.0,0.9141693115234375,0.0,1.0
20,0.6931471824645996,0.013356296345591545,0.006723049096763134,0.9096710681915283,0.007129538804292679,0.9943286776542664,0.6931471824645996,0.0,0.0,0.90948486328125,0.0,1.0,0.0,0.0,0.9141693115234375,0.0,1.0
21,0.6931471824645996,0.012785987928509712,0.006434130482375622,0.9098789691925049,0.006805468816310167,0.9945864677429199,0.6931471824645996,0.0,0.0,0.90948486328125,0.0,1.0,0.0,0.0,0.9141693115234375,0.0,1.0
22,0.6931471824645996,0.012262389063835144,0.006169021129608154,0.9100688695907593,0.006509578786790371,0.9948219060897827,0.6931471824645996,0.0,0.0,0.90948486328125,0.0,1.0,0.0,0.0,0.9141693115234375,0.0,1.0
23,0.6931471824645996,0.011779987253248692,0.005924894008785486,0.9102427959442139,0.006238346453756094,0.9950376749038696,0.6931471824645996,0.0,0.0,0.90948486328125,0.0,1.0,0.0,0.0,0.9141693115234375,0.0,1.0
24,0.6931471824645996,0.011334103532135487,0.005699352826923132,0.9104028344154358,0.005988812539726496,0.9952360987663269,0.6931471824645996,0.0,0.0,0.90948486328125,0.0,1.0,0.0,0.0,0.9141693115234375,0.0,1.0
25,0.6931471824645996,0.010920743457973003,0.0054903533309698105,0.9105506539344788,0.00575847364962101,0.9954193234443665,0.6931471824645996,0.0,0.0,0.90948486328125,0.0,1.0,0.0,0.0,0.9141693115234375,0.0,1.0
26,0.6931471824645996,0.010536473244428635,0.005296139977872372,0.9106875061988831,0.0055451965890824795,0.995589017868042,0.6931471824645996,0.0,0.0,0.90948486328125,0.0,1.0,0.0,0.0,0.9141693115234375,0.0,1.0
27,0.6931471824645996,0.01017832662910223,0.005115197505801916,0.9108144640922546,0.005347154103219509,0.9957465529441833,0.6931471824645996,0.0,0.0,0.90948486328125,0.0,1.0,0.0,0.0,0.9141693115234375,0.0,1.0
28,0.6931471824645996,0.009843727573752403,0.004946209955960512,0.910932719707489,0.005162769462913275,0.9958931803703308,0.6931471824645996,0.0,0.0,0.90948486328125,0.0,1.0,0.0,0.0,0.9141693115234375,0.0,1.0
29,0.6931471824645996,0.009530426934361458,0.004788030870258808,0.9110431671142578,0.004990676883608103,0.9960300922393799,0.6931471824645996,0.0,0.0,0.90948486328125,0.0,1.0,0.0,0.0,0.9141693115234375,0.0,1.0
30,0.6931471824645996,0.009236454032361507,0.004639655817300081,0.9111464619636536,0.004829687532037497,0.9961581826210022,0.6931471824645996,0.0,0.0,0.90948486328125,0.0,1.0,0.0,0.0,0.9141693115234375,0.0,1.0
31,0.6931471824645996,0.008960074745118618,0.0045001995749771595,0.9112432599067688,0.004678759723901749,0.9962782263755798,0.6931471824645996,0.0,0.0,0.90948486328125,0.0,1.0,0.0,0.0,0.9141693115234375,0.0,1.0
32,0.6931471824645996,0.008699754253029823,0.00436888262629509,0.9113341569900513,0.004536978900432587,0.9963909387588501,0.6931471824645996,0.0,0.0,0.90948486328125,0.0,1.0,0.0,0.0,0.9141693115234375,0.0,1.0
33,0.6931471824645996,0.008454132825136185,0.004245012067258358,0.9114198088645935,0.004403538536280394,0.9964970946311951,0.6931471824645996,0.0,0.0,0.90948486328125,0.0,1.0,0.0,0.0,0.9141693115234375,0.0,1.0
34,0.6931471824645996,0.008222000673413277,0.004127971827983856,0.9115005731582642,0.004277723375707865,0.9965972304344177,0.6931471824645996,0.0,0.0,0.90948486328125,0.0,1.0,0.0,0.0,0.9141693115234375,0.0,1.0
35,0.6931471824645996,0.008002275601029396,0.004017212428152561,0.9115768074989319,0.004158897325396538,0.9966917634010315,0.6931471824645996,0.0,0.0,0.90948486328125,0.0,1.0,0.0,0.0,0.9141693115234375,0.0,1.0
36,0.6931471824645996,0.007793988101184368,0.003912241198122501,0.9116488099098206,0.004046495072543621,0.9967811703681946,0.6931471824645996,0.0,0.0,0.90948486328125,0.0,1.0,0.0,0.0,0.9141693115234375,0.0,1.0
37,0.6931471824645996,0.007596268784254789,0.0038126162253320217,0.9117171764373779,0.0039400081150233746,0.9968658685684204,0.6931471824645996,0.0,0.0,0.90948486328125,0.0,1.0,0.0,0.0,0.9141693115234375,0.0,1.0
38,0.6931471824645996,0.007408332545310259,0.0037179391365498304,0.9117819666862488,0.0038389822002500296,0.9969462752342224,0.6931471824645996,0.0,0.0,0.90948486328125,0.0,1.0,0.0,0.0,0.9141693115234375,0.0,1.0
39,0.6931471824645996,0.007229471579194069,0.003627850441262126,0.911843478679657,0.003743007779121399,0.9970226287841797,0.6931471824645996,0.0,0.0,0.90948486328125,0.0,1.0,0.0,0.0,0.9141693115234375,0.0,1.0
40,0.6931471824645996,0.007059043273329735,0.003542024176567793,0.9119020700454712,0.0036517148837447166,0.9970951080322266,0.6931471824645996,0.0,0.0,0.90948486328125,0.0,1.0,0.0,0.0,0.9141693115234375,0.0,1.0
41,0.6931471824645996,0.0068964650854468346,0.0034601648803800344,0.911957859992981,0.0035647694021463394,0.9971643090248108,0.6931471824645996,0.0,0.0,0.90948486328125,0.0,1.0,0.0,0.0,0.9141693115234375,0.0,1.0
42,0.6931471824645996,0.006741207558661699,0.003382003866136074,0.9120110869407654,0.0034818677231669426,0.9972303509712219,0.6931471824645996,0.0,0.0,0.90948486328125,0.0,1.0,0.0,0.0,0.9141693115234375,0.0,1.0
43,0.6931471824645996,0.006592785939574242,0.0033072959631681442,0.912061870098114,0.0034027344081550837,0.9972932934761047,0.6931471824645996,0.0,0.0,0.90948486328125,0.0,1.0,0.0,0.0,0.9141693115234375,0.0,1.0
44,0.6931471824645996,0.0064507597126066685,0.0032358174212276936,0.9121103286743164,0.0033271180000156164,0.9973534345626831,0.6931471824645996,0.0,0.0,0.90948486328125,0.0,1.0,0.0,0.0,0.9141693115234375,0.0,1.0
45,0.6931471824645996,0.006314723286777735,0.003167363116517663,0.9121567010879517,0.0032547893933951855,0.9974109530448914,0.6931471824645996,0.0,0.0,0.90948486328125,0.0,1.0,0.0,0.0,0.9141693115234375,0.0,1.0
46,0.6931471824645996,0.006184306461364031,0.0031017449218779802,0.9122011661529541,0.003185538575053215,0.9974660277366638,0.6931471824645996,0.0,0.0,0.90948486328125,0.0,1.0,0.0,0.0,0.9141693115234375,0.0,1.0
47,0.6931471824645996,0.006059167440980673,0.0030387905426323414,0.912243664264679,0.003119173226878047,0.9975188374519348,0.6931471824645996,0.0,0.0,0.90948486328125,0.0,1.0,0.0,0.0,0.9141693115234375,0.0,1.0
48,0.6931471824645996,0.005938991904258728,0.002978340722620487,0.9122845530509949,0.003055516630411148,0.9975693821907043,0.6931471824645996,0.0,0.0,0.90948486328125,0.0,1.0,0.0,0.0,0.9141693115234375,0.0,1.0
49,0.6931471824645996,0.005823491141200066,0.002920249244198203,0.9123237729072571,0.002994406269863248,0.9976180195808411,0.6931471824645996,0.0,0.0,0.90948486328125,0.0,1.0,0.0,0.0,0.9141693115234375,0.0,1.0
50,0.6931471824645996,0.005712396930903196,0.002864380367100239,0.9123614430427551,0.002935692435130477,0.9976648092269897,0.6931471824645996,0.0,0.0,0.90948486328125,0.0,1.0,0.0,0.0,0.9141693115234375,0.0,1.0
51,0.6931471824645996,0.00560546200722456,0.0028106090612709522,0.9123976826667786,0.002879236824810505,0.9977096915245056,0.6931471824645996,0.0,0.0,0.90948486328125,0.0,1.0,0.0,0.0,0.9141693115234375,0.0,1.0
52,0.6931471824645996,0.0055024572648108006,0.0027588193770498037,0.9124324917793274,0.0028249116148799658,0.9977529048919678,0.6931471824645996,0.0,0.0,0.90948486328125,0.0,1.0,0.0,0.0,0.9141693115234375,0.0,1.0
53,0.6931471824645996,0.005403169896453619,0.0027089037466794252,0.9124660491943359,0.0027725982945412397,0.997794508934021,0.6931471824645996,0.0,0.0,0.90948486328125,0.0,1.0,0.0,0.0,0.9141693115234375,0.0,1.0
54,0.6931471824645996,0.005307401996105909,0.0026607622858136892,0.912498414516449,0.0027221874333918095,0.9978346228599548,0.6931471824645996,0.0,0.0,0.90948486328125,0.0,1.0,0.0,0.0,0.9141693115234375,0.0,1.0
55,0.6931471824645996,0.005214969627559185,0.002614302095025778,0.9125295281410217,0.0026735770516097546,0.9978733062744141,0.6931471824645996,0.0,0.0,0.90948486328125,0.0,1.0,0.0,0.0,0.9141693115234375,0.0,1.0
56,0.6931471824645996,0.005125701893121004,0.0025694365613162518,0.9125596284866333,0.0026266721542924643,0.9979104995727539,0.6931471824645996,0.0,0.0,0.90948486328125,0.0,1.0,0.0,0.0,0.9141693115234375,0.0,1.0
57,0.6931471824645996,0.00503943907096982,0.002526085125282407,0.9125887155532837,0.0025813847314566374,0.997946560382843,0.6931471824645996,0.0,0.0,0.90948486328125,0.0,1.0,0.0,0.0,0.9141693115234375,0.0,1.0
58,0.6931471824645996,0.004956031683832407,0.0024841721169650555,0.9126167893409729,0.0025376323610544205,0.9979814291000366,0.6931471824645996,0.0,0.0,0.90948486328125,0.0,1.0,0.0,0.0,0.9141693115234375,0.0,1.0
59,0.6931471824645996,0.004875340033322573,0.0024436272215098143,0.9126439690589905,0.0024953384418040514,0.9980150461196899,0.6931471824645996,0.0,0.0,0.90948486328125,0.0,1.0,0.0,0.0,0.9141693115234375,0.0,1.0
60,0.6931471824645996,0.004797233734279871,0.002404384547844529,0.9126701354980469,0.0024544312618672848,0.9980475902557373,0.6931471824645996,0.0,0.0,0.90948486328125,0.0,1.0,0.0,0.0,0.9141693115234375,0.0,1.0
61,0.6931471824645996,0.004721590783447027,0.002366382395848632,0.9126955270767212,0.0024148437660187483,0.9980791211128235,0.6931471824645996,0.0,0.0,0.90948486328125,0.0,1.0,0.0,0.0,0.9141693115234375,0.0,1.0
62,0.6931471824645996,0.004648296162486076,0.0023295627906918526,0.9127201437950134,0.0023765128571540117,0.9981095790863037,0.6931471824645996,0.0,0.0,0.90948486328125,0.0,1.0,0.0,0.0,0.9141693115234375,0.0,1.0
63,0.6931471824645996,0.004577242769300938,0.00229387148283422,0.9127439260482788,0.0023393798619508743,0.9981391429901123,0.6931471824645996,0.0,0.0,0.90948486328125,0.0,1.0,0.0,0.0,0.9141693115234375,0.0,1.0
64,0.6931471824645996,0.004508328158408403,0.00225925724953413,0.9127670526504517,0.0023033893667161465,0.9981676936149597,0.6931471824645996,0.0,0.0,0.90948486328125,0.0,1.0,0.0,0.0,0.9141693115234375,0.0,1.0
65,0.6931471824645996,0.004441458266228437,0.0022256721276789904,0.9127894043922424,0.0022684894502162933,0.998195469379425,0.6931471824645996,0.0,0.0,0.90948486328125,0.0,1.0,0.0,0.0,0.9141693115234375,0.0,1.0
66,0.6931471824645996,0.004376543220132589,0.002193070948123932,0.9128111600875854,0.0022346314508467913,0.9982224702835083,0.6931471824645996,0.0,0.0,0.90948486328125,0.0,1.0,0.0,0.0,0.9141693115234375,0.0,1.0
67,0.6931471824645996,0.004313498269766569,0.002161411102861166,0.9128322601318359,0.002201769268140197,0.9982485771179199,0.6931471824645996,0.0,0.0,0.90948486328125,0.0,1.0,0.0,0.0,0.9141693115234375,0.0,1.0
68,0.6931471824645996,0.004252243787050247,0.0021306523121893406,0.9128527045249939,0.0021698595955967903,0.9982739686965942,0.6931471824645996,0.0,0.0,0.90948486328125,0.0,1.0,0.0,0.0,0.9141693115234375,0.0,1.0
69,0.6931471824645996,0.004192704800516367,0.0021007568575441837,0.9128726124763489,0.0021388616878539324,0.9982986450195312,0.6931471824645996,0.0,0.0,0.90948486328125,0.0,1.0,0.0,0.0,0.9141693115234375,0.0,1.0
70,0.6931471824645996,0.00413481006398797,0.0020716884173452854,0.9128918647766113,0.002108736662194133,0.9983226656913757,0.6931471824645996,0.0,0.0,0.90948486328125,0.0,1.0,0.0,0.0,0.9141693115234375,0.0,1.0
71,0.6931471824645996,0.004078492522239685,0.002043413696810603,0.9129106998443604,0.002079448662698269,0.9983458518981934,0.6931471824645996,0.0,0.0,0.90948486328125,0.0,1.0,0.0,0.0,0.9141693115234375,0.0,1.0
72,0.6931471824645996,0.00402368837967515,0.0020159000996500254,0.9129289388656616,0.00205096323043108,0.998368501663208,0.6931471824645996,0.0,0.0,0.90948486328125,0.0,1.0,0.0,0.0,0.9141693115234375,0.0,1.0
73,0.6931471824645996,0.003970337565988302,0.0019891178235411644,0.9129467606544495,0.0020232475362718105,0.9983905553817749,0.6931471824645996,0.0,0.0,0.90948486328125,0.0,1.0,0.0,0.0,0.9141693115234375,0.0,1.0
74,0.6931471824645996,0.0039183832705020905,0.0019630377646535635,0.9129640460014343,0.0019962708465754986,0.998412013053894,0.6931471824645996,0.0,0.0,0.90948486328125,0.0,1.0,0.0,0.0,0.9141693115234375,0.0,1.0
75,0.6931471824645996,0.003867770778015256,0.001937632798217237,0.9129809141159058,0.0019700040575116873,0.998432993888855,0.6931471824645996,0.0,0.0,0.90948486328125,0.0,1.0,0.0,0.0,0.9141693115234375,0.0,1.0
76,0.6931471824645996,0.0038184490986168385,0.0019128769636154175,0.9129973649978638,0.0019444195786491036,0.9984533786773682,0.6931471824645996,0.0,0.0,0.90948486328125,0.0,1.0,0.0,0.0,0.9141693115234375,0.0,1.0
77,0.6931471824645996,0.0037703695707023144,0.0018887456972151995,0.9130133390426636,0.0019194911001250148,0.9984731674194336,0.6931471824645996,0.0,0.0,0.90948486328125,0.0,1.0,0.0,0.0,0.9141693115234375,0.0,1.0
78,0.6931471824645996,0.0037234858609735966,0.0018652157159522176,0.9130288362503052,0.0018951938254758716,0.998492419719696,0.6931471824645996,0.0,0.0,0.90948486328125,0.0,1.0,0.0,0.0,0.9141693115234375,0.0,1.0
79,0.6931471824645996,0.003677753498777747,0.0018422647845000029,0.9130440950393677,0.0018715038895606995,0.9985112547874451,0.6931471824645996,0.0,0.0,0.90948486328125,0.0,1.0,0.0,0.0,0.9141693115234375,0.0,1.0
80,0.6931471824645996,0.0036331312730908394,0.0018198717152699828,0.913058876991272,0.0018483989406377077,0.9985296130180359,0.6931471824645996,0.0,0.0,0.90948486328125,0.0,1.0,0.0,0.0,0.9141693115234375,0.0,1.0
81,0.6931471824645996,0.0035895786713808775,0.001798016601242125,0.9130733609199524,0.0018258574418723583,0.9985475540161133,0.6931471824645996,0.0,0.0,0.90948486328125,0.0,1.0,0.0,0.0,0.9141693115234375,0.0,1.0
82,0.6931471824645996,0.0035470579750835896,0.0017766801174730062,0.9130874872207642,0.0018038591369986534,0.9985650777816772,0.6931471824645996,0.0,0.0,0.90948486328125,0.0,1.0,0.0,0.0,0.9141693115234375,0.0,1.0
83,0.6931471824645996,0.003505532629787922,0.0017558441031724215,0.913101315498352,0.0017823847010731697,0.998582124710083,0.6931471824645996,0.0,0.0,0.90948486328125,0.0,1.0,0.0,0.0,0.9141693115234375,0.0,1.0
84,0.6931471824645996,0.0034649684093892574,0.0017354912124574184,0.9131147265434265,0.001761415391229093,0.9985989332199097,0.6931471824645996,0.0,0.0,0.90948486328125,0.0,1.0,0.0,0.0,0.9141693115234375,0.0,1.0
85,0.6931471824645996,0.003425332484766841,0.0017156046815216541,0.9131278395652771,0.0017409338615834713,0.9986152052879333,0.6931471824645996,0.0,0.0,0.90948486328125,0.0,1.0,0.0,0.0,0.9141693115234375,0.0,1.0
86,0.6931471824645996,0.003386592725291848,0.00169616867788136,0.9131406545639038,0.0017209231154993176,0.9986311197280884,0.6931471824645996,0.0,0.0,0.90948486328125,0.0,1.0,0.0,0.0,0.9141693115234375,0.0,1.0
87,0.6931471824645996,0.003348719561472535,0.0016771681839600205,0.9131532311439514,0.0017013672040775418,0.99864661693573,0.6931471824645996,0.0,0.0,0.90948486328125,0.0,1.0,0.0,0.0,0.9141693115234375,0.0,1.0
88,0.6931471824645996,0.0033116843551397324,0.0016585886478424072,0.9131655097007751,0.0016822506440803409,0.9986618161201477,0.6931471824645996,0.0,0.0,0.90948486328125,0.0,1.0,0.0,0.0,0.9141693115234375,0.0,1.0
89,0.6931471824645996,0.0032754591666162014,0.0016404163325205445,0.913177490234375,0.0016635590000078082,0.9986766576766968,0.6931471824645996,0.0,0.0,0.90948486328125,0.0,1.0,0.0,0.0,0.9141693115234375,0.0,1.0
90,0.6931471824645996,0.003240017918869853,0.0016226378502324224,0.9131892323493958,0.0016452781856060028,0.998691201210022,0.6931471824645996,0.0,0.0,0.90948486328125,0.0,1.0,0.0,0.0,0.9141693115234375,0.0,1.0
91,0.6931471824645996,0.0032053354661911726,0.0016052405117079616,0.9132007360458374,0.0016273946966975927,0.9987055063247681,0.6931471824645996,0.0,0.0,0.90948486328125,0.0,1.0,0.0,0.0,0.9141693115234375,0.0,1.0
92,0.6931471824645996,0.00317138759419322,0.001588212326169014,0.9132119417190552,0.0016098958440124989,0.9987194538116455,0.6931471824645996,0.0,0.0,0.90948486328125,0.0,1.0,0.0,0.0,0.9141693115234375,0.0,1.0
93,0.6931471824645996,0.003138151252642274,0.001571541652083397,0.9132229685783386,0.0015927692875266075,0.9987330436706543,0.6931471824645996,0.0,0.0,0.90948486328125,0.0,1.0,0.0,0.0,0.9141693115234375,0.0,1.0
94,0.6931471824645996,0.0031056043226271868,0.001555217313580215,0.9132336378097534,0.0015760032692924142,0.9987463355064392,0.6931471824645996,0.0,0.0,0.90948486328125,0.0,1.0,0.0,0.0,0.9141693115234375,0.0,1.0
95,0.6931471824645996,0.0030737256165593863,0.00153922860044986,0.9132441878318787,0.0015595866134390235,0.998759388923645,0.6931471824645996,0.0,0.0,0.90948486328125,0.0,1.0,0.0,0.0,0.9141693115234375,0.0,1.0
96,0.6931471824645996,0.0030424948781728745,0.0015235652681440115,0.9132544994354248,0.0015435083769261837,0.998772144317627,0.6931471824645996,0.0,0.0,0.90948486328125,0.0,1.0,0.0,0.0,0.9141693115234375,0.0,1.0
97,0.6931471824645996,0.003011892084032297,0.0015082175377756357,0.9132646322250366,0.001527758315205574,0.9987847208976746,0.6931471824645996,0.0,0.0,0.90948486328125,0.0,1.0,0.0,0.0,0.9141693115234375,0.0,1.0
98,0.6931471824645996,0.0029818990733474493,0.0014931759797036648,0.9132745265960693,0.0015123264165595174,0.9987969398498535,0.6931471824645996,0.0,0.0,0.90948486328125,0.0,1.0,0.0,0.0,0.9141693115234375,0.0,1.0
99,0.6931471824645996,0.0029524974524974823,0.0014784313971176744,0.9132842421531677,0.001497203134931624,0.9988089799880981,0.6931471824645996,0.0,0.0,0.90948486328125,0.0,1.0,0.0,0.0,0.9141693115234375,0.0,1.0
100,0.6931471824645996,0.0029236699920147657,0.0014639751752838492,0.913293719291687,0.0014823792735114694,0.9988209009170532,0.6931471824645996,0.0,0.0,0.90948486328125,0.0,1.0,0.0,0.0,0.9141693115234375,0.0,1.0
101,0.6931471824645996,0.0028953999280929565,0.001449798932299018,0.913303017616272,0.0014678462175652385,0.9988324046134949,0.6931471824645996,0.0,0.0,0.90948486328125,0.0,1.0,0.0,0.0,0.9141693115234375,0.0,1.0
102,0.6931471824645996,0.0028676714282482862,0.0014358946355059743,0.9133121371269226,0.0014535952359437943,0.998843789100647,0.6931471824645996,0.0,0.0,0.90948486328125,0.0,1.0,0.0,0.0,0.9141693115234375,0.0,1.0
103,0.6931471824645996,0.00284046889282763,0.001422254485078156,0.9133211374282837,0.0014396184124052525,0.9988548159599304,0.6931471824645996,0.0,0.0,0.90948486328125,0.0,1.0,0.0,0.0,0.9141693115234375,0.0,1.0
104,0.6931471824645996,0.0028137776535004377,0.001408871030434966,0.9133299589157104,0.001425907714292407,0.9988657236099243,0.6931471824645996,0.0,0.0,0.90948486328125,0.0,1.0,0.0,0.0,0.9141693115234375,0.0,1.0
105,0.6931471824645996,0.002787583274766803,0.0013957371702417731,0.9133385419845581,0.0014124558074399829,0.9988763928413391,0.6931471824645996,0.0,0.0,0.90948486328125,0.0,1.0,0.0,0.0,0.9141693115234375,0.0,1.0
106,0.6931471824645996,0.0027618722524493933,0.0013828458031639457,0.913347065448761,0.001399255241267383,0.9988869428634644,0.6931471824645996,0.0,0.0,0.90948486328125,0.0,1.0,0.0,0.0,0.9141693115234375,0.0,1.0
107,0.6931471824645996,0.0027366310823708773,0.0013701905263587832,0.9133553504943848,0.0013862991472706199,0.9988973140716553,0.6931471824645996,0.0,0.0,0.90948486328125,0.0,1.0,0.0,0.0,0.9141693115234375,0.0,1.0
108,0.6931471824645996,0.002711846958845854,0.0013577647041529417,0.913363516330719,0.0013735807733610272,0.9989073872566223,0.6931471824645996,0.0,0.0,0.90948486328125,0.0,1.0,0.0,0.0,0.9141693115234375,0.0,1.0
109,0.6931471824645996,0.0026875080075114965,0.001345562282949686,0.9133715629577637,0.0013610937166959047,0.9989173412322998,0.6931471824645996,0.0,0.0,0.90948486328125,0.0,1.0,0.0,0.0,0.9141693115234375,0.0,1.0
110,0.6931471824645996,0.002663601888343692,0.0013335770927369595,0.9133793711662292,0.0013488315744325519,0.9989269971847534,0.6931471824645996,0.0,0.0,0.90948486328125,0.0,1.0,0.0,0.0,0.9141693115234375,0.0,1.0
111,0.6931471824645996,0.0026401174254715443,0.001321803661994636,0.91338711977005,0.0013367885258048773,0.9989365935325623,0.6931471824645996,0.0,0.0,0.90948486328125,0.0,1.0,0.0,0.0,0.9141693115234375,0.0,1.0
112,0.6931471824645996,0.0026170434430241585,0.0013102362863719463,0.9133946895599365,0.001324958517216146,0.9989460110664368,0.6931471824645996,0.0,0.0,0.90948486328125,0.0,1.0,0.0,0.0,0.9141693115234375,0.0,1.0
113,0.6931471824645996,0.0025943692307919264,0.0012988696107640862,0.9134021401405334,0.0013133360771462321,0.998955249786377,0.6931471824645996,0.0,0.0,0.90948486328125,0.0,1.0,0.0,0.0,0.9141693115234375,0.0,1.0
114,0.6931471824645996,0.002572084544226527,0.0012876983964815736,0.9134094715118408,0.0013019157340750098,0.9989643692970276,0.6931471824645996,0.0,0.0,0.90948486328125,0.0,1.0,0.0,0.0,0.9141693115234375,0.0,1.0
115,0.6931471824645996,0.002550179371610284,0.0012767177540808916,0.9134166836738586,0.0012906923657283187,0.9989732503890991,0.6931471824645996,0.0,0.0,0.90948486328125,0.0,1.0,0.0,0.0,0.9141693115234375,0.0,1.0
116,0.6931471824645996,0.0025286441668868065,0.0012659227941185236,0.9134237766265869,0.0012796607334166765,0.9989821314811707,0.6931471824645996,0.0,0.0,0.90948486328125,0.0,1.0,0.0,0.0,0.9141693115234375,0.0,1.0
117,0.6931471824645996,0.0025074698496609926,0.0012553088599815965,0.9134306907653809,0.0012688161805272102,0.9989907741546631,0.6931471824645996,0.0,0.0,0.90948486328125,0.0,1.0,0.0,0.0,0.9141693115234375,0.0,1.0
118,0.6931471824645996,0.0024866468738764524,0.001244871411472559,0.91343754529953,0.001258153817616403,0.9989992380142212,0.6931471824645996,0.0,0.0,0.90948486328125,0.0,1.0,0.0,0.0,0.9141693115234375,0.0,1.0
119,0.6931471824645996,0.002466167090460658,0.0012346060248091817,0.9134442806243896,0.0012476692209020257,0.999007523059845,0.6931471824645996,0.0,0.0,0.90948486328125,0.0,1.0,0.0,0.0,0.9141693115234375,0.0,1.0
120,0.6931471824645996,0.0024460218846797943,0.0012245086254552007,0.9134508967399597,0.0012373579666018486,0.9990156888961792,0.6931471824645996,0.0,0.0,0.90948486328125,0.0,1.0,0.0,0.0,0.9141693115234375,0.0,1.0
121,0.6931471824645996,0.0024262031074613333,0.001214575138874352,0.9134573936462402,0.0012272156309336424,0.9990237951278687,0.6931471824645996,0.0,0.0,0.90948486328125,0.0,1.0,0.0,0.0,0.9141693115234375,0.0,1.0
122,0.6931471824645996,0.0024067028425633907,0.0012048013741150498,0.913463830947876,0.001217238255776465,0.9990317225456238,0.6931471824645996,0.0,0.0,0.90948486328125,0.0,1.0,0.0,0.0,0.9141693115234375,0.0,1.0
123,0.6931471824645996,0.0023875136394053698,0.0011951837223023176,0.9134700894355774,0.0012074218830093741,0.9990395903587341,0.6931471824645996,0.0,0.0,0.90948486328125,0.0,1.0,0.0,0.0,0.9141693115234375,0.0,1.0
124,0.6931471824645996,0.0023686280474066734,0.001185718341730535,0.9134763479232788,0.001197762438096106,0.9990472793579102,0.6931471824645996,0.0,0.0,0.90948486328125,0.0,1.0,0.0,0.0,0.9141693115234375,0.0,1.0
125,0.6931471824645996,0.0023500388488173485,0.001176401856355369,0.9134824275970459,0.0011882564285770059,0.9990548491477966,0.6931471824645996,0.0,0.0,0.90948486328125,0.0,1.0,0.0,0.0,0.9141693115234375,0.0,1.0
126,0.6931471824645996,0.0023317390587180853,0.0011672305408865213,0.9134883880615234,0.0011789001291617751,0.999062180519104,0.6931471824645996,0.0,0.0,0.90948486328125,0.0,1.0,0.0,0.0,0.9141693115234375,0.0,1.0
127,0.6931471824645996,0.0023137221578508615,0.0011582011356949806,0.9134942889213562,0.0011696899309754372,0.9990695118904114,0.6931471824645996,0.0,0.0,0.90948486328125,0.0,1.0,0.0,0.0,0.9141693115234375,0.0,1.0
128,0.6931471824645996,0.002295981626957655,0.001149310264736414,0.9135001301765442,0.0011606225743889809,0.9990767240524292,0.6931471824645996,0.0,0.0,0.90948486328125,0.0,1.0,0.0,0.0,0.9141693115234375,0.0,1.0
129,0.6931471824645996,0.002278510946780443,0.0011405549012124538,0.9135058522224426,0.0011516946833580732,0.9990838170051575,0.6931471824645996,0.0,0.0,0.90948486328125,0.0,1.0,0.0,0.0,0.9141693115234375,0.0,1.0
130,0.6931471824645996,0.0022613040637224913,0.0011319320183247328,0.9135115146636963,0.001142903114669025,0.999090850353241,0.6931471824645996,0.0,0.0,0.90948486328125,0.0,1.0,0.0,0.0,0.9141693115234375,0.0,1.0
131,0.6931471824645996,0.0022443553898483515,0.0011234384728595614,0.9135170578956604,0.0011342447251081467,0.9990977048873901,0.6931471824645996,0.0,0.0,0.90948486328125,0.0,1.0,0.0,0.0,0.9141693115234375,0.0,1.0
132,0.6931471824645996,0.002227658638730645,0.001115071470849216,0.9135225415229797,0.0011257166042923927,0.9991045594215393,0.6931471824645996,0.0,0.0,0.90948486328125,0.0,1.0,0.0,0.0,0.9141693115234375,0.0,1.0
133,0.6931471824645996,0.002211208688095212,0.0011068281019106507,0.9135278463363647,0.0011173157254233956,0.9991112351417542,0.6931471824645996,0.0,0.0,0.90948486328125,0.0,1.0,0.0,0.0,0.9141693115234375,0.0,1.0
134,0.6931471824645996,0.0021949997171759605,0.0010987058049067855,0.9135332107543945,0.0011090392945334315,0.9991178512573242,0.6931471824645996,0.0,0.0,0.90948486328125,0.0,1.0,0.0,0.0,0.9141693115234375,0.0,1.0
135,0.6931471824645996,0.0021790266036987305,0.0010907017858698964,0.9135384559631348,0.0011008846340700984,0.99912428855896,0.6931471824645996,0.0,0.0,0.90948486328125,0.0,1.0,0.0,0.0,0.9141693115234375,0.0,1.0
136,0.6931471824645996,0.002163284458220005,0.0010828136000782251,0.9135435819625854,0.0010928489500656724,0.9991306662559509,0.6931471824645996,0.0,0.0,0.90948486328125,0.0,1.0,0.0,0.0,0.9141693115234375,0.0,1.0
137,0.6931471824645996,0.002147768158465624,0.0010750385699793696,0.9135486483573914,0.0010849297977983952,0.9991369843482971,0.6931471824645996,0.0,0.0,0.90948486328125,0.0,1.0,0.0,0.0,0.9141693115234375,0.0,1.0
138,0.6931471824645996,0.00213247281499207,0.0010673744836822152,0.9135537147521973,0.0010771244997158647,0.9991431832313538,0.6931471824645996,0.0,0.0,0.90948486328125,0.0,1.0,0.0,0.0,0.9141693115234375,0.0,1.0
139,0.6931471824645996,0.002117393771186471,0.0010598190128803253,0.9135586619377136,0.0010694308439269662,0.9991493225097656,0.6931471824645996,0.0,0.0,0.90948486328125,0.0,1.0,0.0,0.0,0.9141693115234375,0.0,1.0
140,0.6931471824645996,0.002102526370435953,0.0010523695964366198,0.9135634899139404,0.0010618461528792977,0.9991553425788879,0.6931471824645996,0.0,0.0,0.90948486328125,0.0,1.0,0.0,0.0,0.9141693115234375,0.0,1.0
141,0.6931471824645996,0.002087866421788931,0.0010450242552906275,0.9135683178901672,0.0010543683310970664,0.9991612434387207,0.6931471824645996,0.0,0.0,0.90948486328125,0.0,1.0,0.0,0.0,0.9141693115234375,0.0,1.0
142,0.6931471824645996,0.002073409501463175,0.001037780661135912,0.9135730266571045,0.0010469951666891575,0.9991671442985535,0.6931471824645996,0.0,0.0,0.90948486328125,0.0,1.0,0.0,0.0,0.9141693115234375,0.0,1.0
143,0.6931471824645996,0.002059151418507099,0.001030636834912002,0.9135777354240417,0.0010397243313491344,0.9991729259490967,0.6931471824645996,0.0,0.0,0.90948486328125,0.0,1.0,0.0,0.0,0.9141693115234375,0.0,1.0
144,0.6931471824645996,0.002045087981969118,0.001023590681143105,0.9135823249816895,0.0010325538460165262,0.9991786479949951,0.6931471824645996,0.0,0.0,0.90948486328125,0.0,1.0,0.0,0.0,0.9141693115234375,0.0,1.0
145,0.6931471824645996,0.0020312154665589333,0.0010166402207687497,0.9135867357254028,0.00102548161521554,0.999184250831604,0.6931471824645996,0.0,0.0,0.90948486328125,0.0,1.0,0.0,0.0,0.9141693115234375,0.0,1.0
146,0.6931471824645996,0.002017529681324959,0.001009783591143787,0.9135912656784058,0.0010185055434703827,0.9991897940635681,0.6931471824645996,0.0,0.0,0.90948486328125,0.0,1.0,0.0,0.0,0.9141693115234375,0.0,1.0
147,0.6931471824645996,0.0020040273666381836,0.0010030186967924237,0.9135956764221191,0.0010116237681359053,0.9991952776908875,0.6931471824645996,0.0,0.0,0.90948486328125,0.0,1.0,0.0,0.0,0.9141693115234375,0.0,1.0
148,0.6931471824645996,0.001990704331547022,0.0009963439079001546,0.9136000275611877,0.0010048343101516366,0.9992006421089172,0.6931471824645996,0.0,0.0,0.90948486328125,0.0,1.0,0.0,0.0,0.9141693115234375,0.0,1.0
149,0.6931471824645996,0.0019775573164224625,0.0009897573618218303,0.9136043190956116,0.0009981354232877493,0.999206006526947,0.6931471824645996,0.0,0.0,0.90948486328125,0.0,1.0,0.0,0.0,0.9141693115234375,0.0,1.0
150,0.6931471824645996,0.0019645828288048506,0.0009832574287429452,0.9136085510253906,0.000991525244899094,0.9992112517356873,0.6931471824645996,0.0,0.0,0.90948486328125,0.0,1.0,0.0,0.0,0.9141693115234375,0.0,1.0
151,0.6931471824645996,0.001951777609065175,0.0009768421296030283,0.9136127829551697,0.0009850020287558436,0.9992165565490723,0.6931471824645996,0.0,0.0,0.90948486328125,0.0,1.0,0.0,0.0,0.9141693115234375,0.0,1.0
152,0.6931471824645996,0.001939138164743781,0.0009705101256258786,0.9136168956756592,0.0009785641450434923,0.999221682548523,0.6931471824645996,0.0,0.0,0.90948486328125,0.0,1.0,0.0,0.0,0.9141693115234375,0.0,1.0
153,0.6931471824645996,0.0019266613526269794,0.0009642596705816686,0.9136210083961487,0.0009722097893245518,0.9992267489433289,0.6931471824645996,0.0,0.0,0.90948486328125,0.0,1.0,0.0,0.0,0.9141693115234375,0.0,1.0
154,0.6931471824645996,0.0019143440295010805,0.0009580891928635538,0.9136250019073486,0.0009659375064074993,0.9992316365242004,0.6931471824645996,0.0,0.0,0.90948486328125,0.0,1.0,0.0,0.0,0.9141693115234375,0.0,1.0
155,0.6931471824645996,0.001902183284983039,0.0009519971790723503,0.9136289954185486,0.0009597455500625074,0.999236524105072,0.6931471824645996,0.0,0.0,0.90948486328125,0.0,1.0,0.0,0.0,0.9141693115234375,0.0,1.0
156,0.6931471824645996,0.001890176092274487,0.0009459821158088744,0.9136329293251038,0.0009536325233057141,0.9992414116859436,0.6931471824645996,0.0,0.0,0.90948486328125,0.0,1.0,0.0,0.0,0.9141693115234375,0.0,1.0
157,0.6931471824645996,0.0018783194245770574,0.0009400426060892642,0.9136368036270142,0.0009475969127379358,0.9992461800575256,0.6931471824645996,0.0,0.0,0.90948486328125,0.0,1.0,0.0,0.0,0.9141693115234375,0.0,1.0
158,0.6931471824645996,0.001866610604338348,0.0009341772529296577,0.9136406183242798,0.0009416371467523277,0.9992509484291077,0.6931471824645996,0.0,0.0,0.90948486328125,0.0,1.0,0.0,0.0,0.9141693115234375,0.0,1.0
159,0.6931471824645996,0.0018550468375906348,0.0009283846011385322,0.9136444330215454,0.0009357519447803497,0.9992555975914001,0.6931471824645996,0.0,0.0,0.90948486328125,0.0,1.0,0.0,0.0,0.9141693115234375,0.0,1.0
160,0.6931471824645996,0.001843625563196838,0.0009226633701473475,0.9136481285095215,0.0009299397934228182,0.9992602467536926,0.6931471824645996,0.0,0.0,0.90948486328125,0.0,1.0,0.0,0.0,0.9141693115234375,0.0,1.0
161,0.6931471824645996,0.0018323439871892333,0.0009170122211799026,0.9136518239974976,0.0009241994703188539,0.9992648363113403,0.6931471824645996,0.0,0.0,0.90948486328125,0.0,1.0,0.0,0.0,0.9141693115234375,0.0,1.0
162,0.6931471824645996,0.0018211996648460627,0.0009114298154599965,0.9136554002761841,0.0009185295202769339,0.9992693066596985,0.6931471824645996,0.0,0.0,0.90948486328125,0.0,1.0,0.0,0.0,0.9141693115234375,0.0,1.0
163,0.6931471824645996,0.0018101900350302458,0.0009059150470420718,0.9136589765548706,0.0009129287209361792,0.9992737770080566,0.6931471824645996,0.0,0.0,0.90948486328125,0.0,1.0,0.0,0.0,0.9141693115234375,0.0,1.0
164,0.6931471824645996,0.0017993127694353461,0.0009004665771499276,0.9136625528335571,0.0009073957917280495,0.99927818775177,0.6931471824645996,0.0,0.0,0.90948486328125,0.0,1.0,0.0,0.0,0.9141693115234375,0.0,1.0
165,0.6931471824645996,0.0017885654233396053,0.0008950832416303456,0.9136660695075989,0.0009019295684993267,0.9992825388908386,0.6931471824645996,0.0,0.0,0.90948486328125,0.0,1.0,0.0,0.0,0.9141693115234375,0.0,1.0
166,0.6931471824645996,0.0017779457848519087,0.0008897639345377684,0.9136695265769958,0.0008965288288891315,0.9992868304252625,0.6931471824645996,0.0,0.0,0.90948486328125,0.0,1.0,0.0,0.0,0.9141693115234375,0.0,1.0
167,0.6931471824645996,0.0017674514092504978,0.0008845074335113168,0.913672924041748,0.0008911923505365849,0.9992910623550415,0.6931471824645996,0.0,0.0,0.90948486328125,0.0,1.0,0.0,0.0,0.9141693115234375,0.0,1.0
168,0.6931471824645996,0.0017570802010595798,0.0008793126908130944,0.9136763215065002,0.0008859189692884684,0.9992953538894653,0.6931471824645996,0.0,0.0,0.90948486328125,0.0,1.0,0.0,0.0,0.9141693115234375,0.0,1.0
169,0.6931471824645996,0.001746830064803362,0.0008741786004975438,0.9136796593666077,0.0008807076956145465,0.9992995262145996,0.6931471824645996,0.0,0.0,0.90948486328125,0.0,1.0,0.0,0.0,0.9141693115234375,0.0,1.0
170,0.6931471824645996,0.0017366987885907292,0.0008691041148267686,0.9136829972267151,0.0008755573653616011,0.9993035793304443,0.6931471824645996,0.0,0.0,0.90948486328125,0.0,1.0,0.0,0.0,0.9141693115234375,0.0,1.0
171,0.6931471824645996,0.001726684276945889,0.0008640882442705333,0.9136862754821777,0.0008704669307917356,0.9993075728416443,0.6931471824645996,0.0,0.0,0.90948486328125,0.0,1.0,0.0,0.0,0.9141693115234375,0.0,1.0
172,0.6931471824645996,0.001716784667223692,0.0008591298828832805,0.9136894941329956,0.0008654353441670537,0.9993115663528442,0.6931471824645996,0.0,0.0,0.90948486328125,0.0,1.0,0.0,0.0,0.9141693115234375,0.0,1.0
173,0.6931471824645996,0.001706997980363667,0.0008542280993424356,0.9136927127838135,0.0008604615577496588,0.9993155002593994,0.6931471824645996,0.0,0.0,0.90948486328125,0.0,1.0,0.0,0.0,0.9141693115234375,0.0,1.0
174,0.6931471824645996,0.0016973222373053432,0.000849381962325424,0.9136958718299866,0.0008555446402169764,0.9993194341659546,0.6931471824645996,0.0,0.0,0.90948486328125,0.0,1.0,0.0,0.0,0.9141693115234375,0.0,1.0
175,0.6931471824645996,0.0016877554589882493,0.000844590540509671,0.9136989712715149,0.0008506836020387709,0.999323308467865,0.6931471824645996,0.0,0.0,0.90948486328125,0.0,1.0,0.0,0.0,0.9141693115234375,0.0,1.0
176,0.6931471824645996,0.0016782960155978799,0.0008398527861572802,0.9137020707130432,0.0008458774536848068,0.9993271231651306,0.6931471824645996,0.0,0.0,0.90948486328125,0.0,1.0,0.0,0.0,0.9141693115234375,0.0,1.0
177,0.6931471824645996,0.0016689419280737638,0.0008351679425686598,0.913705050945282,0.0008411253220401704,0.9993308782577515,0.6931471824645996,0.0,0.0,0.90948486328125,0.0,1.0,0.0,0.0,0.9141693115234375,0.0,1.0
178,0.6931471824645996,0.0016596915666013956,0.0008305350784212351,0.9137080311775208,0.000836426333989948,0.9993346333503723,0.6931471824645996,0.0,0.0,0.90948486328125,0.0,1.0,0.0,0.0,0.9141693115234375,0.0,1.0
179,0.6931471824645996,0.0016505431849509478,0.0008259533206000924,0.9137110114097595,0.0008317795000039041,0.9993383288383484,0.6931471824645996,0.0,0.0,0.90948486328125,0.0,1.0,0.0,0.0,0.9141693115234375,0.0,1.0
180,0.6931471824645996,0.0016414951533079147,0.0008214217959903181,0.9137139916419983,0.0008271840051747859,0.9993419647216797,0.6931471824645996,0.0,0.0,0.90948486328125,0.0,1.0,0.0,0.0,0.9141693115234375,0.0,1.0
181,0.6931471824645996,0.0016325457254424691,0.0008169397478923202,0.9137169122695923,0.0008226390928030014,0.999345600605011,0.6931471824645996,0.0,0.0,0.90948486328125,0.0,1.0,0.0,0.0,0.9141693115234375,0.0,1.0
182,0.6931471824645996,0.0016236933879554272,0.0008125063613988459,0.9137197732925415,0.0008181437733583152,0.9993491768836975,0.6931471824645996,0.0,0.0,0.90948486328125,0.0,1.0,0.0,0.0,0.9141693115234375,0.0,1.0
183,0.6931471824645996,0.0016149365110322833,0.0008081208216026425,0.9137226343154907,0.0008136973483487964,0.9993528127670288,0.6931471824645996,0.0,0.0,0.90948486328125,0.0,1.0,0.0,0.0,0.9141693115234375,0.0,1.0
184,0.6931471824645996,0.0016062735812738538,0.0008037824300117791,0.9137254953384399,0.0008092989446595311,0.9993563294410706,0.6931471824645996,0.0,0.0,0.90948486328125,0.0,1.0,0.0,0.0,0.9141693115234375,0.0,1.0
185,0.6931471824645996,0.0015977030852809548,0.0007994902553036809,0.9137282967567444,0.0008049479220062494,0.9993597865104675,0.6931471824645996,0.0,0.0,0.90948486328125,0.0,1.0,0.0,0.0,0.9141693115234375,0.0,1.0
186,0.6931471824645996,0.0015892236260697246,0.0007952437736093998,0.913731038570404,0.0008006433490663767,0.999363124370575,0.6931471824645996,0.0,0.0,0.90948486328125,0.0,1.0,0.0,0.0,0.9141693115234375,0.0,1.0
187,0.6931471824645996,0.001580833806656301,0.000791042170021683,0.9137337803840637,0.0007963846437633038,0.9993664622306824,0.6931471824645996,0.0,0.0,0.90948486328125,0.0,1.0,0.0,0.0,0.9141693115234375,0.0,1.0
188,0.6931471824645996,0.001572531764395535,0.0007868845714256167,0.9137365221977234,0.0007921709911897779,0.9993698596954346,0.6931471824645996,0.0,0.0,0.90948486328125,0.0,1.0,0.0,0.0,0.9141693115234375,0.0,1.0
189,0.6931471824645996,0.0015643165679648519,0.0007827706285752356,0.9137391448020935,0.0007880016346462071,0.9993731379508972,0.6931471824645996,0.0,0.0,0.90948486328125,0.0,1.0,0.0,0.0,0.9141693115234375,0.0,1.0
190,0.6931471824645996,0.0015561869367957115,0.000778699410147965,0.9137418270111084,0.0007838759338483214,0.9993764162063599,0.6931471824645996,0.0,0.0,0.90948486328125,0.0,1.0,0.0,0.0,0.9141693115234375,0.0,1.0
191,0.6931471824645996,0.0015481413574889302,0.0007746703922748566,0.9137444496154785,0.0007797933067195117,0.9993796944618225,0.6931471824645996,0.0,0.0,0.90948486328125,0.0,1.0,0.0,0.0,0.9141693115234375,0.0,1.0
192,0.6931471824645996,0.001540178433060646,0.0007706826436333358,0.9137470722198486,0.0007757529383525252,0.9993829131126404,0.6931471824645996,0.0,0.0,0.90948486328125,0.0,1.0,0.0,0.0,0.9141693115234375,0.0,1.0
193,0.6931471824645996,0.0015322969993576407,0.0007667359313927591,0.913749635219574,0.0007717541884630919,0.9993860721588135,0.6931471824645996,0.0,0.0,0.90948486328125,0.0,1.0,0.0,0.0,0.9141693115234375,0.0,1.0
194,0.6931471824645996,0.001524495892226696,0.0007628294406458735,0.9137520790100098,0.0007677964167669415,0.9993892312049866,0.6931471824645996,0.0,0.0,0.90948486328125,0.0,1.0,0.0,0.0,0.9141693115234375,0.0,1.0
195,0.6931471824645996,0.0015167738310992718,0.0007589625311084092,0.9137545824050903,0.000763879157602787,0.9993923306465149,0.6931471824645996,0.0,0.0,0.90948486328125,0.0,1.0,0.0,0.0,0.9141693115234375,0.0,1.0
196,0.6931471824645996,0.001509129535406828,0.000755134504288435,0.9137570858001709,0.0007600015960633755,0.9993954300880432,0.6931471824645996,0.0,0.0,0.90948486328125,0.0,1.0,0.0,0.0,0.9141693115234375,0.0,1.0
197,0.6931471824645996,0.0015015618409961462,0.0007513450109399855,0.9137595295906067,0.0007561632082797587,0.9993984699249268,0.6931471824645996,0.0,0.0,0.90948486328125,0.0,1.0,0.0,0.0,0.9141693115234375,0.0,1.0
198,0.6931471824645996,0.001494069816544652,0.0007475934107787907,0.9137619733810425,0.0007523633539676666,0.9994015097618103,0.6931471824645996,0.0,0.0,0.90948486328125,0.0,1.0,0.0,0.0,0.9141693115234375,0.0,1.0
199,0.6931471824645996,0.0014866521814838052,0.0007438790635205805,0.9137644171714783,0.000748601567465812,0.9994044899940491,0.6931471824645996,0.0,0.0,0.90948486328125,0.0,1.0,0.0,0.0,0.9141693115234375,0.0,1.0
