,train_loss,train_dice,train_iou,train_acc,train_sens,train_spec,val_loss,val_dice,val_iou,val_acc,val_sens,val_spec,test_dice,test_iou,test_acc,test_sens,test_spec
0,0.27004847932816795,0.17177195847034454,0.09395569562911987,0.6951885223388672,0.36859020590782166,0.725823163986206,0.27004847932816795,0.0,0.0,0.90948486328125,0.0,1.0,0.0,0.0,0.9141693115234375,0.0,1.0
1,0.23099272455054673,0.1393108367919922,0.07487072795629501,0.8047165870666504,0.18429510295391083,0.862911581993103,0.23099272455054673,0.0,0.0,0.90948486328125,0.0,1.0,0.0,0.0,0.9141693115234375,0.0,1.0
2,0.18824873864945954,0.11716856807470322,0.062230098992586136,0.8412259221076965,0.12286340445280075,0.9086077213287354,0.18824873864945954,0.0,0.0,0.90948486328125,0.0,1.0,0.0,0.0,0.9141693115234375,0.0,1.0
3,0.14837434837686678,0.1010996401309967,0.05324123427271843,0.859480619430542,0.09214755147695541,0.9314557909965515,0.14837434837686678,0.0,0.0,0.90948486328125,0.0,1.0,0.0,0.0,0.9141693115234375,0.0,1.0
4,0.1387369490207045,0.0889066532254219,0.046521421521902084,0.8704334497451782,0.07371804118156433,0.9451646208763123,0.1387369490207045,0.0,0.0,0.90948486328125,0.0,1.0,0.0,0.0,0.9141693115234375,0.0,1.0
5,0.13863061325152445,0.0793381780385971,0.041307780891656876,0.8777353167533875,0.061431702226400375,0.9543038606643677,0.13863061325152445,0.0,0.0,0.90948486328125,0.0,1.0,0.0,0.0,0.9141693115234375,0.0,1.0
6,0.13862949853276543,0.07162917405366898,0.03714495897293091,0.8829509019851685,0.052655745297670364,0.960831880569458,0.13862949853276543,0.0,0.0,0.90948486328125,0.0,1.0,0.0,0.0,0.9141693115234375,0.0,1.0
7,0.1386294390656957,0.06528560817241669,0.03374434635043144,0.8868626356124878,0.04607377573847771,0.9657278656959534,0.1386294390656957,0.0,0.0,0.90948486328125,0.0,1.0,0.0,0.0,0.9141693115234375,0.0,1.0
8,0.13862943615333373,0.05997421592473984,0.03091416135430336,0.8899050951004028,0.04095446690917015,0.9695358872413635,0.13862943615333373,0.0,0.0,0.90948486328125,0.0,1.0,0.0,0.0,0.9141693115234375,0.0,1.0
9,0.13862943611198905,0.055462032556533813,0.028521984815597534,0.8923390507698059,0.036859020590782166,0.9725823402404785,0.13862943611198905,0.0,0.0,0.90948486328125,0.0,1.0,0.0,0.0,0.9141693115234375,0.0,1.0
10,0.13862943611198905,0.05158129706978798,0.026473434641957283,0.8943304419517517,0.03350820019841194,0.975074827671051,0.13862943611198905,0.0,0.0,0.90948486328125,0.0,1.0,0.0,0.0,0.9141693115234375,0.0,1.0
11,0.13862943611198905,0.048208121210336685,0.024699436500668526,0.8959899544715881,0.030715851113200188,0.9771519303321838,0.13862943611198905,0.0,0.0,0.90948486328125,0.0,1.0,0.0,0.0,0.9141693115234375,0.0,1.0
12,0.13862943611198905,0.04524904862046242,0.02314825728535652,0.8973941802978516,0.028353093191981316,0.9789094924926758,0.13862943611198905,0.0,0.0,0.90948486328125,0.0,1.0,0.0,0.0,0.9141693115234375,0.0,1.0
13,0.13862943611198905,0.04263222962617874,0.021780401468276978,0.898597776889801,0.026327872648835182,0.980415940284729,0.13862943611198905,0.0,0.0,0.90948486328125,0.0,1.0,0.0,0.0,0.9141693115234375,0.0,1.0
14,0.13862943611198905,0.04030153155326843,0.020565181970596313,0.8996409177780151,0.02457267977297306,0.9817215204238892,0.13862943611198905,0.0,0.0,0.90948486328125,0.0,1.0,0.0,0.0,0.9141693115234375,0.0,1.0
15,0.13862943611198905,0.03821246325969696,0.01947840116918087,0.9005536437034607,0.023036887869238853,0.9828639626502991,0.13862943611198905,0.0,0.0,0.90948486328125,0.0,1.0,0.0,0.0,0.9141693115234375,0.0,1.0
16,0.13862943611198905,0.036329299211502075,0.018500719219446182,0.9013590216636658,0.021681776270270348,0.9838719367980957,0.13862943611198905,0.0,0.0,0.90948486328125,0.0,1.0,0.0,0.0,0.9141693115234375,0.0,1.0
17,0.13862943611198905,0.034623026847839355,0.01761648990213871,0.9020748138427734,0.020477233454585075,0.9847679138183594,0.13862943611198905,0.0,0.0,0.90948486328125,0.0,1.0,0.0,0.0,0.9141693115234375,0.0,1.0
18,0.13862943611198905,0.03306984156370163,0.01681292988359928,0.9027153849601746,0.019399484619498253,0.9855697154998779,0.13862943611198905,0.0,0.0,0.90948486328125,0.0,1.0,0.0,0.0,0.9141693115234375,0.0,1.0
19,0.13862943611198905,0.03165002539753914,0.016079477965831757,0.9032918810844421,0.018429510295391083,0.986291229724884,0.13862943611198905,0.0,0.0,0.90948486328125,0.0,1.0,0.0,0.0,0.9141693115234375,0.0,1.0
20,0.13862943611198905,0.030347105115652084,0.01540734339505434,0.9038134217262268,0.017551913857460022,0.9869439005851746,0.13862943611198905,0.0,0.0,0.90948486328125,0.0,1.0,0.0,0.0,0.9141693115234375,0.0,1.0
21,0.13862943611198905,0.02914721705019474,0.01478914637118578,0.9042875170707703,0.01675410009920597,0.9875373840332031,0.13862943611198905,0.0,0.0,0.90948486328125,0.0,1.0,0.0,0.0,0.9141693115234375,0.0,1.0
22,0.13862943611198905,0.02803860418498516,0.014218644239008427,0.9047204852104187,0.016025660559535027,0.988079309463501,0.13862943611198905,0.0,0.0,0.90948486328125,0.0,1.0,0.0,0.0,0.9141693115234375,0.0,1.0
23,0.13862943611198905,0.027011234313249588,0.013690521940588951,0.9051173329353333,0.015357925556600094,0.9885759949684143,0.13862943611198905,0.0,0.0,0.90948486328125,0.0,1.0,0.0,0.0,0.9141693115234375,0.0,1.0
24,0.13862943611198905,0.02605649083852768,0.013200226239860058,0.9054824113845825,0.014743608422577381,0.9890328645706177,0.13862943611198905,0.0,0.0,0.90948486328125,0.0,1.0,0.0,0.0,0.9141693115234375,0.0,1.0
25,0.13862943611198905,0.025166936218738556,0.012743834406137466,0.9058193564414978,0.014176546595990658,0.9894546866416931,0.13862943611198905,0.0,0.0,0.90948486328125,0.0,1.0,0.0,0.0,0.9141693115234375,0.0,1.0
26,0.13862943611198905,0.024336114525794983,0.01231794711202383,0.9061314463615417,0.013651489280164242,0.989845335483551,0.13862943611198905,0.0,0.0,0.90948486328125,0.0,1.0,0.0,0.0,0.9141693115234375,0.0,1.0
27,0.13862943611198905,0.023558394983410835,0.011919605545699596,0.9064212441444397,0.013163936324417591,0.9902080297470093,0.13862943611198905,0.0,0.0,0.90948486328125,0.0,1.0,0.0,0.0,0.9141693115234375,0.0,1.0
28,0.13862943611198905,0.0228288434445858,0.011546219699084759,0.9066910147666931,0.012710006907582283,0.9905455708503723,0.13862943611198905,0.0,0.0,0.90948486328125,0.0,1.0,0.0,0.0,0.9141693115234375,0.0,1.0
29,0.13862943611198905,0.02214311994612217,0.011195516213774681,0.9069427251815796,0.01228633988648653,0.9908607602119446,0.13862943611198905,0.0,0.0,0.90948486328125,0.0,1.0,0.0,0.0,0.9141693115234375,0.0,1.0
30,0.13862943611198905,0.021497391164302826,0.010865489020943642,0.9071783423423767,0.011890006251633167,0.9911556243896484,0.13862943611198905,0.0,0.0,0.90948486328125,0.0,1.0,0.0,0.0,0.9141693115234375,0.0,1.0
31,0.13862943611198905,0.020888255909085274,0.010554362088441849,0.9073991775512695,0.011518443934619427,0.9914320111274719,0.13862943611198905,0.0,0.0,0.90948486328125,0.0,1.0,0.0,0.0,0.9141693115234375,0.0,1.0
32,0.13862943611198905,0.020312687382102013,0.010260556824505329,0.9076066017150879,0.011169400066137314,0.9916915893554688,0.13862943611198905,0.0,0.0,0.90948486328125,0.0,1.0,0.0,0.0,0.9141693115234375,0.0,1.0
33,0.13862943611198905,0.019767990335822105,0.009982666932046413,0.9078018069267273,0.010840888135135174,0.9919359683990479,0.13862943611198905,0.0,0.0,0.90948486328125,0.0,1.0,0.0,0.0,0.9141693115234375,0.0,1.0
34,0.13862943611198905,0.019251741468906403,0.009719431400299072,0.9079859256744385,0.010531148873269558,0.9921663999557495,0.13862943611198905,0.0,0.0,0.90948486328125,0.0,1.0,0.0,0.0,0.9141693115234375,0.0,1.0
35,0.13862943611198905,0.01876177079975605,0.009469722397625446,0.9081597924232483,0.010238616727292538,0.9923840165138245,0.13862943611198905,0.0,0.0,0.90948486328125,0.0,1.0,0.0,0.0,0.9141693115234375,0.0,1.0
36,0.13862943611198905,0.018296120688319206,0.009232522919774055,0.9083241820335388,0.009961897507309914,0.9925897121429443,0.13862943611198905,0.0,0.0,0.90948486328125,0.0,1.0,0.0,0.0,0.9141693115234375,0.0,1.0
37,0.13862943611198905,0.0178530253469944,0.009006915614008904,0.9084799885749817,0.009699742309749126,0.992784857749939,0.13862943611198905,0.0,0.0,0.90948486328125,0.0,1.0,0.0,0.0,0.9141693115234375,0.0,1.0
38,0.13862943611198905,0.017430884763598442,0.008792071603238583,0.9086278080940247,0.009451030753552914,0.9929698705673218,0.13862943611198905,0.0,0.0,0.90948486328125,0.0,1.0,0.0,0.0,0.9141693115234375,0.0,1.0
39,0.13862943611198905,0.017028246074914932,0.008587238378822803,0.9087682962417603,0.009214755147695541,0.9931455850601196,0.13862943611198905,0.0,0.0,0.90948486328125,0.0,1.0,0.0,0.0,0.9141693115234375,0.0,1.0
40,0.13862943611198905,0.016643788665533066,0.008391731418669224,0.9089018702507019,0.008990004658699036,0.9933127760887146,0.13862943611198905,0.0,0.0,0.90948486328125,0.0,1.0,0.0,0.0,0.9141693115234375,0.0,1.0
41,0.13862943611198905,0.01627630740404129,0.008204929530620575,0.9090290069580078,0.008775956928730011,0.9934719204902649,0.13862943611198905,0.0,0.0,0.90948486328125,0.0,1.0,0.0,0.0,0.9141693115234375,0.0,1.0
42,0.13862943611198905,0.01592470519244671,0.008026261813938618,0.9091503024101257,0.008571865037083626,0.9936237931251526,0.13862943611198905,0.0,0.0,0.90948486328125,0.0,1.0,0.0,0.0,0.9141693115234375,0.0,1.0
43,0.13862943611198905,0.015587970614433289,0.007855210453271866,0.9092661142349243,0.008377050049602985,0.9937687516212463,0.13862943611198905,0.0,0.0,0.90948486328125,0.0,1.0,0.0,0.0,0.9141693115234375,0.0,1.0
44,0.13862943611198905,0.01526518166065216,0.007691297214478254,0.9093766808509827,0.008190893568098545,0.99390709400177,0.13862943611198905,0.0,0.0,0.90948486328125,0.0,1.0,0.0,0.0,0.9141693115234375,0.0,1.0
45,0.13862943611198905,0.014955490827560425,0.0075340853072702885,0.9094825387001038,0.008012830279767513,0.9940396547317505,0.13862943611198905,0.0,0.0,0.90948486328125,0.0,1.0,0.0,0.0,0.9141693115234375,0.0,1.0
46,0.13862943611198905,0.014658115804195404,0.0073831710033118725,0.9095838665962219,0.007842345163226128,0.9941664934158325,0.13862943611198905,0.0,0.0,0.90948486328125,0.0,1.0,0.0,0.0,0.9141693115234375,0.0,1.0
47,0.13862943611198905,0.014372335746884346,0.007238184101879597,0.9096810221672058,0.007678962778300047,0.9942880272865295,0.13862943611198905,0.0,0.0,0.90948486328125,0.0,1.0,0.0,0.0,0.9141693115234375,0.0,1.0
48,0.13862943611198905,0.014097485691308975,0.007098781876266003,0.9097741842269897,0.0075222491286695,0.9944045543670654,0.13862943611198905,0.0,0.0,0.90948486328125,0.0,1.0,0.0,0.0,0.9141693115234375,0.0,1.0
49,0.13862943611198905,0.013832950964570045,0.006964647676795721,0.9098635315895081,0.007371804211288691,0.9945163726806641,0.13862943611198905,0.0,0.0,0.90948486328125,0.0,1.0,0.0,0.0,0.9141693115234375,0.0,1.0
50,0.13862943611198905,0.013578161597251892,0.006835488602519035,0.9099494218826294,0.0072272587567567825,0.9946240186691284,0.13862943611198905,0.0,0.0,0.90948486328125,0.0,1.0,0.0,0.0,0.9141693115234375,0.0,1.0
51,0.13862943611198905,0.013332587666809559,0.006711033172905445,0.9100320339202881,0.007088273297995329,0.994727373123169,0.13862943611198905,0.0,0.0,0.90948486328125,0.0,1.0,0.0,0.0,0.9141693115234375,0.0,1.0
52,0.13862943611198905,0.013095739297568798,0.006591028068214655,0.9101114869117737,0.006954532116651535,0.9948267936706543,0.13862943611198905,0.0,0.0,0.90948486328125,0.0,1.0,0.0,0.0,0.9141693115234375,0.0,1.0
53,0.13862943611198905,0.012867159210145473,0.006475239526480436,0.9101880192756653,0.006825744640082121,0.9949226975440979,0.13862943611198905,0.0,0.0,0.90948486328125,0.0,1.0,0.0,0.0,0.9141693115234375,0.0,1.0
54,0.13862943611198905,0.012646420858800411,0.006363449152559042,0.9102618098258972,0.006701640319079161,0.9950149655342102,0.13862943611198905,0.0,0.0,0.90948486328125,0.0,1.0,0.0,0.0,0.9141693115234375,0.0,1.0
55,0.13862943611198905,0.012433129362761974,0.006255453452467918,0.910332977771759,0.0065819681622087955,0.9951040148735046,0.13862943611198905,0.0,0.0,0.90948486328125,0.0,1.0,0.0,0.0,0.9141693115234375,0.0,1.0
56,0.13862943611198905,0.012226913124322891,0.006151061970740557,0.9104015827178955,0.006466494873166084,0.995189905166626,0.13862943611198905,0.0,0.0,0.90948486328125,0.0,1.0,0.0,0.0,0.9141693115234375,0.0,1.0
57,0.13862943611198905,0.012027425691485405,0.006050097290426493,0.910467803478241,0.0063550034537911415,0.9952727556228638,0.13862943611198905,0.0,0.0,0.90948486328125,0.0,1.0,0.0,0.0,0.9141693115234375,0.0,1.0
58,0.13862943611198905,0.01183434296399355,0.005952393636107445,0.9105318188667297,0.006247291807085276,0.9953529238700867,0.13862943611198905,0.0,0.0,0.90948486328125,0.0,1.0,0.0,0.0,0.9141693115234375,0.0,1.0
59,0.13862943611198905,0.011647361330688,0.0058577959425747395,0.9105937480926514,0.006143169943243265,0.9954304099082947,0.13862943611198905,0.0,0.0,0.90948486328125,0.0,1.0,0.0,0.0,0.9141693115234375,0.0,1.0
60,0.13862943611198905,0.011466196738183498,0.005766157526522875,0.9106535315513611,0.006042462307959795,0.9955052733421326,0.13862943611198905,0.0,0.0,0.90948486328125,0.0,1.0,0.0,0.0,0.9141693115234375,0.0,1.0
61,0.13862943611198905,0.01129058189690113,0.00567734194919467,0.9107114672660828,0.005945003125816584,0.9955778121948242,0.13862943611198905,0.0,0.0,0.90948486328125,0.0,1.0,0.0,0.0,0.9141693115234375,0.0,1.0
62,0.13862943611198905,0.01112026534974575,0.005591221619397402,0.9107675552368164,0.005850638262927532,0.9956480264663696,0.13862943611198905,0.0,0.0,0.90948486328125,0.0,1.0,0.0,0.0,0.9141693115234375,0.0,1.0
63,0.13862943611198905,0.010955010540783405,0.0055076745338737965,0.9108219146728516,0.005759221967309713,0.9957159757614136,0.13862943611198905,0.0,0.0,0.90948486328125,0.0,1.0,0.0,0.0,0.9141693115234375,0.0,1.0
64,0.13862943611198905,0.010794594883918762,0.005426587536931038,0.910874605178833,0.005670618731528521,0.9957818984985352,0.13862943611198905,0.0,0.0,0.90948486328125,0.0,1.0,0.0,0.0,0.9141693115234375,0.0,1.0
65,0.13862943611198905,0.010638809762895107,0.005347853526473045,0.9109256267547607,0.005584700033068657,0.9958457350730896,0.13862943611198905,0.0,0.0,0.90948486328125,0.0,1.0,0.0,0.0,0.9141693115234375,0.0,1.0
66,0.13862943611198905,0.010487457737326622,0.005271371454000473,0.9109751582145691,0.005501346196979284,0.9959078431129456,0.13862943611198905,0.0,0.0,0.90948486328125,0.0,1.0,0.0,0.0,0.9141693115234375,0.0,1.0
67,0.13862943611198905,0.010340351611375809,0.005197045858949423,0.9110232591629028,0.005420444067567587,0.9959679841995239,0.13862943611198905,0.0,0.0,0.90948486328125,0.0,1.0,0.0,0.0,0.9141693115234375,0.0,1.0
68,0.13862943611198905,0.01019731443375349,0.005124787800014019,0.9110698699951172,0.005341887008398771,0.9960263967514038,0.13862943611198905,0.0,0.0,0.90948486328125,0.0,1.0,0.0,0.0,0.9141693115234375,0.0,1.0
69,0.13862943611198905,0.01005818136036396,0.00505451112985611,0.911115288734436,0.005265574436634779,0.9960831999778748,0.13862943611198905,0.0,0.0,0.90948486328125,0.0,1.0,0.0,0.0,0.9141693115234375,0.0,1.0
70,0.13862943611198905,0.009922793135046959,0.004986135754734278,0.911159336566925,0.005191411357372999,0.9961383938789368,0.13862943611198905,0.0,0.0,0.90948486328125,0.0,1.0,0.0,0.0,0.9141693115234375,0.0,1.0
71,0.13862943611198905,0.009791001677513123,0.004919585306197405,0.9112021923065186,0.005119308363646269,0.9961919784545898,0.13862943611198905,0.0,0.0,0.90948486328125,0.0,1.0,0.0,0.0,0.9141693115234375,0.0,1.0
72,0.13862943611198905,0.00966266542673111,0.004854788538068533,0.9112439155578613,0.005049180705100298,0.9962441921234131,0.13862943611198905,0.0,0.0,0.90948486328125,0.0,1.0,0.0,0.0,0.9141693115234375,0.0,1.0
73,0.13862943611198905,0.0095376493409276,0.004791676066815853,0.9112844467163086,0.004980948753654957,0.9962949156761169,0.13862943611198905,0.0,0.0,0.90948486328125,0.0,1.0,0.0,0.0,0.9141693115234375,0.0,1.0
74,0.13862943611198905,0.009415827691555023,0.004730183631181717,0.9113238453865051,0.004914536140859127,0.9963443279266357,0.13862943611198905,0.0,0.0,0.90948486328125,0.0,1.0,0.0,0.0,0.9141693115234375,0.0,1.0
75,0.13862943611198905,0.009297078475356102,0.0046702497638762,0.9113622903823853,0.004849871154874563,0.9963924288749695,0.13862943611198905,0.0,0.0,0.90948486328125,0.0,1.0,0.0,0.0,0.9141693115234375,0.0,1.0
76,0.13862943611198905,0.00918128713965416,0.0046118153259158134,0.9113997220993042,0.004786885809153318,0.9964392781257629,0.13862943611198905,0.0,0.0,0.90948486328125,0.0,1.0,0.0,0.0,0.9141693115234375,0.0,1.0
77,0.13862943611198905,0.009068343788385391,0.0045548249036073685,0.9114362001419067,0.004725515376776457,0.9964849352836609,0.13862943611198905,0.0,0.0,0.90948486328125,0.0,1.0,0.0,0.0,0.9141693115234375,0.0,1.0
78,0.13862943611198905,0.008958146907389164,0.004499226342886686,0.9114717841148376,0.004665698856115341,0.9965294003486633,0.13862943611198905,0.0,0.0,0.90948486328125,0.0,1.0,0.0,0.0,0.9141693115234375,0.0,1.0
79,0.13862943611198905,0.008850594982504845,0.004444968421012163,0.9115064740180969,0.004607377573847771,0.9965727925300598,0.13862943611198905,0.0,0.0,0.90948486328125,0.0,1.0,0.0,0.0,0.9141693115234375,0.0,1.0
80,0.13862943611198905,0.008745594881474972,0.004392003640532494,0.9115402698516846,0.004550496581941843,0.9966151118278503,0.13862943611198905,0.0,0.0,0.90948486328125,0.0,1.0,0.0,0.0,0.9141693115234375,0.0,1.0
81,0.13862943611198905,0.008643058128654957,0.004340285900980234,0.9115732908248901,0.004495002329349518,0.9966564178466797,0.13862943611198905,0.0,0.0,0.90948486328125,0.0,1.0,0.0,0.0,0.9141693115234375,0.0,1.0
82,0.13862943611198905,0.008542896248400211,0.0042897723615169525,0.9116054773330688,0.004440845921635628,0.9966965913772583,0.13862943611198905,0.0,0.0,0.90948486328125,0.0,1.0,0.0,0.0,0.9141693115234375,0.0,1.0
83,0.13862943611198905,0.008445030078291893,0.004240421112626791,0.9116368293762207,0.0043879784643650055,0.9967359304428101,0.13862943611198905,0.0,0.0,0.90948486328125,0.0,1.0,0.0,0.0,0.9141693115234375,0.0,1.0
84,0.13862943611198905,0.008349381387233734,0.004192192107439041,0.91166752576828,0.0043363552540540695,0.9967743754386902,0.13862943611198905,0.0,0.0,0.90948486328125,0.0,1.0,0.0,0.0,0.9141693115234375,0.0,1.0
85,0.13862943611198905,0.00825587473809719,0.004145048093050718,0.9116974472999573,0.004285932518541813,0.9968119263648987,0.13862943611198905,0.0,0.0,0.90948486328125,0.0,1.0,0.0,0.0,0.9141693115234375,0.0,1.0
86,0.13862943611198905,0.008164438419044018,0.0040989527478814125,0.9117267727851868,0.004236668813973665,0.9968485832214355,0.13862943611198905,0.0,0.0,0.90948486328125,0.0,1.0,0.0,0.0,0.9141693115234375,0.0,1.0
87,0.13862943611198905,0.008075006306171417,0.004053871147334576,0.911755383014679,0.004188525024801493,0.9968843460083008,0.13862943611198905,0.0,0.0,0.90948486328125,0.0,1.0,0.0,0.0,0.9141693115234375,0.0,1.0
88,0.13862943611198905,0.007987511344254017,0.004009770229458809,0.9117833971977234,0.004141462966799736,0.9969193935394287,0.13862943611198905,0.0,0.0,0.90948486328125,0.0,1.0,0.0,0.0,0.9141693115234375,0.0,1.0
89,0.13862943611198905,0.007901892997324467,0.003966618794947863,0.9118107557296753,0.0040954467840492725,0.9969536066055298,0.13862943611198905,0.0,0.0,0.90948486328125,0.0,1.0,0.0,0.0,0.9141693115234375,0.0,1.0
90,0.13862943611198905,0.007818089798092842,0.0039243861101567745,0.9118373990058899,0.0040504420176148415,0.9969871044158936,0.13862943611198905,0.0,0.0,0.90948486328125,0.0,1.0,0.0,0.0,0.9141693115234375,0.0,1.0
91,0.13862943611198905,0.0077360463328659534,0.0038830433040857315,0.9118635654449463,0.004006415139883757,0.9970198273658752,0.13862943611198905,0.0,0.0,0.90948486328125,0.0,1.0,0.0,0.0,0.9141693115234375,0.0,1.0
92,0.13862943611198905,0.007655706722289324,0.003842562437057495,0.9118891954421997,0.003963335417211056,0.9970518946647644,0.13862943611198905,0.0,0.0,0.90948486328125,0.0,1.0,0.0,0.0,0.9141693115234375,0.0,1.0
93,0.13862943611198905,0.007577018346637487,0.003802916966378689,0.9119142293930054,0.003921172581613064,0.9970832467079163,0.13862943611198905,0.0,0.0,0.90948486328125,0.0,1.0,0.0,0.0,0.9141693115234375,0.0,1.0
94,0.13862943611198905,0.007499931380152702,0.0037640812806785107,0.9119387865066528,0.003879896830767393,0.9971139430999756,0.13862943611198905,0.0,0.0,0.90948486328125,0.0,1.0,0.0,0.0,0.9141693115234375,0.0,1.0
95,0.13862943611198905,0.007424396928399801,0.0037260306999087334,0.9119628071784973,0.0038394813891500235,0.9971439838409424,0.13862943611198905,0.0,0.0,0.90948486328125,0.0,1.0,0.0,0.0,0.9141693115234375,0.0,1.0
96,0.13862943611198905,0.007350368890911341,0.003688741708174348,0.9119863510131836,0.0037998990155756474,0.9971734285354614,0.13862943611198905,0.0,0.0,0.90948486328125,0.0,1.0,0.0,0.0,0.9141693115234375,0.0,1.0
97,0.13862943611198905,0.007277802564203739,0.003652191488072276,0.9120094180107117,0.00376112456433475,0.9972022771835327,0.13862943611198905,0.0,0.0,0.90948486328125,0.0,1.0,0.0,0.0,0.9141693115234375,0.0,1.0
98,0.13862943611198905,0.007206654641777277,0.003616358619183302,0.9120320081710815,0.0037231333553791046,0.9972304701805115,0.13862943611198905,0.0,0.0,0.90948486328125,0.0,1.0,0.0,0.0,0.9141693115234375,0.0,1.0
99,0.13862943611198905,0.007136884611099958,0.0035812221467494965,0.9120540618896484,0.0036859021056443453,0.997258186340332,0.13862943611198905,0.0,0.0,0.90948486328125,0.0,1.0,0.0,0.0,0.9141693115234375,0.0,1.0
100,0.13862943611198905,0.007068452890962362,0.003546761814504862,0.9120757579803467,0.003649407997727394,0.9972853660583496,0.13862943611198905,0.0,0.0,0.90948486328125,0.0,1.0,0.0,0.0,0.9141693115234375,0.0,1.0
101,0.13862943611198905,0.007001320831477642,0.0035129582975059748,0.9120970368385315,0.0036136293783783913,0.9973120093345642,0.13862943611198905,0.0,0.0,0.90948486328125,0.0,1.0,0.0,0.0,0.9141693115234375,0.0,1.0
102,0.13862943611198905,0.0069354516454041,0.0034797932021319866,0.9121178984642029,0.0035785457585006952,0.9973381161689758,0.13862943611198905,0.0,0.0,0.90948486328125,0.0,1.0,0.0,0.0,0.9141693115234375,0.0,1.0
103,0.13862943611198905,0.006870810408145189,0.0034472483675926924,0.9121383428573608,0.0035441366489976645,0.9973636865615845,0.13862943611198905,0.0,0.0,0.90948486328125,0.0,1.0,0.0,0.0,0.9141693115234375,0.0,1.0
104,0.13862943611198905,0.006807363126426935,0.0034153065644204617,0.9121584296226501,0.0035103829577565193,0.9973887801170349,0.13862943611198905,0.0,0.0,0.90948486328125,0.0,1.0,0.0,0.0,0.9141693115234375,0.0,1.0
105,0.13862943611198905,0.006745077203959227,0.003383951261639595,0.912178099155426,0.0034772660583257675,0.9974134564399719,0.13862943611198905,0.0,0.0,0.90948486328125,0.0,1.0,0.0,0.0,0.9141693115234375,0.0,1.0
106,0.13862943611198905,0.006683920510113239,0.003353166626766324,0.9121973514556885,0.0034447682555764914,0.997437596321106,0.13862943611198905,0.0,0.0,0.90948486328125,0.0,1.0,0.0,0.0,0.9141693115234375,0.0,1.0
107,0.13862943611198905,0.006623862776905298,0.003322937060147524,0.912216305732727,0.0034128723200410604,0.9974613189697266,0.13862943611198905,0.0,0.0,0.90948486328125,0.0,1.0,0.0,0.0,0.9141693115234375,0.0,1.0
108,0.13862943611198905,0.006564874667674303,0.003293247427791357,0.9122349619865417,0.0033815614879131317,0.9974846243858337,0.13862943611198905,0.0,0.0,0.90948486328125,0.0,1.0,0.0,0.0,0.9141693115234375,0.0,1.0
109,0.13862943611198905,0.006506927777081728,0.0032640837598592043,0.912253201007843,0.0033508201595395803,0.9975075125694275,0.13862943611198905,0.0,0.0,0.90948486328125,0.0,1.0,0.0,0.0,0.9141693115234375,0.0,1.0
110,0.13862943611198905,0.006449995096772909,0.0032354320865124464,0.9122712016105652,0.003320632502436638,0.997529923915863,0.13862943611198905,0.0,0.0,0.90948486328125,0.0,1.0,0.0,0.0,0.9141693115234375,0.0,1.0
111,0.13862943611198905,0.00639405008405447,0.003207279136404395,0.9122887849807739,0.0032909840811043978,0.9975519776344299,0.13862943611198905,0.0,0.0,0.90948486328125,0.0,1.0,0.0,0.0,0.9141693115234375,0.0,1.0
112,0.13862943611198905,0.006339067127555609,0.0031796118710190058,0.9123061299324036,0.00326186022721231,0.9975736737251282,0.13862943611198905,0.0,0.0,0.90948486328125,0.0,1.0,0.0,0.0,0.9141693115234375,0.0,1.0
113,0.13862943611198905,0.006285022012889385,0.003152417717501521,0.9123231172561646,0.003233247436583042,0.997594952583313,0.13862943611198905,0.0,0.0,0.90948486328125,0.0,1.0,0.0,0.0,0.9141693115234375,0.0,1.0
114,0.13862943611198905,0.006231890060007572,0.0031256848014891148,0.9123398661613464,0.0032051322050392628,0.9976158142089844,0.13862943611198905,0.0,0.0,0.90948486328125,0.0,1.0,0.0,0.0,0.9141693115234375,0.0,1.0
115,0.13862943611198905,0.006179649382829666,0.0030994017142802477,0.9123561978340149,0.0031775017268955708,0.9976363182067871,0.13862943611198905,0.0,0.0,0.90948486328125,0.0,1.0,0.0,0.0,0.9141693115234375,0.0,1.0
116,0.13862943611198905,0.006128277163952589,0.003073556814342737,0.912372350692749,0.0031503436621278524,0.9976566433906555,0.13862943611198905,0.0,0.0,0.90948486328125,0.0,1.0,0.0,0.0,0.9141693115234375,0.0,1.0
117,0.13862943611198905,0.006077751982957125,0.0030481391586363316,0.912388265132904,0.003123645903542638,0.9976764917373657,0.13862943611198905,0.0,0.0,0.90948486328125,0.0,1.0,0.0,0.0,0.9141693115234375,0.0,1.0
118,0.13862943611198905,0.006028053350746632,0.0030231387354433537,0.9124038219451904,0.0030973968096077442,0.9976959824562073,0.13862943611198905,0.0,0.0,0.90948486328125,0.0,1.0,0.0,0.0,0.9141693115234375,0.0,1.0
119,0.13862943611198905,0.005979160778224468,0.002998545067384839,0.9124191999435425,0.0030715849716216326,0.997715175151825,0.13862943611198905,0.0,0.0,0.90948486328125,0.0,1.0,0.0,0.0,0.9141693115234375,0.0,1.0
120,0.13862943611198905,0.005931054707616568,0.0029743481427431107,0.9124342799186707,0.003046200145035982,0.9977340698242188,0.13862943611198905,0.0,0.0,0.90948486328125,0.0,1.0,0.0,0.0,0.9141693115234375,0.0,1.0
121,0.13862943611198905,0.0058837165124714375,0.0029505386482924223,0.9124491214752197,0.0030212311539798975,0.9977526664733887,0.13862943611198905,0.0,0.0,0.90948486328125,0.0,1.0,0.0,0.0,0.9141693115234375,0.0,1.0
122,0.13862943611198905,0.00583712849766016,0.0029271075036376715,0.9124636650085449,0.002996668452396989,0.9977709054946899,0.13862943611198905,0.0,0.0,0.90948486328125,0.0,1.0,0.0,0.0,0.9141693115234375,0.0,1.0
123,0.13862943611198905,0.005791272036731243,0.002904045395553112,0.9124780297279358,0.002972501562908292,0.9977889060974121,0.13862943611198905,0.0,0.0,0.90948486328125,0.0,1.0,0.0,0.0,0.9141693115234375,0.0,1.0
124,0.13862943611198905,0.005746130365878344,0.0028813437093049288,0.9124922156333923,0.0029487216379493475,0.9978066086769104,0.13862943611198905,0.0,0.0,0.90948486328125,0.0,1.0,0.0,0.0,0.9141693115234375,0.0,1.0
125,0.13862943611198905,0.005701687186956406,0.0028589945286512375,0.912506103515625,0.002925319131463766,0.9978240132331848,0.13862943611198905,0.0,0.0,0.90948486328125,0.0,1.0,0.0,0.0,0.9141693115234375,0.0,1.0
126,0.13862943611198905,0.0056579262018203735,0.002836989238858223,0.9125198125839233,0.0029022851958870888,0.9978411197662354,0.13862943611198905,0.0,0.0,0.90948486328125,0.0,1.0,0.0,0.0,0.9141693115234375,0.0,1.0
127,0.13862943611198905,0.005614832043647766,0.0028153201565146446,0.9125332832336426,0.0028796109836548567,0.9978579878807068,0.13862943611198905,0.0,0.0,0.90948486328125,0.0,1.0,0.0,0.0,0.9141693115234375,0.0,1.0
128,0.13862943611198905,0.005572389345616102,0.0027939793653786182,0.9125465750694275,0.002857288345694542,0.9978746175765991,0.13862943611198905,0.0,0.0,0.90948486328125,0.0,1.0,0.0,0.0,0.9141693115234375,0.0,1.0
129,0.13862943611198905,0.005530583206564188,0.002772959880530834,0.9125596284866333,0.0028353093657642603,0.9978909492492676,0.13862943611198905,0.0,0.0,0.90948486328125,0.0,1.0,0.0,0.0,0.9141693115234375,0.0,1.0
130,0.13862943611198905,0.005489399656653404,0.0027522542513906956,0.9125725030899048,0.0028136656619608402,0.9979069828987122,0.13862943611198905,0.0,0.0,0.90948486328125,0.0,1.0,0.0,0.0,0.9141693115234375,0.0,1.0
131,0.13862943611198905,0.005448825191706419,0.0027318554930388927,0.9125851392745972,0.0027923500165343285,0.9979228377342224,0.13862943611198905,0.0,0.0,0.90948486328125,0.0,1.0,0.0,0.0,0.9141693115234375,0.0,1.0
132,0.13862943611198905,0.0054088463075459,0.0027117570862174034,0.9125975966453552,0.002771354978904128,0.9979385137557983,0.13862943611198905,0.0,0.0,0.90948486328125,0.0,1.0,0.0,0.0,0.9141693115234375,0.0,1.0
133,0.13862943611198905,0.005369449499994516,0.002691952046006918,0.912609875202179,0.002750673098489642,0.9979538917541504,0.13862943611198905,0.0,0.0,0.90948486328125,0.0,1.0,0.0,0.0,0.9141693115234375,0.0,1.0
134,0.13862943611198905,0.00533062219619751,0.0026724343188107014,0.9126220345497131,0.0027302978560328484,0.9979690909385681,0.13862943611198905,0.0,0.0,0.90948486328125,0.0,1.0,0.0,0.0,0.9141693115234375,0.0,1.0
135,0.13862943611198905,0.005292352754622698,0.0026531973853707314,0.9126339554786682,0.0027102220337837934,0.997983992099762,0.13862943611198905,0.0,0.0,0.90948486328125,0.0,1.0,0.0,0.0,0.9141693115234375,0.0,1.0
136,0.13862943611198905,0.0052546290680766106,0.00263423565775156,0.912645697593689,0.0026904395781457424,0.9979987144470215,0.13862943611198905,0.0,0.0,0.90948486328125,0.0,1.0,0.0,0.0,0.9141693115234375,0.0,1.0
137,0.13862943611198905,0.005217439029365778,0.0026155428495258093,0.9126573204994202,0.0026709435041993856,0.9980131983757019,0.13862943611198905,0.0,0.0,0.90948486328125,0.0,1.0,0.0,0.0,0.9141693115234375,0.0,1.0
138,0.13862943611198905,0.005180771928280592,0.0025971136055886745,0.9126687049865723,0.0026517282240092754,0.998027503490448,0.13862943611198905,0.0,0.0,0.90948486328125,0.0,1.0,0.0,0.0,0.9141693115234375,0.0,1.0
139,0.13862943611198905,0.00514461612328887,0.0025789421051740646,0.9126799702644348,0.0026327872183173895,0.9980416297912598,0.13862943611198905,0.0,0.0,0.90948486328125,0.0,1.0,0.0,0.0,0.9141693115234375,0.0,1.0
140,0.13862943611198905,0.005108961835503578,0.002561023226007819,0.912691056728363,0.00261411489918828,0.9980555772781372,0.13862943611198905,0.0,0.0,0.90948486328125,0.0,1.0,0.0,0.0,0.9141693115234375,0.0,1.0
141,0.13862943611198905,0.005073798354715109,0.002543351612985134,0.9127020239830017,0.0025957056786864996,0.9980692267417908,0.13862943611198905,0.0,0.0,0.90948486328125,0.0,1.0,0.0,0.0,0.9141693115234375,0.0,1.0
142,0.13862943611198905,0.0050391159020364285,0.002525922143831849,0.912712812423706,0.0025775539688766003,0.9980827569961548,0.13862943611198905,0.0,0.0,0.90948486328125,0.0,1.0,0.0,0.0,0.9141693115234375,0.0,1.0
143,0.13862943611198905,0.005004903767257929,0.002508730161935091,0.9127234220504761,0.0025596541818231344,0.9980959296226501,0.13862943611198905,0.0,0.0,0.90948486328125,0.0,1.0,0.0,0.0,0.9141693115234375,0.0,1.0
144,0.13862943611198905,0.0049711535684764385,0.002491770312190056,0.9127339124679565,0.0025420014280825853,0.9981091022491455,0.13862943611198905,0.0,0.0,0.90948486328125,0.0,1.0,0.0,0.0,0.9141693115234375,0.0,1.0
145,0.13862943611198905,0.004937855061143637,0.002475038403645158,0.9127442836761475,0.002524590352550149,0.9981220364570618,0.13862943611198905,0.0,0.0,0.90948486328125,0.0,1.0,0.0,0.0,0.9141693115234375,0.0,1.0
146,0.13862943611198905,0.004904999863356352,0.002458529779687524,0.912754476070404,0.0025074162986129522,0.9981347918510437,0.13862943611198905,0.0,0.0,0.90948486328125,0.0,1.0,0.0,0.0,0.9141693115234375,0.0,1.0
147,0.13862943611198905,0.004872579127550125,0.002442239783704281,0.9127645492553711,0.0024904743768274784,0.9981474280357361,0.13862943611198905,0.0,0.0,0.90948486328125,0.0,1.0,0.0,0.0,0.9141693115234375,0.0,1.0
148,0.13862943611198905,0.004840584006160498,0.002426164224743843,0.9127745032310486,0.0024737596977502108,0.9981598258018494,0.13862943611198905,0.0,0.0,0.90948486328125,0.0,1.0,0.0,0.0,0.9141693115234375,0.0,1.0
149,0.13862943611198905,0.004809006582945585,0.0024102989118546247,0.9127843379974365,0.0024572680704295635,0.9981721043586731,0.13862943611198905,0.0,0.0,0.90948486328125,0.0,1.0,0.0,0.0,0.9141693115234375,0.0,1.0
150,0.13862943611198905,0.004777838010340929,0.0023946398869156837,0.9127938747406006,0.0024409948382526636,0.9981842041015625,0.13862943611198905,0.0,0.0,0.90948486328125,0.0,1.0,0.0,0.0,0.9141693115234375,0.0,1.0
151,0.13862943611198905,0.004747071303427219,0.0023791829589754343,0.9128034710884094,0.0024249355774372816,0.9981962442398071,0.13862943611198905,0.0,0.0,0.90948486328125,0.0,1.0,0.0,0.0,0.9141693115234375,0.0,1.0
152,0.13862943611198905,0.004716698080301285,0.0023639241699129343,0.9128128886222839,0.0024090863298624754,0.9982080459594727,0.13862943611198905,0.0,0.0,0.90948486328125,0.0,1.0,0.0,0.0,0.9141693115234375,0.0,1.0
153,0.13862943611198905,0.004686711356043816,0.002348860027268529,0.9128221869468689,0.002393442904576659,0.9982196688652039,0.13862943611198905,0.0,0.0,0.90948486328125,0.0,1.0,0.0,0.0,0.9141693115234375,0.0,1.0
154,0.13862943611198905,0.004657103214412928,0.002333986572921276,0.9128313660621643,0.002378001343458891,0.9982311725616455,0.13862943611198905,0.0,0.0,0.90948486328125,0.0,1.0,0.0,0.0,0.9141693115234375,0.0,1.0
155,0.13862943611198905,0.004627866670489311,0.002319300314411521,0.9128404259681702,0.0023627576883882284,0.9982424974441528,0.13862943611198905,0.0,0.0,0.90948486328125,0.0,1.0,0.0,0.0,0.9141693115234375,0.0,1.0
156,0.13862943611198905,0.004598995205014944,0.0023047977592796087,0.9128493666648865,0.0023477082140743732,0.9982537031173706,0.13862943611198905,0.0,0.0,0.90948486328125,0.0,1.0,0.0,0.0,0.9141693115234375,0.0,1.0
157,0.13862943611198905,0.004570481833070517,0.0022904754150658846,0.9128581881523132,0.0023328494280576706,0.9982647895812988,0.13862943611198905,0.0,0.0,0.90948486328125,0.0,1.0,0.0,0.0,0.9141693115234375,0.0,1.0
158,0.13862943611198905,0.004542319569736719,0.0022763297893106937,0.9128669500350952,0.0023181773722171783,0.9982755780220032,0.13862943611198905,0.0,0.0,0.90948486328125,0.0,1.0,0.0,0.0,0.9141693115234375,0.0,1.0
159,0.13862943611198905,0.004514502361416817,0.0022623580880463123,0.9128755331039429,0.0023036887869238853,0.9982863664627075,0.13862943611198905,0.0,0.0,0.90948486328125,0.0,1.0,0.0,0.0,0.9141693115234375,0.0,1.0
160,0.13862943611198905,0.004487023688852787,0.002248556585982442,0.9128840565681458,0.002289380179718137,0.9982969760894775,0.13862943611198905,0.0,0.0,0.90948486328125,0.0,1.0,0.0,0.0,0.9141693115234375,0.0,1.0
161,0.13862943611198905,0.004459877498447895,0.0022349227219820023,0.9128924608230591,0.0022752482909709215,0.9983075261116028,0.13862943611198905,0.0,0.0,0.90948486328125,0.0,1.0,0.0,0.0,0.9141693115234375,0.0,1.0
162,0.13862943611198905,0.004433058202266693,0.0022214530035853386,0.9129007458686829,0.0022612896282225847,0.9983178973197937,0.13862943611198905,0.0,0.0,0.90948486328125,0.0,1.0,0.0,0.0,0.9141693115234375,0.0,1.0
163,0.13862943611198905,0.004406559281051159,0.0022081448696553707,0.9129089713096619,0.002247501164674759,0.9983281493186951,0.13862943611198905,0.0,0.0,0.90948486328125,0.0,1.0,0.0,0.0,0.9141693115234375,0.0,1.0
164,0.13862943611198905,0.004380375146865845,0.0021949950605630875,0.9129170775413513,0.0022338801063597202,0.9983382821083069,0.13862943611198905,0.0,0.0,0.90948486328125,0.0,1.0,0.0,0.0,0.9141693115234375,0.0,1.0
165,0.13862943611198905,0.004354500211775303,0.0021820010151714087,0.9129250645637512,0.002220422960817814,0.9983482956886292,0.13862943611198905,0.0,0.0,0.90948486328125,0.0,1.0,0.0,0.0,0.9141693115234375,0.0,1.0
166,0.13862943611198905,0.004328929353505373,0.0021691599395126104,0.9129329919815063,0.002207126934081316,0.9983581900596619,0.13862943611198905,0.0,0.0,0.90948486328125,0.0,1.0,0.0,0.0,0.9141693115234375,0.0,1.0
167,0.13862943611198905,0.004303656984120607,0.002156469039618969,0.9129406809806824,0.0021939892321825027,0.998367965221405,0.13862943611198905,0.0,0.0,0.90948486328125,0.0,1.0,0.0,0.0,0.9141693115234375,0.0,1.0
168,0.13862943611198905,0.004278678447008133,0.002143925754353404,0.9129484295845032,0.0021810070611536503,0.9983776807785034,0.13862943611198905,0.0,0.0,0.90948486328125,0.0,1.0,0.0,0.0,0.9141693115234375,0.0,1.0
169,0.13862943611198905,0.004253987688571215,0.002131527755409479,0.9129560589790344,0.0021681776270270348,0.9983872771263123,0.13862943611198905,0.0,0.0,0.90948486328125,0.0,1.0,0.0,0.0,0.9141693115234375,0.0,1.0
170,0.13862943611198905,0.004229580517858267,0.0021192720159888268,0.9129636287689209,0.002155498368665576,0.9983966946601868,0.13862943611198905,0.0,0.0,0.90948486328125,0.0,1.0,0.0,0.0,0.9141693115234375,0.0,1.0
171,0.13862943611198905,0.004205451346933842,0.0021071566734462976,0.9129710793495178,0.0021429662592709064,0.9984059929847717,0.13862943611198905,0.0,0.0,0.90948486328125,0.0,1.0,0.0,0.0,0.9141693115234375,0.0,1.0
172,0.13862943611198905,0.004181596450507641,0.002095178933814168,0.9129784107208252,0.0021305792033672333,0.9984152317047119,0.13862943611198905,0.0,0.0,0.90948486328125,0.0,1.0,0.0,0.0,0.9141693115234375,0.0,1.0
173,0.13862943611198905,0.0041580102406442165,0.002083336701616645,0.9129856824874878,0.0021183344069868326,0.9984243512153625,0.13862943611198905,0.0,0.0,0.90948486328125,0.0,1.0,0.0,0.0,0.9141693115234375,0.0,1.0
174,0.13862943611198905,0.00413468899205327,0.002071627415716648,0.9129928946495056,0.0021062297746539116,0.9984333515167236,0.13862943611198905,0.0,0.0,0.90948486328125,0.0,1.0,0.0,0.0,0.9141693115234375,0.0,1.0
175,0.13862943611198905,0.004111627582460642,0.002060048980638385,0.9130000472068787,0.0020942625124007463,0.9984421133995056,0.13862943611198905,0.0,0.0,0.90948486328125,0.0,1.0,0.0,0.0,0.9141693115234375,0.0,1.0
176,0.13862943611198905,0.004088822286576033,0.0020485995337367058,0.9130070805549622,0.002082430524751544,0.9984509348869324,0.13862943611198905,0.0,0.0,0.90948486328125,0.0,1.0,0.0,0.0,0.9141693115234375,0.0,1.0
177,0.13862943611198905,0.00406626844778657,0.002037276513874531,0.9130139946937561,0.002070731483399868,0.9984596371650696,0.13862943611198905,0.0,0.0,0.90948486328125,0.0,1.0,0.0,0.0,0.9141693115234375,0.0,1.0
178,0.13862943611198905,0.004043961875140667,0.002026077825576067,0.91302090883255,0.002059163060039282,0.9984682202339172,0.13862943611198905,0.0,0.0,0.90948486328125,0.0,1.0,0.0,0.0,0.9141693115234375,0.0,1.0
179,0.13862943611198905,0.004021899309009314,0.0020150018390268087,0.9130277037620544,0.0020477233920246363,0.9984767436981201,0.13862943611198905,0.0,0.0,0.90948486328125,0.0,1.0,0.0,0.0,0.9141693115234375,0.0,1.0
180,0.13862943611198905,0.004000075627118349,0.002004045993089676,0.9130344390869141,0.002036409918218851,0.9984851479530334,0.13862943611198905,0.0,0.0,0.90948486328125,0.0,1.0,0.0,0.0,0.9141693115234375,0.0,1.0
181,0.13862943611198905,0.003978487569838762,0.0019932088907808065,0.9130410552024841,0.0020252210088074207,0.998493492603302,0.13862943611198905,0.0,0.0,0.90948486328125,0.0,1.0,0.0,0.0,0.9141693115234375,0.0,1.0
182,0.13862943611198905,0.003957131411880255,0.001982488203793764,0.9130476117134094,0.002014154102653265,0.998501718044281,0.13862943611198905,0.0,0.0,0.90948486328125,0.0,1.0,0.0,0.0,0.9141693115234375,0.0,1.0
183,0.13862943611198905,0.003936002962291241,0.0019718825351446867,0.9130541086196899,0.0020032075699418783,0.99850994348526,0.13862943611198905,0.0,0.0,0.90948486328125,0.0,1.0,0.0,0.0,0.9141693115234375,0.0,1.0
184,0.13862943611198905,0.003915098961442709,0.001961389323696494,0.9130605459213257,0.0019923795480281115,0.9985179901123047,0.13862943611198905,0.0,0.0,0.90948486328125,0.0,1.0,0.0,0.0,0.9141693115234375,0.0,1.0
185,0.13862943611198905,0.003894416382536292,0.0019510072888806462,0.9130669236183167,0.001981667708605528,0.9985259771347046,0.13862943611198905,0.0,0.0,0.90948486328125,0.0,1.0,0.0,0.0,0.9141693115234375,0.0,1.0
186,0.13862943611198905,0.003873951267451048,0.0019407348008826375,0.9130731821060181,0.001971070421859622,0.9985338449478149,0.13862943611198905,0.0,0.0,0.90948486328125,0.0,1.0,0.0,0.0,0.9141693115234375,0.0,1.0
187,0.13862943611198905,0.0038536994252353907,0.0019305698806419969,0.9130794405937195,0.001960586290806532,0.9985416531562805,0.13862943611198905,0.0,0.0,0.90948486328125,0.0,1.0,0.0,0.0,0.9141693115234375,0.0,1.0
188,0.13862943611198905,0.00383365829475224,0.0019205108983442187,0.9130856394767761,0.0019502128707244992,0.9985494017601013,0.13862943611198905,0.0,0.0,0.90948486328125,0.0,1.0,0.0,0.0,0.9141693115234375,0.0,1.0
189,0.13862943611198905,0.003813824849203229,0.0019105557585135102,0.9130917191505432,0.0019399484153836966,0.9985570311546326,0.13862943611198905,0.0,0.0,0.90948486328125,0.0,1.0,0.0,0.0,0.9141693115234375,0.0,1.0
190,0.13862943611198905,0.003794195828959346,0.0019007037626579404,0.9130977392196655,0.001929791527800262,0.9985644817352295,0.13862943611198905,0.0,0.0,0.90948486328125,0.0,1.0,0.0,0.0,0.9141693115234375,0.0,1.0
191,0.13862943611198905,0.0037747672758996487,0.0018909528153017163,0.9131037592887878,0.0019197406945750117,0.9985719323158264,0.13862943611198905,0.0,0.0,0.90948486328125,0.0,1.0,0.0,0.0,0.9141693115234375,0.0,1.0
192,0.13862943611198905,0.0037555366288870573,0.0018813014030456543,0.9131096601486206,0.0019097939366474748,0.9985793828964233,0.13862943611198905,0.0,0.0,0.90948486328125,0.0,1.0,0.0,0.0,0.9141693115234375,0.0,1.0
193,0.13862943611198905,0.0037365013267844915,0.0018717475468292832,0.9131155014038086,0.0018999495077878237,0.9985866546630859,0.13862943611198905,0.0,0.0,0.90948486328125,0.0,1.0,0.0,0.0,0.9141693115234375,0.0,1.0
194,0.13862943611198905,0.00371765810996294,0.0018622907809913158,0.9131212830543518,0.0018902061274275184,0.9985939264297485,0.13862943611198905,0.0,0.0,0.90948486328125,0.0,1.0,0.0,0.0,0.9141693115234375,0.0,1.0
195,0.13862943611198905,0.0036990034859627485,0.0018529290100559592,0.913127064704895,0.001880562282167375,0.9986010789871216,0.13862943611198905,0.0,0.0,0.90948486328125,0.0,1.0,0.0,0.0,0.9141693115234375,0.0,1.0
196,0.13862943611198905,0.00368053512647748,0.0018436608370393515,0.9131327271461487,0.0018710163421928883,0.9986082315444946,0.13862943611198905,0.0,0.0,0.90948486328125,0.0,1.0,0.0,0.0,0.9141693115234375,0.0,1.0
197,0.13862943611198905,0.0036622509360313416,0.001834484632126987,0.9131383299827576,0.0018615666776895523,0.9986152052879333,0.13862943611198905,0.0,0.0,0.90948486328125,0.0,1.0,0.0,0.0,0.9141693115234375,0.0,1.0
198,0.13862943611198905,0.003644147189334035,0.001825399580411613,0.9131439328193665,0.0018522120080888271,0.9986221790313721,0.13862943611198905,0.0,0.0,0.90948486328125,0.0,1.0,0.0,0.0,0.9141693115234375,0.0,1.0
199,0.13862943611198905,0.00362622132524848,0.0018164041684940457,0.913149356842041,0.0018429510528221726,0.998629093170166,0.13862943611198905,0.0,0.0,0.90948486328125,0.0,1.0,0.0,0.0,0.9141693115234375,0.0,1.0
