,train_loss,train_dice,train_iou,train_acc,train_sens,train_spec,val_loss,val_dice,val_iou,val_acc,val_sens,val_spec,test_dice,test_iou,test_acc,test_sens,test_spec
0,0.8481196624205986,0.021476805210113525,0.01085496786981821,0.8897209167480469,0.014108151197433472,0.9718796014785767,0.8481196624205986,0.17088638246059418,0.09342578798532486,0.74066162109375,0.29526299238204956,0.7849892377853394,0.23089785873889923,0.13051697611808777,0.45606231689453125,0.9512888789176941,0.40956586599349976
1,0.845433131138043,0.1694614589214325,0.09257464110851288,0.757143497467041,0.28915268182754517,0.8010011315345764,0.845433131138043,0.18930684030056,0.10454937815666199,0.7350273132324219,0.3417902886867523,0.7741636633872986,0.23089785873889923,0.13051697611808777,0.45606231689453125,0.9512888789176941,0.40956586599349976
2,0.8421305645324706,0.19282472133636475,0.10669951140880585,0.7031847834587097,0.413507342338562,0.7303498387336731,0.8421305645324706,0.20237231254577637,0.11257743090391159,0.7289454340934753,0.37988874316215515,0.7636847496032715,0.23089785873889923,0.13051697611808777,0.45606231689453125,0.9512888789176941,0.40956586599349976
3,0.8393383272953018,0.20340222120285034,0.11321522295475006,0.6693458557128906,0.4922749996185303,0.6859545707702637,0.8393383272953018,0.2101493775844574,0.11741168051958084,0.7076129913330078,0.4297243654727936,0.7352694272994995,0.23089785873889923,0.13051697611808777,0.45606231689453125,0.9512888789176941,0.40956586599349976
4,0.8368572483325609,0.20960773527622223,0.11707364022731781,0.6407724618911743,0.5556193590164185,0.6487570405006409,0.8368572483325609,0.21902914345264435,0.12298300117254257,0.6646148562431335,0.5195886492729187,0.6790483593940735,0.23089785873889923,0.13051697611808777,0.45606231689453125,0.9512888789176941,0.40956586599349976
5,0.8335985519225506,0.21377110481262207,0.11967733502388,0.6090413928031921,0.6199897527694702,0.6080148220062256,0.8335985519225506,0.22175417840480804,0.12470389902591705,0.6198883056640625,0.5982945561408997,0.622037410736084,0.23089785873889923,0.13051697611808777,0.45606231689453125,0.9512888789176941,0.40956586599349976
6,0.8344060438113107,0.2141706794500351,0.11992786079645157,0.5760493874549866,0.6738643050193787,0.5668771266937256,0.8344060438113107,0.225119486451149,0.12683641910552979,0.603300929069519,0.6366318464279175,0.5999836921691895,0.23089785873889923,0.13051697611808777,0.45606231689453125,0.9512888789176941,0.40956586599349976
7,0.8316565554151953,0.2164340764284134,0.12134907394647598,0.5617568492889404,0.705987811088562,0.5482323169708252,0.8316565554151953,0.2267012596130371,0.1278415471315384,0.6004123687744141,0.6470941305160522,0.5957664251327515,0.23089785873889923,0.13051697611808777,0.45606231689453125,0.9512888789176941,0.40956586599349976
8,0.8323205262325188,0.21817710995674133,0.12244601547718048,0.55559241771698,0.7232763767242432,0.5398682951927185,0.8323205262325188,0.2273511290550232,0.12825502455234528,0.5997467041015625,0.6505768895149231,0.5946878790855408,0.23089785873889923,0.13051697611808777,0.45606231689453125,0.9512888789176941,0.40956586599349976
9,0.8324850579304864,0.21953804790973663,0.12330397963523865,0.5519298315048218,0.7350145578384399,0.5347602367401123,0.8324850579304864,0.22818632423877716,0.1287868618965149,0.5981613397598267,0.6562626361846924,0.5923788547515869,0.23089785873889923,0.13051697611808777,0.45606231689453125,0.9512888789176941,0.40956586599349976
10,0.8322825580236992,0.22066013514995575,0.12401235848665237,0.5486263632774353,0.745237410068512,0.5301868915557861,0.8322825580236992,0.2292434126138687,0.12946070730686188,0.5949602723121643,0.6654661893844604,0.5879433155059814,0.23089785873889923,0.13051697611808777,0.45606231689453125,0.9512888789176941,0.40956586599349976
11,0.8323504766977559,0.22156062722206116,0.12458149343729019,0.5448409914970398,0.7555803060531616,0.5250808000564575,0.8323504766977559,0.230302095413208,0.1301363855600357,0.5902411341667175,0.6772589087486267,0.5815808176994324,0.23089785873889923,0.13051697611808777,0.45606231689453125,0.9512888789176941,0.40956586599349976
12,0.8316116106125313,0.2223702371120453,0.12509366869926453,0.5405786037445068,0.7662192583084106,0.5194206237792969,0.8316116106125313,0.2313762605190277,0.1308227777481079,0.5846023559570312,0.6907451152801514,0.5740386843681335,0.23089785873889923,0.13051697611808777,0.45606231689453125,0.9512888789176941,0.40956586599349976
13,0.8313857584224843,0.22300206124782562,0.12549370527267456,0.5358687043190002,0.7768892049789429,0.5132680535316467,0.8313857584224843,0.23213663697242737,0.1313091516494751,0.578095018863678,0.7045684456825256,0.5655079483985901,0.23089785873889923,0.13051697611808777,0.45606231689453125,0.9512888789176941,0.40956586599349976
14,0.8314459267651052,0.22345367074012756,0.12577980756759644,0.5308917164802551,0.7873161435127258,0.5068482756614685,0.8314459267651052,0.2326301485300064,0.13162505626678467,0.5711669921875,0.7181220650672913,0.5565415024757385,0.23089785873889923,0.13051697611808777,0.45606231689453125,0.9512888789176941,0.40956586599349976
15,0.8310256909553511,0.2238260954618454,0.12601587176322937,0.5257842540740967,0.7975337505340576,0.5003015995025635,0.8310256909553511,0.2329729050397873,0.13184456527233124,0.5642237663269043,0.7311509847640991,0.5476105809211731,0.23089785873889923,0.13051697611808777,0.45606231689453125,0.9512888789176941,0.40956586599349976
16,0.8313486838131162,0.22403393685817719,0.12614764273166656,0.520579993724823,0.8072947263717651,0.4936956465244293,0.8313486838131162,0.23325620591640472,0.1320260465145111,0.5575682520866394,0.7434949278831482,0.5390641689300537,0.23089785873889923,0.13051697611808777,0.45606231689453125,0.9512888789176941,0.40956586599349976
17,0.8310704875880447,0.2241874784231186,0.12624502182006836,0.5155453085899353,0.816436231136322,0.48732954263687134,0.8310704875880447,0.23349329829216003,0.13217799365520477,0.5513691306114197,0.7549121379852295,0.5311118364334106,0.23089785873889923,0.13051697611808777,0.45606231689453125,0.9512888789176941,0.40956586599349976
18,0.8312918931888443,0.224266916513443,0.12629540264606476,0.5108044743537903,0.8247922658920288,0.48136013746261597,0.8312918931888443,0.23369526863098145,0.13230744004249573,0.5457161068916321,0.7652872800827026,0.5238636136054993,0.23089785873889923,0.13051697611808777,0.45606231689453125,0.9512888789176941,0.40956586599349976
19,0.8311097394672002,0.22434915602207184,0.12634755671024323,0.5064743161201477,0.8324345946311951,0.475905179977417,0.8311097394672002,0.23387448489665985,0.1324223428964615,0.5406780242919922,0.7745490670204163,0.5174023509025574,0.23089785873889923,0.13051697611808777,0.45606231689453125,0.9512888789176941,0.40956586599349976
20,0.8315897395854024,0.22439521551132202,0.12637677788734436,0.5025899410247803,0.839297354221344,0.4710165858268738,0.8315897395854024,0.23403534293174744,0.1325254887342453,0.5362727046012878,0.7826799154281616,0.5117493867874146,0.23089785873889923,0.13051697611808777,0.45606231689453125,0.9512888789176941,0.40956586599349976
21,0.831123205086298,0.22448991239070892,0.12643685936927795,0.4992115795612335,0.8454299569129944,0.46674519777297974,0.831123205086298,0.234186053276062,0.1326221525669098,0.5324884057044983,0.7897306084632874,0.5068867206573486,0.23089785873889923,0.13051697611808777,0.45606231689453125,0.9512888789176941,0.40956586599349976
22,0.8311812962240903,0.2246066778898239,0.12651093304157257,0.4963524341583252,0.8508374691009521,0.4631112813949585,0.8311812962240903,0.23432321846485138,0.13271014392375946,0.5293108224868774,0.7957063913345337,0.5027981996536255,0.23089785873889923,0.13051697611808777,0.45606231689453125,0.9512888789176941,0.40956586599349976
23,0.8312891882223519,0.22473084926605225,0.12658973038196564,0.4939762055873871,0.8554986715316772,0.4600767493247986,0.8312891882223519,0.23445408046245575,0.1327940970659256,0.5267273783683777,0.8006574511528015,0.49946486949920654,0.23089785873889923,0.13051697611808777,0.45606231689453125,0.9512888789176941,0.40956586599349976
24,0.8310967741553901,0.22488588094711304,0.1266881376504898,0.4920938014984131,0.859435498714447,0.45764824748039246,0.8310967741553901,0.23461218178272247,0.1328955441713333,0.5247445702552795,0.8047201633453369,0.4968804121017456,0.23089785873889923,0.13051697611808777,0.45606231689453125,0.9512888789176941,0.40956586599349976
25,0.8310920881745656,0.22507697343826294,0.12680941820144653,0.49073612689971924,0.8626784682273865,0.4558592140674591,0.8310920881745656,0.234787717461586,0.1330081969499588,0.5233136415481567,0.8079321980476379,0.494987428188324,0.23089785873889923,0.13051697611808777,0.45606231689453125,0.9512888789176941,0.40956586599349976
26,0.8312656808158876,0.22527620196342468,0.1269359141588211,0.4898119568824768,0.8652692437171936,0.45460718870162964,0.8312656808158876,0.2349616289138794,0.1331198513507843,0.5221523642539978,0.8106846809387207,0.49343663454055786,0.23089785873889923,0.13051697611808777,0.45606231689453125,0.9512888789176941,0.40956586599349976
27,0.8309642943565482,0.22549188137054443,0.12707290053367615,0.48911529779434204,0.8674944639205933,0.4536353051662445,0.8309642943565482,0.2351122498512268,0.13321654498577118,0.5209745764732361,0.8133639693260193,0.49187493324279785,0.23089785873889923,0.13051697611808777,0.45606231689453125,0.9512888789176941,0.40956586599349976
28,0.830888836735461,0.22568902373313904,0.12719812989234924,0.4884176254272461,0.8696159720420837,0.4526712894439697,0.830888836735461,0.23523300886154175,0.13329409062862396,0.5197098851203918,0.8160589933395386,0.4902161657810211,0.23089785873889923,0.13051697611808777,0.45606231689453125,0.9512888789176941,0.40956586599349976
29,0.8311975688146651,0.2258484810590744,0.12729942798614502,0.48764583468437195,0.8717510104179382,0.4516282379627228,0.8311975688146651,0.2353338748216629,0.13335886597633362,0.518383800983429,0.8187710642814636,0.48848819732666016,0.23089785873889923,0.13051697611808777,0.45606231689453125,0.9512888789176941,0.40956586599349976
30,0.8311204305800916,0.2259960025548935,0.1273931860923767,0.48680782318115234,0.8739341497421265,0.4505078196525574,0.8311204305800916,0.235423743724823,0.13341659307479858,0.5170334577560425,0.8214767575263977,0.48673421144485474,0.23089785873889923,0.13051697611808777,0.45606231689453125,0.9512888789176941,0.40956586599349976
31,0.8311232417268751,0.22611641883850098,0.1274697184562683,0.48592609167099,0.876047670841217,0.4493456184864044,0.8311232417268751,0.2355005294084549,0.13346591591835022,0.5156915187835693,0.824110746383667,0.4849965572357178,0.23089785873889923,0.13051697611808777,0.45606231689453125,0.9512888789176941,0.40956586599349976
32,0.8310301485970172,0.22623483836650848,0.12754496932029724,0.4850620627403259,0.8781183362007141,0.4482066333293915,0.8310301485970172,0.23556916415691376,0.13351000845432281,0.5143834948539734,0.8266515731811523,0.4833054840564728,0.23089785873889923,0.13051697611808777,0.45606231689453125,0.9512888789176941,0.40956586599349976
33,0.8311573092556561,0.22633130848407745,0.1276063174009323,0.48419347405433655,0.8801023364067078,0.4470713436603546,0.8311573092556561,0.2356291264295578,0.1335485279560089,0.5131306648254395,0.8290602564811707,0.4816882014274597,0.23089785873889923,0.13051697611808777,0.45606231689453125,0.9512888789176941,0.40956586599349976
34,0.8310570702459021,0.22642669081687927,0.12766695022583008,0.4833649694919586,0.8819979429244995,0.4459875226020813,0.8310570702459021,0.23568569123744965,0.1335848718881607,0.5119473934173584,0.8313360810279846,0.4801607131958008,0.23089785873889923,0.13051697611808777,0.45606231689453125,0.9512888789176941,0.40956586599349976
35,0.8310629575769112,0.22651885449886322,0.1277255266904831,0.4826017916202545,0.883769690990448,0.44498690962791443,0.8310629575769112,0.2357380986213684,0.1336185336112976,0.5108127593994141,0.8335112929344177,0.47869667410850525,0.23089785873889923,0.13051697611808777,0.45606231689453125,0.9512888789176941,0.40956586599349976
36,0.8310344664823642,0.22660961747169495,0.12778326869010925,0.4818917214870453,0.8854440450668335,0.44405344128608704,0.8310344664823642,0.23578529059886932,0.1336488574743271,0.5096961259841919,0.8356326818466187,0.47725778818130493,0.23089785873889923,0.13051697611808777,0.45606231689453125,0.9512888789176941,0.40956586599349976
37,0.8312251258879068,0.22668372094631195,0.1278303861618042,0.4811737537384033,0.8870788216590881,0.44311630725860596,0.8312251258879068,0.2358318269252777,0.13367876410484314,0.5085905194282532,0.8377333283424377,0.4758330285549164,0.23089785873889923,0.13051697611808777,0.45606231689453125,0.9512888789176941,0.40956586599349976
38,0.8310113978813164,0.2267571985721588,0.1278771311044693,0.48045358061790466,0.8886802792549133,0.4421783685684204,0.8310113978813164,0.23587186634540558,0.13370449841022491,0.5074954032897949,0.8397868275642395,0.4744245707988739,0.23089785873889923,0.13051697611808777,0.45606231689453125,0.9512888789176941,0.40956586599349976
39,0.8308635016939425,0.2268301397562027,0.12792354822158813,0.47972917556762695,0.8902717232704163,0.4412359893321991,0.8308635016939425,0.23591044545173645,0.13372929394245148,0.5064285397529602,0.8417860865592957,0.4730525612831116,0.23089785873889923,0.13051697611808777,0.45606231689453125,0.9512888789176941,0.40956586599349976
40,0.8308980241790584,0.22689038515090942,0.1279618740081787,0.47901520133018494,0.8917779326438904,0.44031280279159546,0.8308980241790584,0.23594488203525543,0.13375142216682434,0.50539231300354,0.8437145352363586,0.4717212915420532,0.23089785873889923,0.13051697611808777,0.45606231689453125,0.9512888789176941,0.40956586599349976
41,0.8307080898084664,0.22695672512054443,0.1280040442943573,0.47831934690475464,0.8932661414146423,0.4394102990627289,0.8307080898084664,0.23597648739814758,0.13377173244953156,0.5043978095054626,0.8455591797828674,0.4704442322254181,0.23089785873889923,0.13051697611808777,0.45606231689453125,0.9512888789176941,0.40956586599349976
42,0.8308748408319698,0.22701111435890198,0.1280386596918106,0.4776454269886017,0.8946782350540161,0.4385398328304291,0.8308748408319698,0.2360060065984726,0.13379070162773132,0.5034401416778564,0.8473317623138428,0.4692148268222809,0.23089785873889923,0.13051697611808777,0.45606231689453125,0.9512888789176941,0.40956586599349976
43,0.8308118994924123,0.22706951200962067,0.12807580828666687,0.4770025908946991,0.896058976650238,0.4377063512802124,0.8308118994924123,0.23603461682796478,0.13380908966064453,0.5025140643119812,0.8490467667579651,0.46802589297294617,0.23089785873889923,0.13051697611808777,0.45606231689453125,0.9512888789176941,0.40956586599349976
44,0.8308418767011136,0.22711648046970367,0.12810568511486053,0.4763760566711426,0.8973468542098999,0.4368990361690521,0.8308418767011136,0.23606263101100922,0.1338271051645279,0.5016224980354309,0.8507005572319031,0.46688103675842285,0.23089785873889923,0.13051697611808777,0.45606231689453125,0.9512888789176941,0.40956586599349976
45,0.8307316406109738,0.22717183828353882,0.12814092636108398,0.4757862091064453,0.8986138105392456,0.4361337423324585,0.8307316406109738,0.2360893189907074,0.133844256401062,0.5007868409156799,0.8522530794143677,0.4658076763153076,0.23089785873889923,0.13051697611808777,0.45606231689453125,0.9512888789176941,0.40956586599349976
46,0.8309705854252476,0.22721455991268158,0.12816810607910156,0.4752419590950012,0.8997594714164734,0.43543070554733276,0.8309705854252476,0.2361142933368683,0.13386031985282898,0.4999832808971405,0.8537431359291077,0.46477586030960083,0.23089785873889923,0.13051697611808777,0.45606231689453125,0.9512888789176941,0.40956586599349976
47,0.8308239750316373,0.2272641956806183,0.12819968163967133,0.4747372567653656,0.9008604288101196,0.4347745180130005,0.8308239750316373,0.23613762855529785,0.13387531042099,0.4992014467716217,0.8551886677742004,0.46377235651016235,0.23089785873889923,0.13051697611808777,0.45606231689453125,0.9512888789176941,0.40956586599349976
48,0.8309430911248482,0.2273121029138565,0.12823018431663513,0.4742521047592163,0.9019433856010437,0.4341425895690918,0.8309430911248482,0.2361585646867752,0.13388876616954803,0.498442679643631,0.8565837740898132,0.46279919147491455,0.23089785873889923,0.13051697611808777,0.45606231689453125,0.9512888789176941,0.40956586599349976
49,0.8308963038614963,0.22735698521137238,0.12825874984264374,0.47376927733421326,0.9030008316040039,0.43351519107818604,0.8308963038614963,0.23617851734161377,0.13390159606933594,0.4977041482925415,0.8579399585723877,0.46185222268104553,0.23089785873889923,0.13051697611808777,0.45606231689453125,0.9512888789176941,0.40956586599349976
50,0.8306357361520978,0.22740688920021057,0.12829051911830902,0.4733104407787323,0.9040108919143677,0.43291693925857544,0.8306357361520978,0.23619726300239563,0.13391365110874176,0.4969896674156189,0.8592495918273926,0.4609363079071045,0.23089785873889923,0.13051697611808777,0.45606231689453125,0.9512888789176941,0.40956586599349976
51,0.8310371647721648,0.22744014859199524,0.12831169366836548,0.4728633165359497,0.9049555659294128,0.4323395788669586,0.8310371647721648,0.23621578514575958,0.13392555713653564,0.4962909519672394,0.8605315089225769,0.460040420293808,0.23089785873889923,0.13051697611808777,0.45606231689453125,0.9512888789176941,0.40956586599349976
52,0.8309103005012348,0.2274746298789978,0.12833362817764282,0.4724271297454834,0.9058760404586792,0.43177586793899536,0.8309103005012348,0.23623445630073547,0.1339375525712967,0.4956043064594269,0.8617936968803406,0.45915985107421875,0.23089785873889923,0.13051697611808777,0.45606231689453125,0.9512888789176941,0.40956586599349976
53,0.8311629554247588,0.22750432789325714,0.128352552652359,0.47199371457099915,0.9068025350570679,0.4312163293361664,0.8311629554247588,0.2362511307001114,0.13394828140735626,0.4949350655078888,0.8630169630050659,0.45830225944519043,0.23089785873889923,0.13051697611808777,0.45606231689453125,0.9512888789176941,0.40956586599349976
54,0.8307888520141121,0.22754473984241486,0.1283782720565796,0.47158703207969666,0.9076998233795166,0.4306868314743042,0.8307888520141121,0.23626556992530823,0.13395756483078003,0.49427852034568787,0.8642079830169678,0.4574618339538574,0.23089785873889923,0.13051697611808777,0.45606231689453125,0.9512888789176941,0.40956586599349976
55,0.8306609491629381,0.22758540511131287,0.1284041553735733,0.47119441628456116,0.9085580110549927,0.43017569184303284,0.8306609491629381,0.2362811267375946,0.1339675635099411,0.4936227798461914,0.8654031157493591,0.4566218852996826,0.23089785873889923,0.13051697611808777,0.45606231689453125,0.9512888789176941,0.40956586599349976
56,0.8309420963949699,0.22761721909046173,0.12842442095279694,0.47079065442085266,0.9094235301017761,0.42965322732925415,0.8309420963949699,0.23629437386989594,0.13397608697414398,0.49296531081199646,0.8665903806686401,0.4557808041572571,0.23089785873889923,0.13051697611808777,0.45606231689453125,0.9512888789176941,0.40956586599349976
57,0.8310995970567528,0.22763864696025848,0.1284380704164505,0.47036683559417725,0.9102829098701477,0.42911002039909363,0.8310995970567528,0.23630720376968384,0.13398432731628418,0.49232733249664307,0.8677424788475037,0.45496469736099243,0.23089785873889923,0.13051697611808777,0.45606231689453125,0.9512888789176941,0.40956586599349976
58,0.8307988415893942,0.2276684194803238,0.12845700979232788,0.4699647128582001,0.9111199975013733,0.4285913109779358,0.8307988415893942,0.23632001876831055,0.13399256765842438,0.4917038679122925,0.8688697814941406,0.4541670083999634,0.23089785873889923,0.13051697611808777,0.45606231689453125,0.9512888789176941,0.40956586599349976
59,0.8308813284222399,0.22769716382026672,0.12847530841827393,0.46958330273628235,0.9119267463684082,0.42809852957725525,0.8308813284222399,0.2363322675228119,0.13400045037269592,0.49109598994255066,0.8699679970741272,0.45338931679725647,0.23089785873889923,0.13051697611808777,0.45606231689453125,0.9512888789176941,0.40956586599349976
60,0.8306154617529752,0.22773152589797974,0.1284971833229065,0.4692228436470032,0.912699818611145,0.42763054370880127,0.8306154617529752,0.2363431751728058,0.13400746881961823,0.4905191659927368,0.8710066676139832,0.452651709318161,0.23089785873889923,0.13051697611808777,0.45606231689453125,0.9512888789176941,0.40956586599349976
61,0.8308043248918623,0.2277587354183197,0.12851452827453613,0.46888622641563416,0.9134082794189453,0.42719531059265137,0.8308043248918623,0.2363530844449997,0.134013831615448,0.48994728922843933,0.8720322251319885,0.45192083716392517,0.23089785873889923,0.13051697611808777,0.45606231689453125,0.9512888789176941,0.40956586599349976
62,0.8305089317280343,0.22779402136802673,0.12853698432445526,0.4685487151145935,0.9141412377357483,0.4267558753490448,0.8305089317280343,0.23636184632778168,0.13401946425437927,0.4893912672996521,0.8730252385139465,0.4512106478214264,0.23089785873889923,0.13051697611808777,0.45606231689453125,0.9512888789176941,0.40956586599349976
63,0.8308843017403004,0.22782084345817566,0.1285540908575058,0.46821334958076477,0.914864718914032,0.4263215661048889,0.8308843017403004,0.23637038469314575,0.1340249478816986,0.4888204336166382,0.8740425109863281,0.4504817724227905,0.23089785873889923,0.13051697611808777,0.45606231689453125,0.9512888789176941,0.40956586599349976
64,0.8309320866474481,0.22783921658992767,0.12856577336788177,0.46785688400268555,0.9155798554420471,0.42586493492126465,0.8309320866474481,0.23637542128562927,0.13402819633483887,0.4882262051105499,0.8750829696655273,0.44972485303878784,0.23089785873889923,0.13051697611808777,0.45606231689453125,0.9512888789176941,0.40956586599349976
65,0.830992002048135,0.22785240411758423,0.1285741627216339,0.46747276186943054,0.9163212776184082,0.4253758192062378,0.830992002048135,0.23638281226158142,0.1340329498052597,0.4876362085342407,0.8761276602745056,0.4489721953868866,0.23089785873889923,0.13051697611808777,0.45606231689453125,0.9512888789176941,0.40956586599349976
66,0.8308224340176099,0.22786642611026764,0.12858310341835022,0.4670862853527069,0.9170533418655396,0.4248841106891632,0.8308224340176099,0.23638835549354553,0.13403651118278503,0.4870592951774597,0.8771411776542664,0.44823697209358215,0.23089785873889923,0.13051697611808777,0.45606231689453125,0.9512888789176941,0.40956586599349976
67,0.8309990498020375,0.22787998616695404,0.12859174609184265,0.4667283892631531,0.9177542328834534,0.42442765831947327,0.8309990498020375,0.23639369010925293,0.13403993844985962,0.48649483919143677,0.8781322836875916,0.4475177228450775,0.23089785873889923,0.13051697611808777,0.45606231689453125,0.9512888789176941,0.40956586599349976
68,0.8308122115839025,0.22789834439754486,0.12860342860221863,0.4663828909397125,0.9184435606002808,0.4239850342273712,0.8308122115839025,0.23639634251594543,0.1340416520833969,0.4859403669834137,0.8790934681892395,0.44681236147880554,0.23089785873889923,0.13051697611808777,0.45606231689453125,0.9512888789176941,0.40956586599349976
69,0.8309277855344779,0.22791694104671478,0.12861527502536774,0.4660640060901642,0.9191015362739563,0.42357516288757324,0.8309277855344779,0.23639653623104095,0.13404177129268646,0.48536038398742676,0.8800862431526184,0.4460758864879608,0.23089785873889923,0.13051697611808777,0.45606231689453125,0.9512888789176941,0.40956586599349976
70,0.8309267854180777,0.22792771458625793,0.1286221146583557,0.4656979739665985,0.9197968244552612,0.4231100380420685,0.8309267854180777,0.23639707267284393,0.13404211401939392,0.48476096987724304,0.8811138868331909,0.44531455636024475,0.23089785873889923,0.13051697611808777,0.45606231689453125,0.9512888789176941,0.40956586599349976
71,0.8309462076528987,0.22793477773666382,0.12862662971019745,0.4653030037879944,0.9205261468887329,0.4226102828979492,0.8309462076528987,0.236397847533226,0.1340426206588745,0.48415979743003845,0.8821458220481873,0.4445508122444153,0.23089785873889923,0.13051697611808777,0.45606231689453125,0.9512888789176941,0.40956586599349976
72,0.830835999997792,0.22794313728809357,0.12863196432590485,0.46490636467933655,0.9212575554847717,0.4221080243587494,0.830835999997792,0.23639890551567078,0.13404329121112823,0.48360496759414673,0.8830997943878174,0.44384580850601196,0.23089785873889923,0.13051697611808777,0.45606231689453125,0.9512888789176941,0.40956586599349976
73,0.8309256956123033,0.22795173525810242,0.12863744795322418,0.4645589292049408,0.9219074249267578,0.4216674268245697,0.8309256956123033,0.23639605939388275,0.13404147326946259,0.4830993413925171,0.8839505314826965,0.44320520758628845,0.23089785873889923,0.13051697611808777,0.45606231689453125,0.9512888789176941,0.40956586599349976
74,0.8308992659314188,0.2279675006866455,0.12864749133586884,0.4642872214317322,0.9224625825881958,0.4213183522224426,0.8308992659314188,0.23639452457427979,0.1340404748916626,0.48258310556411743,0.8848258256912231,0.44255051016807556,0.23089785873889923,0.13051697611808777,0.45606231689453125,0.9512888789176941,0.40956586599349976
75,0.83041180815371,0.22798828780651093,0.12866070866584778,0.46398529410362244,0.923058807849884,0.4209306240081787,0.83041180815371,0.23639307916164398,0.13403955101966858,0.4820520579814911,0.885726809501648,0.44187691807746887,0.23089785873889923,0.13051697611808777,0.45606231689453125,0.9512888789176941,0.40956586599349976
76,0.830281467487056,0.22801057994365692,0.12867490947246552,0.4636640250682831,0.9236916303634644,0.4205179214477539,0.830281467487056,0.23639045655727386,0.13403786718845367,0.48152872920036316,0.8866088390350342,0.4412137567996979,0.23089785873889923,0.13051697611808777,0.45606231689453125,0.9512888789176941,0.40956586599349976
77,0.8307116597773911,0.22802188992500305,0.12868212163448334,0.46333548426628113,0.9243118762969971,0.4201000928878784,0.8307116597773911,0.2363855391740799,0.13403470814228058,0.4810481071472168,0.8874066472053528,0.44060584902763367,0.23089785873889923,0.13051697611808777,0.45606231689453125,0.9512888789176941,0.40956586599349976
78,0.8307829721094053,0.2280362993478775,0.12869128584861755,0.4630611836910248,0.9248607754707336,0.4197486340999603,0.8307829721094053,0.23637978732585907,0.1340309977531433,0.4805948734283447,0.8881533145904541,0.4400332272052765,0.23089785873889923,0.13051697611808777,0.45606231689453125,0.9512888789176941,0.40956586599349976
79,0.8305254665805712,0.22805798053741455,0.12870509922504425,0.46282702684402466,0.925359308719635,0.41944482922554016,0.8305254665805712,0.23637394607067108,0.13402724266052246,0.48014307022094727,0.8888970613479614,0.43946242332458496,0.23089785873889923,0.13051697611808777,0.45606231689453125,0.9512888789176941,0.40956586599349976
80,0.8308989565430833,0.22807414829730988,0.1287154108285904,0.4625987708568573,0.9258499145507812,0.41914981603622437,0.8308989565430833,0.23636563122272491,0.13402189314365387,0.4796833097934723,0.8896422982215881,0.4388827383518219,0.23089785873889923,0.13051697611808777,0.45606231689453125,0.9512888789176941,0.40956586599349976
81,0.83084965843492,0.22808851301670074,0.12872454524040222,0.4623548090457916,0.9263538122177124,0.4188361167907715,0.83084965843492,0.23635944724082947,0.1340179294347763,0.47921380400657654,0.8904145359992981,0.43828967213630676,0.23089785873889923,0.13051697611808777,0.45606231689453125,0.9512888789176941,0.40956586599349976
82,0.8306701375455121,0.22810325026512146,0.12873394787311554,0.46209290623664856,0.9268779754638672,0.41850021481513977,0.8306701375455121,0.23635420203208923,0.1340145468711853,0.4787513017654419,0.8911793231964111,0.43770501017570496,0.23089785873889923,0.13051697611808777,0.45606231689453125,0.9512888789176941,0.40956586599349976
83,0.8308233362836297,0.22811493277549744,0.12874138355255127,0.4618384540081024,0.9273838996887207,0.4181748032569885,0.8308233362836297,0.23635052144527435,0.13401217758655548,0.47830164432525635,0.8919299840927124,0.4371359050273895,0.23089785873889923,0.13051697611808777,0.45606231689453125,0.9512888789176941,0.40956586599349976
84,0.8309169656240974,0.2281244993209839,0.12874746322631836,0.4615931808948517,0.9278675317764282,0.4178616404533386,0.8309169656240974,0.23634526133537292,0.13400879502296448,0.47785887122154236,0.892660915851593,0.43657630681991577,0.23089785873889923,0.13051697611808777,0.45606231689453125,0.9512888789176941,0.40956586599349976
85,0.8304239159979424,0.22814324498176575,0.12875942885875702,0.46135658025741577,0.9283518195152283,0.4175563156604767,0.8304239159979424,0.23634083569049835,0.13400596380233765,0.47741469740867615,0.8933984637260437,0.4360145032405853,0.23089785873889923,0.13051697611808777,0.45606231689453125,0.9512888789176941,0.40956586599349976
86,0.8308530467162822,0.22815224528312683,0.12876513600349426,0.46110430359840393,0.9288421273231506,0.4172348082065582,0.8308530467162822,0.23633545637130737,0.13400250673294067,0.47699010372161865,0.8940976858139038,0.4354780912399292,0.23089785873889923,0.13051697611808777,0.45606231689453125,0.9512888789176941,0.40956586599349976
87,0.8306101999723251,0.22816653549671173,0.1287742555141449,0.46087169647216797,0.929310142993927,0.41693606972694397,0.8306101999723251,0.2363276183605194,0.13399745523929596,0.47660014033317566,0.8947254419326782,0.43498682975769043,0.23089785873889923,0.13051697611808777,0.45606231689453125,0.9512888789176941,0.40956586599349976
88,0.8306153950493536,0.2281852513551712,0.12878617644309998,0.46068820357322693,0.9297184944152832,0.4166967272758484,0.8306153950493536,0.23631808161735535,0.1339913308620453,0.4762727618217468,0.8952378034591675,0.4345758855342865,0.23089785873889923,0.13051697611808777,0.45606231689453125,0.9512888789176941,0.40956586599349976
89,0.8309093472455943,0.2282065749168396,0.12879975140094757,0.46057096123695374,0.9300481081008911,0.4165383279323578,0.8309093472455943,0.23631282150745392,0.13398794829845428,0.47588881850242615,0.8958680033683777,0.4340910315513611,0.23089785873889923,0.13051697611808777,0.45606231689453125,0.9512888789176941,0.40956586599349976
90,0.8307073859361667,0.22822050750255585,0.1288086324930191,0.46037325263023376,0.930461049079895,0.4162832796573639,0.8307073859361667,0.23631136119365692,0.13398700952529907,0.4754865765571594,0.8965482711791992,0.43358105421066284,0.23089785873889923,0.13051697611808777,0.45606231689453125,0.9512888789176941,0.40956586599349976
91,0.8306212732411962,0.22823138535022736,0.12881557643413544,0.4601344168186188,0.9309238791465759,0.4159782826900482,0.8306212732411962,0.23630960285663605,0.13398587703704834,0.475098580121994,0.897202730178833,0.4330892860889435,0.23089785873889923,0.13051697611808777,0.45606231689453125,0.9512888789176941,0.40956586599349976
92,0.830734883806649,0.22824139893054962,0.1288219541311264,0.45990926027297974,0.9313672184944153,0.415690541267395,0.830734883806649,0.2363058626651764,0.13398346304893494,0.4747639298439026,0.8977560997009277,0.43266627192497253,0.23089785873889923,0.13051697611808777,0.45606231689453125,0.9512888789176941,0.40956586599349976
93,0.8306182618501223,0.2282598614692688,0.12883371114730835,0.4597507119178772,0.9317342042922974,0.41548246145248413,0.8306182618501223,0.23630328476428986,0.1339818239212036,0.4744804799556732,0.8982278108596802,0.4323076605796814,0.23089785873889923,0.13051697611808777,0.45606231689453125,0.9512888789176941,0.40956586599349976
94,0.8306991702137188,0.2282838374376297,0.12884899973869324,0.4596710503101349,0.931999683380127,0.41537052392959595,0.8306991702137188,0.23629020154476166,0.1339734047651291,0.4743025004863739,0.8984668254852295,0.4320881962776184,0.23089785873889923,0.13051697611808777,0.45606231689453125,0.9512888789176941,0.40956586599349976
95,0.8313632448725166,0.2282906472682953,0.12885332107543945,0.45972323417663574,0.9319426417350769,0.41543275117874146,0.8313632448725166,0.2362903356552124,0.13397347927093506,0.473889023065567,0.899174153804779,0.4315631687641144,0.23089785873889923,0.13051697611808777,0.45606231689453125,0.9512888789176941,0.40956586599349976
96,0.8306760130754036,0.22828759253025055,0.12885136902332306,0.4594156742095947,0.9324482679367065,0.4150485098361969,0.8306760130754036,0.23628275096416473,0.13396860659122467,0.47337615489959717,0.9000128507614136,0.4309157729148865,0.23089785873889923,0.13051697611808777,0.45606231689453125,0.9512888789176941,0.40956586599349976
97,0.8311626880392078,0.22825020551681519,0.12882757186889648,0.45895370841026306,0.9330454468727112,0.4144870638847351,0.8311626880392078,0.23627182841300964,0.13396158814430237,0.47284993529319763,0.90085768699646,0.43025311827659607,0.23089785873889923,0.13051697611808777,0.45606231689453125,0.9512888789176941,0.40956586599349976
98,0.8316116480822736,0.22819657623767853,0.1287933886051178,0.45844608545303345,0.9336512684822083,0.41387584805488586,0.8316116480822736,0.23626771569252014,0.13395895063877106,0.47237396240234375,0.9016505479812622,0.42965084314346313,0.23089785873889923,0.13051697611808777,0.45606231689453125,0.9512888789176941,0.40956586599349976
99,0.8312508088850448,0.2281550168991089,0.12876692414283752,0.4579823613166809,0.9342278242111206,0.4133144021034241,0.8312508088850448,0.23626859486103058,0.13395950198173523,0.4719790518283844,0.9023297429084778,0.4291490614414215,0.23089785873889923,0.13051697611808777,0.45606231689453125,0.9512888789176941,0.40956586599349976
100,0.8309628028570744,0.2281298041343689,0.12875086069107056,0.4575987756252289,0.934745192527771,0.41284579038619995,0.8309628028570744,0.236273393034935,0.13396260142326355,0.4716719090938568,0.9028786420822144,0.4287566840648651,0.23089785873889923,0.13051697611808777,0.45606231689453125,0.9512888789176941,0.40956586599349976
101,0.8310511435926773,0.22811660170555115,0.12874245643615723,0.4573042392730713,0.9351879954338074,0.4124823808670044,0.8310511435926773,0.23628100752830505,0.13396748900413513,0.4714605212211609,0.9032779932022095,0.4284845292568207,0.23089785873889923,0.13051697611808777,0.45606231689453125,0.9512888789176941,0.40956586599349976
102,0.8309907355210137,0.2281130999326706,0.12874020636081696,0.45710432529449463,0.9355142116546631,0.4122330844402313,0.8309907355210137,0.23629073798656464,0.13397374749183655,0.47135183215141296,0.9035124778747559,0.42834168672561646,0.23089785873889923,0.13051697611808777,0.45606231689453125,0.9512888789176941,0.40956586599349976
103,0.8307501227530817,0.22812341153621674,0.12874679267406464,0.4569913148880005,0.9357550144195557,0.41208645701408386,0.8307501227530817,0.23630669713020325,0.13398399949073792,0.47136080265045166,0.9035770893096924,0.42834511399269104,0.23089785873889923,0.13051697611808777,0.45606231689453125,0.9512888789176941,0.40956586599349976
104,0.8309218257238169,0.22814005613327026,0.12875737249851227,0.45697447657585144,0.9358720779418945,0.4120570421218872,0.8309218257238169,0.23633413016796112,0.13400164246559143,0.47150078415870667,0.9034751057624817,0.4285092055797577,0.23089785873889923,0.13051697611808777,0.45606231689453125,0.9512888789176941,0.40956586599349976
105,0.8310797767125598,0.22816087305545807,0.128770649433136,0.4570336937904358,0.9358870387077332,0.4121207892894745,0.8310797767125598,0.23636896908283234,0.13402403891086578,0.47170501947402954,0.9033002853393555,0.428751140832901,0.23089785873889923,0.13051697611808777,0.45606231689453125,0.9512888789176941,0.40956586599349976
106,0.8311844696265107,0.22818076610565186,0.12878331542015076,0.45714589953422546,0.9358013272285461,0.41225165128707886,0.8311844696265107,0.2364058494567871,0.1340477615594864,0.47191834449768066,0.9031201004981995,0.42900362610816956,0.23089785873889923,0.13051697611808777,0.45606231689453125,0.9512888789176941,0.40956586599349976
107,0.8310473979492348,0.2282032072544098,0.12879762053489685,0.4572472870349884,0.935744047164917,0.4123678207397461,0.8310473979492348,0.23644007742404938,0.1340697705745697,0.4721118211746216,0.9029604196548462,0.42923223972320557,0.23089785873889923,0.13051697611808777,0.45606231689453125,0.9512888789176941,0.40956586599349976
108,0.831027830516648,0.22822466492652893,0.1288112848997116,0.4573718309402466,0.9356339573860168,0.4125138819217682,0.831027830516648,0.23646710813045502,0.13408716022968292,0.4722558259963989,0.9028492569923401,0.4294016361236572,0.23089785873889923,0.13051697611808777,0.45606231689453125,0.9512888789176941,0.40956586599349976
109,0.8309488940614126,0.22824524343013763,0.1288243979215622,0.45744788646698,0.935605525970459,0.4125993549823761,0.8309488940614126,0.23649020493030548,0.134102001786232,0.47233420610427856,0.9028305411338806,0.42948970198631287,0.23089785873889923,0.13051697611808777,0.45606231689453125,0.9512888789176941,0.40956586599349976
110,0.8311204034273134,0.22826074063777924,0.12883426249027252,0.45748278498649597,0.9356335401535034,0.4126352369785309,0.8311204034273134,0.23650403320789337,0.13411089777946472,0.4723445475101471,0.9028820395469666,0.4294959306716919,0.23089785873889923,0.13051697611808777,0.45606231689453125,0.9512888789176941,0.40956586599349976
111,0.8308435515717112,0.22827757894992828,0.1288450062274933,0.45748522877693176,0.9357126355171204,0.41263020038604736,0.8308435515717112,0.23651379346847534,0.13411718606948853,0.4722951352596283,0.9030154347419739,0.4294283390045166,0.23089785873889923,0.13051697611808777,0.45606231689453125,0.9512888789176941,0.40956586599349976
112,0.8307372725984038,0.22829215228557587,0.12885428965091705,0.4574452340602875,0.9358494281768799,0.4125731289386749,0.8307372725984038,0.236521914601326,0.13412240147590637,0.4722009301185608,0.9032173156738281,0.42930465936660767,0.23089785873889923,0.13051697611808777,0.45606231689453125,0.9512888789176941,0.40956586599349976
113,0.8308653589336251,0.22830167412757874,0.12886035442352295,0.45737195014953613,0.9360244274139404,0.41247645020484924,0.8308653589336251,0.23652909696102142,0.13412702083587646,0.4720563292503357,0.9035006165504456,0.42911747097969055,0.23089785873889923,0.13051697611808777,0.45606231689453125,0.9512888789176941,0.40956586599349976
114,0.8311662746198296,0.22830139100551605,0.12886019051074982,0.4572450518608093,0.9362545013427734,0.4123167097568512,0.8311662746198296,0.2365359663963318,0.13413144648075104,0.47188547253608704,0.903827428817749,0.42889708280563354,0.23089785873889923,0.13051697611808777,0.45606231689453125,0.9512888789176941,0.40956586599349976
115,0.8308207799116007,0.2283024936914444,0.12886087596416473,0.45708954334259033,0.9365237951278687,0.41212111711502075,0.8308207799116007,0.2365424484014511,0.13413560390472412,0.47170743346214294,0.9041646122932434,0.4286677837371826,0.23089785873889923,0.13051697611808777,0.45606231689453125,0.9512888789176941,0.40956586599349976
116,0.8309596045054508,0.22830049693584442,0.12885960936546326,0.4569259285926819,0.9367971420288086,0.411916583776474,0.8309596045054508,0.23654848337173462,0.13413949310779572,0.4715222120285034,0.9045118093490601,0.4284295439720154,0.23089785873889923,0.13051697611808777,0.45606231689453125,0.9512888789176941,0.40956586599349976
117,0.8309411978440661,0.22829769551753998,0.12885782122612,0.4567600190639496,0.9370682835578918,0.41170966625213623,0.8309411978440661,0.23655326664447784,0.13414256274700165,0.4713447093963623,0.9048395752906799,0.4282017648220062,0.23089785873889923,0.13051697611808777,0.45606231689453125,0.9512888789176941,0.40956586599349976
118,0.8308222692983944,0.22829757630825043,0.12885774672031403,0.4566000699996948,0.9373389482498169,0.41150906682014465,0.8308222692983944,0.23655974864959717,0.13414673507213593,0.47118818759918213,0.9051399230957031,0.4279997944831848,0.23089785873889923,0.13051697611808777,0.45606231689453125,0.9512888789176941,0.40956586599349976
119,0.8310993540703093,0.22829779982566833,0.12885789573192596,0.45647114515304565,0.9375737309455872,0.4113466441631317,0.8310993540703093,0.2365656942129135,0.13415054976940155,0.4710630476474762,0.9053839445114136,0.42783790826797485,0.23089785873889923,0.13051697611808777,0.45606231689453125,0.9512888789176941,0.40956586599349976
120,0.8309608177486062,0.22830025851726532,0.12885944545269012,0.4563639163970947,0.9377726316452026,0.4112107753753662,0.8309608177486062,0.23657190799713135,0.1341545432806015,0.47097399830818176,0.9055675268173218,0.42772170901298523,0.23089785873889923,0.13051697611808777,0.45606231689453125,0.9512888789176941,0.40956586599349976
121,0.830894003681998,0.22830893099308014,0.12886498868465424,0.4563046395778656,0.9379211068153381,0.41113197803497314,0.830894003681998,0.23657749593257904,0.1341581493616104,0.47092244029045105,0.9056838154792786,0.4276534616947174,0.23089785873889923,0.13051697611808777,0.45606231689453125,0.9512888789176941,0.40956586599349976
122,0.8307235285140708,0.22832253575325012,0.12887366116046906,0.45628443360328674,0.9380181431770325,0.41110023856163025,0.8307235285140708,0.2365829199552536,0.13416163623332977,0.47089868783950806,0.905751645565033,0.4276205897331238,0.23089785873889923,0.13051697611808777,0.45606231689453125,0.9512888789176941,0.40956586599349976
123,0.8309267736211201,0.2283387929201126,0.12888400256633759,0.45628732442855835,0.9381056427955627,0.411095529794693,0.8309267736211201,0.23658950626850128,0.13416586816310883,0.4709012508392334,0.9057803153991699,0.4276205599308014,0.23089785873889923,0.13051697611808777,0.45606231689453125,0.9512888789176941,0.40956586599349976
124,0.8308685150632364,0.2283562868833542,0.12889514863491058,0.45632246136665344,0.9381359815597534,0.41113096475601196,0.8308685150632364,0.23659588396549225,0.13416998088359833,0.47091493010520935,0.9057889580726624,0.42763471603393555,0.23089785873889923,0.13051697611808777,0.45606231689453125,0.9512888789176941,0.40956586599349976
125,0.8310267815892581,0.22837160527706146,0.12890493869781494,0.456359326839447,0.9381589889526367,0.4111694395542145,0.8310267815892581,0.23660211265087128,0.13417398929595947,0.4709281921386719,0.9057974219322205,0.42764848470687866,0.23089785873889923,0.13051697611808777,0.45606231689453125,0.9512888789176941,0.40956586599349976
126,0.8307342154019159,0.22839123010635376,0.1289174109697342,0.45639997720718384,0.9381859302520752,0.41121095418930054,0.8307342154019159,0.2366085648536682,0.13417813181877136,0.4709344208240509,0.9058191180229187,0.42765316367149353,0.23089785873889923,0.13051697611808777,0.45606231689453125,0.9512888789176941,0.40956586599349976
127,0.8308573390889427,0.22840772569179535,0.12892794609069824,0.45643487572669983,0.9382097721099854,0.41124671697616577,0.8308573390889427,0.23661468923091888,0.13418206572532654,0.47092682123184204,0.9058628082275391,0.42764046788215637,0.23089785873889923,0.13051697611808777,0.45606231689453125,0.9512888789176941,0.40956586599349976
128,0.8308121221980664,0.2284235656261444,0.12893801927566528,0.4564557373523712,0.9382535219192505,0.41126519441604614,0.8308121221980664,0.23661930859088898,0.1341850459575653,0.4709087610244751,0.9059169292449951,0.427615225315094,0.23089785873889923,0.13051697611808777,0.45606231689453125,0.9512888789176941,0.40956586599349976
129,0.8308980514378865,0.22843655943870544,0.12894630432128906,0.4564650356769562,0.9383049011230469,0.4112704396247864,0.8308980514378865,0.23662464320659637,0.1341884732246399,0.47089439630508423,0.9059683084487915,0.42759430408477783,0.23089785873889923,0.13051697611808777,0.45606231689453125,0.9512888789176941,0.40956586599349976
130,0.8309571249520327,0.22845104336738586,0.12895552814006805,0.4564838707447052,0.938353419303894,0.41128671169281006,0.8309571249520327,0.23663075268268585,0.13419240713119507,0.4708865284919739,0.9060124158859253,0.427581250667572,0.23089785873889923,0.13051697611808777,0.45606231689453125,0.9512888789176941,0.40956586599349976
131,0.8310926490393002,0.22846320271492004,0.12896329164505005,0.45650824904441833,0.9383836984634399,0.41131094098091125,0.8310926490393002,0.23663672804832458,0.1341962367296219,0.47088009119033813,0.9060533046722412,0.4275701344013214,0.23089785873889923,0.13051697611808777,0.45606231689453125,0.9512888789176941,0.40956586599349976
132,0.8309933071966473,0.22847720980644226,0.12897220253944397,0.4565300941467285,0.9384260177612305,0.4113311469554901,0.8309933071966473,0.236643448472023,0.1342005729675293,0.4708862900733948,0.9060764908790588,0.42757463455200195,0.23089785873889923,0.13051697611808777,0.45606231689453125,0.9512888789176941,0.40956586599349976
133,0.8310572565750156,0.22849063575267792,0.12898075580596924,0.4565662443637848,0.9384406208992004,0.4113696217536926,0.8310572565750156,0.23665058612823486,0.134205162525177,0.4708949327468872,0.9060974717140198,0.4275820553302765,0.23089785873889923,0.13051697611808777,0.45606231689453125,0.9512888789176941,0.40956586599349976
134,0.830766059260231,0.22850939631462097,0.1289927214384079,0.456607460975647,0.9384663701057434,0.4114120900630951,0.830766059260231,0.23665712773799896,0.13420936465263367,0.47091662883758545,0.9060931205749512,0.42760634422302246,0.23089785873889923,0.13051697611808777,0.45606231689453125,0.9512888789176941,0.40956586599349976
135,0.8308089554167896,0.22852808237075806,0.12900462746620178,0.4566601812839508,0.9384720921516418,0.41146910190582275,0.8308089554167896,0.23666511476039886,0.13421450555324554,0.47094541788101196,0.906083881855011,0.4276388883590698,0.23089785873889923,0.13051697611808777,0.45606231689453125,0.9512888789176941,0.40956586599349976
136,0.8309963761745397,0.22854532301425934,0.12901562452316284,0.45672833919525146,0.9384495615959167,0.41154593229293823,0.8309963761745397,0.23667274415493011,0.13421940803527832,0.4709712564945221,0.9060778617858887,0.42766791582107544,0.23089785873889923,0.13051697611808777,0.45606231689453125,0.9512888789176941,0.40956586599349976
137,0.830847345996385,0.22856387495994568,0.12902744114398956,0.4567863643169403,0.938447117805481,0.41160959005355835,0.830847345996385,0.23668067157268524,0.13422450423240662,0.4710015058517456,0.906065821647644,0.4277023673057556,0.23089785873889923,0.13051697611808777,0.45606231689453125,0.9512888789176941,0.40956586599349976
138,0.8307882901621572,0.228584423661232,0.12904055416584015,0.45685243606567383,0.9384403824806213,0.4116823673248291,0.8307882901621572,0.2366880625486374,0.13422925770282745,0.47101449966430664,0.9060806632041931,0.4277151823043823,0.23089785873889923,0.13051697611808777,0.45606231689453125,0.9512888789176941,0.40956586599349976
139,0.830975592797868,0.2285999208688736,0.12905040383338928,0.456895112991333,0.9384540915489197,0.41172805428504944,0.830975592797868,0.23669423162937164,0.1342332363128662,0.47100329399108887,0.9061307907104492,0.4276978671550751,0.23089785873889923,0.13051697611808777,0.45606231689453125,0.9512888789176941,0.40956586599349976
140,0.8308061898775407,0.22861608862876892,0.12906073033809662,0.45692044496536255,0.9384962916374207,0.41175174713134766,0.8308061898775407,0.23669816553592682,0.13423576951026917,0.4709608554840088,0.9062232375144958,0.42764198780059814,0.23089785873889923,0.13051697611808777,0.45606231689453125,0.9512888789176941,0.40956586599349976
141,0.8309949627422727,0.22862482070922852,0.12906628847122192,0.45690879225730896,0.9385672807693481,0.41173264384269714,0.8309949627422727,0.23670178651809692,0.1342380940914154,0.47090262174606323,0.9063411355018616,0.4275662302970886,0.23089785873889923,0.13051697611808777,0.45606231689453125,0.9512888789176941,0.40956586599349976
142,0.8310819946155505,0.22863245010375977,0.12907114624977112,0.45688799023628235,0.9386535286903381,0.41170230507850647,0.8310819946155505,0.23670600354671478,0.13424080610275269,0.4708482027053833,0.9064555764198303,0.42749500274658203,0.23089785873889923,0.13051697611808777,0.45606231689453125,0.9512888789176941,0.40956586599349976
143,0.830743503362533,0.22864393889904022,0.1290784776210785,0.45687606930732727,0.9387303590774536,0.41168177127838135,0.830743503362533,0.23671109974384308,0.13424408435821533,0.4708194136619568,0.9065303802490234,0.42745593190193176,0.23089785873889923,0.13051697611808777,0.45606231689453125,0.9512888789176941,0.40956586599349976
144,0.8309969618831117,0.22865617275238037,0.12908625602722168,0.4568871855735779,0.9387839436531067,0.41168931126594543,0.8309969618831117,0.23671667277812958,0.13424766063690186,0.47081610560417175,0.9065640568733215,0.42744892835617065,0.23089785873889923,0.13051697611808777,0.45606231689453125,0.9512888789176941,0.40956586599349976
145,0.8307424674539208,0.2286706119775772,0.12909547984600067,0.4569142460823059,0.9388073682785034,0.41171640157699585,0.8307424674539208,0.23672251403331757,0.1342514306306839,0.47081583738327026,0.9065937995910645,0.4274456799030304,0.23089785873889923,0.13051697611808777,0.45606231689453125,0.9512888789176941,0.40956586599349976
146,0.8308960235357938,0.22868505120277405,0.12910467386245728,0.45695266127586365,0.9388188719749451,0.41175734996795654,0.8308960235357938,0.23672831058502197,0.13425515592098236,0.4708106517791748,0.9066317081451416,0.4274362027645111,0.23089785873889923,0.13051697611808777,0.45606231689453125,0.9512888789176941,0.40956586599349976
147,0.8306557465044199,0.22870340943336487,0.12911640107631683,0.45699381828308105,0.9388399124145508,0.4118001163005829,0.8306557465044199,0.23673409223556519,0.13425886631011963,0.4708060622215271,0.9066686034202576,0.4274275004863739,0.23089785873889923,0.13051697611808777,0.45606231689453125,0.9512888789176941,0.40956586599349976
148,0.8308769486048314,0.22871941328048706,0.12912657856941223,0.45703861117362976,0.938849687576294,0.4118483364582062,0.8308769486048314,0.23674070835113525,0.13426312804222107,0.47080686688423157,0.9067004323005676,0.42742520570755005,0.23089785873889923,0.13051697611808777,0.45606231689453125,0.9512888789176941,0.40956586599349976
149,0.8308387276520619,0.22873379290103912,0.12913575768470764,0.4570750892162323,0.9388614892959595,0.4118870496749878,0.8308387276520619,0.23674726486206055,0.13426734507083893,0.47081002593040466,0.9067279100418091,0.42742595076560974,0.23089785873889923,0.13051697611808777,0.45606231689453125,0.9512888789176941,0.40956586599349976
150,0.8308391033216199,0.22874966263771057,0.12914586067199707,0.45711472630500793,0.9388793110847473,0.41192877292633057,0.8308391033216199,0.23675334453582764,0.13427124917507172,0.4708103835582733,0.9067578315734863,0.427423357963562,0.23089785873889923,0.13051697611808777,0.45606231689453125,0.9512888789176941,0.40956586599349976
151,0.830697738780599,0.22876742482185364,0.1291572004556656,0.45715928077697754,0.9388932585716248,0.41197603940963745,0.830697738780599,0.23675605654716492,0.1342730075120926,0.4707706868648529,0.9068394899368286,0.4273715913295746,0.23089785873889923,0.13051697611808777,0.45606231689453125,0.9512888789176941,0.40956586599349976
152,0.8306831775227426,0.22878053784370422,0.12916554510593414,0.4571675956249237,0.9389423727989197,0.41198018193244934,0.8306831775227426,0.23675867915153503,0.1342746913433075,0.4707053303718567,0.9069646596908569,0.4272872507572174,0.23089785873889923,0.13051697611808777,0.45606231689453125,0.9512888789176941,0.40956586599349976
153,0.8307705986976966,0.22879080474376678,0.12917210161685944,0.45715662837028503,0.9390135407447815,0.4119613766670227,0.8307705986976966,0.23676051199436188,0.1342758685350418,0.47060468792915344,0.9071462750434875,0.42715853452682495,0.23089785873889923,0.13051697611808777,0.45606231689453125,0.9512888789176941,0.40956586599349976
154,0.8308528800585078,0.22879770398139954,0.12917649745941162,0.4571102559566498,0.9391337037086487,0.41189953684806824,0.8308528800585078,0.23676182329654694,0.13427670300006866,0.4704839289188385,0.907359778881073,0.42700451612472534,0.23089785873889923,0.13051697611808777,0.45606231689453125,0.9512888789176941,0.40956586599349976
155,0.8307674668479722,0.2288009226322174,0.12917853891849518,0.4570382535457611,0.9392714500427246,0.41180768609046936,0.8307674668479722,0.23676292598247528,0.13427741825580597,0.4703626036643982,0.9075732231140137,0.4268498420715332,0.23089785873889923,0.13051697611808777,0.45606231689453125,0.9512888789176941,0.40956586599349976
156,0.8306808342206831,0.22880500555038452,0.1291811466217041,0.456968754529953,0.9394060969352722,0.4117186367511749,0.8306808342206831,0.2367652952671051,0.13427895307540894,0.47026410698890686,0.9077538847923279,0.4267235994338989,0.23089785873889923,0.13051697611808777,0.45606231689453125,0.9512888789176941,0.40956586599349976
157,0.8305160124329651,0.22881682217121124,0.129188671708107,0.45692017674446106,0.9395486116409302,0.41165196895599365,0.8305160124329651,0.23676703870296478,0.13428007066249847,0.4701918959617615,0.9078864455223083,0.42663100361824036,0.23089785873889923,0.13051697611808777,0.45606231689453125,0.9512888789176941,0.40956586599349976
158,0.830571922021921,0.22882932424545288,0.1291966587305069,0.4569103419780731,0.9396246671676636,0.41163361072540283,0.830571922021921,0.2367721050977707,0.13428331911563873,0.47016531229019165,0.9079573750495911,0.42659470438957214,0.23089785873889923,0.13051697611808777,0.45606231689453125,0.9512888789176941,0.40956586599349976
159,0.8308929209474196,0.22884224355220795,0.1292048841714859,0.4569334089756012,0.939658522605896,0.4116559624671936,0.8308929209474196,0.23677845299243927,0.13428740203380585,0.4701639711856842,0.9079915881156921,0.42658981680870056,0.23089785873889923,0.13051697611808777,0.45606231689453125,0.9512888789176941,0.40956586599349976
160,0.8308807235293555,0.22885528206825256,0.12921319901943207,0.4569721221923828,0.9396625757217407,0.41169795393943787,0.8308807235293555,0.23678672313690186,0.13429272174835205,0.47017702460289,0.9080107808113098,0.4266022741794586,0.23089785873889923,0.13051697611808777,0.45606231689453125,0.9512888789176941,0.40956586599349976
161,0.830856477997834,0.22886942327022552,0.12922222912311554,0.4570271074771881,0.9396415948867798,0.4117600619792938,0.830856477997834,0.2367953658103943,0.13429829478263855,0.4701925814151764,0.9080275893211365,0.42661768198013306,0.23089785873889923,0.13051697611808777,0.45606231689453125,0.9512888789176941,0.40956586599349976
162,0.8310547381943685,0.22888410091400146,0.12923157215118408,0.4570840001106262,0.939632773399353,0.41182368993759155,0.8310547381943685,0.2368030846118927,0.1343032568693161,0.4701955020427704,0.9080613255500793,0.4266175627708435,0.23089785873889923,0.13051697611808777,0.45606231689453125,0.9512888789176941,0.40956586599349976
163,0.8306904917859362,0.22890006005764008,0.12924174964427948,0.4571339786052704,0.9396265149116516,0.4118787348270416,0.8306904917859362,0.23680652678012848,0.13430547714233398,0.4701322317123413,0.9081870913505554,0.4265354573726654,0.23089785873889923,0.13051697611808777,0.45606231689453125,0.9512888789176941,0.40956586599349976
164,0.8308333266996024,0.22890980541706085,0.12924796342849731,0.4571264088153839,0.9396942257881165,0.4118642508983612,0.8308333266996024,0.23680706322193146,0.13430581986904144,0.47001656889915466,0.9083880186080933,0.42638829350471497,0.23089785873889923,0.13051697611808777,0.45606231689453125,0.9512888789176941,0.40956586599349976
165,0.8306260144468263,0.22891652584075928,0.12925224006175995,0.45706984400749207,0.9398237466812134,0.41179004311561584,0.8306260144468263,0.23680785298347473,0.13430632650852203,0.46987882256507874,0.9086281061172485,0.42621296644210815,0.23089785873889923,0.13051697611808777,0.45606231689453125,0.9512888789176941,0.40956586599349976
166,0.8304796995371047,0.22892151772975922,0.12925544381141663,0.4569900929927826,0.9399774670600891,0.41168779134750366,0.8304796995371047,0.2368091195821762,0.1343071311712265,0.4697370231151581,0.908877432346344,0.4260322153568268,0.23089785873889923,0.13051697611808777,0.45606231689453125,0.9512888789176941,0.40956586599349976
167,0.8309616020019038,0.22891972959041595,0.1292542964220047,0.4569087624549866,0.9401106834411621,0.4115864336490631,0.8309616020019038,0.2368108183145523,0.13430823385715485,0.469590961933136,0.9091363549232483,0.4258458614349365,0.23089785873889923,0.13051697611808777,0.45606231689453125,0.9512888789176941,0.40956586599349976
168,0.8309660791678091,0.228917196393013,0.12925265729427338,0.45681342482566833,0.940265953540802,0.4114677608013153,0.8309660791678091,0.2368115782737732,0.13430872559547424,0.46946051716804504,0.9093638062477112,0.4256798028945923,0.23089785873889923,0.13051697611808777,0.45606231689453125,0.9512888789176941,0.40956586599349976
169,0.830721223788121,0.22891861200332642,0.1292535811662674,0.4567301571369171,0.9404140114784241,0.4113626182079315,0.830721223788121,0.23681232333183289,0.13430920243263245,0.46934980154037476,0.9095573425292969,0.4255388081073761,0.23089785873889923,0.13051697611808777,0.45606231689453125,0.9512888789176941,0.40956586599349976
170,0.8308716357546923,0.22892026603221893,0.12925463914871216,0.4566679000854492,0.940531313419342,0.4112835228443146,0.8308716357546923,0.2368137687444687,0.13431012630462646,0.46926718950271606,0.909706175327301,0.4254331588745117,0.23089785873889923,0.13051697611808777,0.45606231689453125,0.9512888789176941,0.40956586599349976
171,0.8308267750724055,0.22892509400844574,0.1292577087879181,0.456633985042572,0.940615177154541,0.41123855113983154,0.8308267750724055,0.23681527376174927,0.13431109488010406,0.4692063331604004,0.9098180532455444,0.42535510659217834,0.23089785873889923,0.13051697611808777,0.45606231689453125,0.9512888789176941,0.40956586599349976
172,0.8308966430129434,0.22893118858337402,0.12926159799098969,0.45661717653274536,0.9406788349151611,0.41121432185173035,0.8308966430129434,0.23681901395320892,0.13431349396705627,0.46916618943214417,0.909905731678009,0.4253022372722626,0.23089785873889923,0.13051697611808777,0.45606231689453125,0.9512888789176941,0.40956586599349976
173,0.8310572786620234,0.22893914580345154,0.1292666643857956,0.4566270112991333,0.9407128095626831,0.41122233867645264,0.8310572786620234,0.2368229478597641,0.13431604206562042,0.46914246678352356,0.909966230392456,0.425270140171051,0.23089785873889923,0.13051697611808777,0.45606231689453125,0.9512888789176941,0.40956586599349976
174,0.8305719587865195,0.22895227372646332,0.12927505373954773,0.4566507041454315,0.9407334923744202,0.4112458825111389,0.8305719587865195,0.2368285357952118,0.13431963324546814,0.4691484272480011,0.9099841117858887,0.42527490854263306,0.23089785873889923,0.13051697611808777,0.45606231689453125,0.9512888789176941,0.40956586599349976
175,0.8308454716920963,0.2289634495973587,0.1292821764945984,0.45668932795524597,0.9407248497009277,0.4112888276576996,0.8308454716920963,0.23683808743953705,0.13432577252388,0.4691837430000305,0.9099716544151306,0.4253149926662445,0.23089785873889923,0.13051697611808777,0.45606231689453125,0.9512888789176941,0.40956586599349976
176,0.8307764930443564,0.22897878289222717,0.12929193675518036,0.4567538797855377,0.9406934976577759,0.41136229038238525,0.8307764930443564,0.236848384141922,0.13433238863945007,0.469224214553833,0.9099540710449219,0.4253612458705902,0.23089785873889923,0.13051697611808777,0.45606231689453125,0.9512888789176941,0.40956586599349976
177,0.8308583970995248,0.22899234294891357,0.1293005794286728,0.45681798458099365,0.9406538605690002,0.4114361107349396,0.8308583970995248,0.23685762286186218,0.1343383491039276,0.46925708651542664,0.9099442362785339,0.4253983497619629,0.23089785873889923,0.13051697611808777,0.45606231689453125,0.9512888789176941,0.40956586599349976
178,0.8306673669269512,0.22900845110416412,0.12931087613105774,0.4568781852722168,0.9406316876411438,0.4115038812160492,0.8306673669269512,0.23686422407627106,0.13434258103370667,0.46927332878112793,0.9099496603012085,0.42541566491127014,0.23089785873889923,0.13051697611808777,0.45606231689453125,0.9512888789176941,0.40956586599349976
179,0.83067069280446,0.2290223389863968,0.12931972742080688,0.45691969990730286,0.9406298995018005,0.41154924035072327,0.83067069280446,0.23686951398849487,0.13434599339962006,0.4692685306072235,0.9099844694137573,0.42540693283081055,0.23089785873889923,0.13051697611808777,0.45606231689453125,0.9512888789176941,0.40956586599349976
180,0.8307347354066821,0.22903482615947723,0.1293276846408844,0.456950306892395,0.9406420588493347,0.41158154606819153,0.8307347354066821,0.2368745058774948,0.13434919714927673,0.46925851702690125,0.9100267887115479,0.42539170384407043,0.23089785873889923,0.13051697611808777,0.45606231689453125,0.9512888789176941,0.40956586599349976
181,0.8309595091739135,0.22904452681541443,0.12933386862277985,0.4569728970527649,0.9406604766845703,0.4116048216819763,0.8309595091739135,0.23687884211540222,0.13435199856758118,0.46924251317977905,0.9100760817527771,0.4253692030906677,0.23089785873889923,0.13051697611808777,0.45606231689453125,0.9512888789176941,0.40956586599349976
182,0.8306805892636833,0.22905580699443817,0.12934106588363647,0.45698872208595276,0.9406906366348267,0.4116191267967224,0.8306805892636833,0.2368834763765335,0.13435496389865875,0.4692349135875702,0.9101124405860901,0.42535722255706787,0.23089785873889923,0.13051697611808777,0.45606231689453125,0.9512888789176941,0.40956586599349976
183,0.8308246567230865,0.22906659543514252,0.12934795022010803,0.45701664686203003,0.9407005310058594,0.41164880990982056,0.8308246567230865,0.2368912398815155,0.13435997068881989,0.46924397349357605,0.9101359844207764,0.42536482214927673,0.23089785873889923,0.13051697611808777,0.45606231689453125,0.9512888789176941,0.40956586599349976
184,0.8309635524886994,0.22907759249210358,0.12935495376586914,0.45705413818359375,0.9407002925872803,0.4116901457309723,0.8309635524886994,0.23689749836921692,0.13436400890350342,0.46924030780792236,0.9101738333702087,0.42535704374313354,0.23089785873889923,0.13051697611808777,0.45606231689453125,0.9512888789176941,0.40956586599349976
185,0.8303419860476227,0.2290915697813034,0.12936387956142426,0.4570807218551636,0.9407133460044861,0.4117172062397003,0.8303419860476227,0.23690271377563477,0.13436734676361084,0.46922630071640015,0.9102240204811096,0.42533665895462036,0.23089785873889923,0.13051697611808777,0.45606231689453125,0.9512888789176941,0.40956586599349976
186,0.8308176356953154,0.22910082340240479,0.12936976552009583,0.4570939838886261,0.940740168094635,0.41172921657562256,0.8308176356953154,0.23690901696681976,0.13437141478061676,0.4692069888114929,0.9102889895439148,0.4253089427947998,0.23089785873889923,0.13051697611808777,0.45606231689453125,0.9512888789176941,0.40956586599349976
187,0.8310300416214897,0.22910934686660767,0.12937520444393158,0.4571014940738678,0.940783679485321,0.4117339253425598,0.8310300416214897,0.23691457509994507,0.13437499105930328,0.4691641330718994,0.9103904366493225,0.4252517521381378,0.23089785873889923,0.13051697611808777,0.45606231689453125,0.9512888789176941,0.40956586599349976
188,0.8309254731467475,0.22911596298217773,0.12937943637371063,0.4570886492729187,0.9408478140830994,0.41171422600746155,0.8309254731467475,0.23692288994789124,0.13438034057617188,0.46913182735443115,0.910487711429596,0.4252065420150757,0.23089785873889923,0.13051697611808777,0.45606231689453125,0.9512888789176941,0.40956586599349976
189,0.8305935687161563,0.22912639379501343,0.1293860822916031,0.45708441734313965,0.9409081339836121,0.41170379519462585,0.8305935687161563,0.23693418502807617,0.13438759744167328,0.46911296248435974,0.9105768799781799,0.4251769185066223,0.23089785873889923,0.13051697611808777,0.45606231689453125,0.9512888789176941,0.40956586599349976
190,0.8306739443124944,0.2291354238986969,0.1293918341398239,0.4570779502391815,0.9409658908843994,0.41169121861457825,0.8306739443124944,0.23695029318332672,0.1343979686498642,0.4691181182861328,0.9106492400169373,0.42517539858818054,0.23089785873889923,0.13051697611808777,0.45606231689453125,0.9512888789176941,0.40956586599349976
191,0.8306531264324655,0.2291451096534729,0.12939800322055817,0.4570837914943695,0.9410040378570557,0.41169387102127075,0.8306531264324655,0.23697121441364288,0.13441143929958344,0.46914732456207275,0.9107045531272888,0.42520198225975037,0.23089785873889923,0.13051697611808777,0.45606231689453125,0.9512888789176941,0.40956586599349976
192,0.8306670558764321,0.22915607690811157,0.12940500676631927,0.4570992887020111,0.9410330653190613,0.41170793771743774,0.8306670558764321,0.23698973655700684,0.13442334532737732,0.46915602684020996,0.9107829332351685,0.42520374059677124,0.23089785873889923,0.13051697611808777,0.45606231689453125,0.9512888789176941,0.40956586599349976
193,0.8306824321587802,0.22916477918624878,0.12941056489944458,0.4570959806442261,0.9410836696624756,0.411699503660202,0.8306824321587802,0.23700189590454102,0.1344311684370041,0.469119131565094,0.9109073877334595,0.4251508116722107,0.23089785873889923,0.13051697611808777,0.45606231689453125,0.9512888789176941,0.40956586599349976
194,0.8308787069740158,0.22916950285434723,0.12941357493400574,0.4570688009262085,0.9411605000495911,0.4116628170013428,0.8308787069740158,0.2370147556066513,0.13443945348262787,0.4690949618816376,0.9110137224197388,0.42511364817619324,0.23089785873889923,0.13051697611808777,0.45606231689453125,0.9512888789176941,0.40956586599349976
195,0.8306660349911504,0.229177325963974,0.12941858172416687,0.4570489525794983,0.9412365555763245,0.41163399815559387,0.8306660349911504,0.23703280091285706,0.13445106148719788,0.4691101312637329,0.9110785126686096,0.4251239001750946,0.23089785873889923,0.13051697611808777,0.45606231689453125,0.9512888789176941,0.40956586599349976
196,0.8305000378622257,0.2291877269744873,0.12942521274089813,0.4570511281490326,0.941281259059906,0.41163182258605957,0.8305000378622257,0.23704929649829865,0.1344616711139679,0.4691089391708374,0.9111636877059937,0.42511409521102905,0.23089785873889923,0.13051697611808777,0.45606231689453125,0.9512888789176941,0.40956586599349976
197,0.8305565089307351,0.22919712960720062,0.12943120300769806,0.4570399522781372,0.941347599029541,0.4116131663322449,0.8305565089307351,0.2370651215314865,0.1344718486070633,0.4691241383552551,0.9112172722816467,0.42512547969818115,0.23089785873889923,0.13051697611808777,0.45606231689453125,0.9512888789176941,0.40956586599349976
198,0.8307416940504779,0.22920462489128113,0.1294359713792801,0.4570351243019104,0.9413958191871643,0.4116033613681793,0.8307416940504779,0.23708561062812805,0.13448503613471985,0.469172865152359,0.9112368822097778,0.42517709732055664,0.23089785873889923,0.13051697611808777,0.45606231689453125,0.9512888789176941,0.40956586599349976
199,0.8306196620526769,0.22921685874462128,0.12944377958774567,0.4570566415786743,0.9414228796958923,0.41162431240081787,0.8306196620526769,0.23710472881793976,0.13449732959270477,0.46923723816871643,0.9112225770950317,0.425249308347702,0.23089785873889923,0.13051697611808777,0.45606231689453125,0.9512888789176941,0.40956586599349976
